14.7676286028
1.68659477529
14.5803628816
1.65308820396
14.3764586865
0.4225563882
0.380834006552
17.1551494845
0.603875479242
12.3614495926
4.33772790011
6.6844462083
2.19878050663
14.9534871514
9.72403506006
8.33524564269
0.852124996738
5.99539658906
25.2038278759
3.45322294062
20.6495186653
2.12268576617
3.31971396752
3.7848985926
22.0133208906
24.2728307996
4.31404989387
34.3038484116
9.49993640083
7.25354466946
4.48492638818
2.41400009108
21.3585488032
7.27711364621
1.6766188022
8.13925596102
3.48291828076
7.27168150181
3.24096380821
5.73074816102
5.49060516642
11.9944730977
28.2549958261
3.13079423658
3.35243202384
31.991078787
18.2407432279
36.0811722675
3.9062794641
13.4755935831
8.30994842644
1.77971267964
12.5730952949
13.7711429944
36.5392111776
25.2985791712
8.16337979904
13.5951907693
0.335097285748
26.4374618558
2.12022643906
9.61971402082
6.37696967969
19.2284326891
41.3103241845
0.263766562602
9.16338003843
21.4537057744
62.2794642388
26.360312677
4.79531528247
27.9444585115
19.5157197355
32.8119054656
23.5827373043
2.41993465652
3.13329902922
10.9517469804
30.1412382745
20.7858560434
5.81740634652
34.8896943269
13.5456457902
28.343670777
5.86084922359
5.80654017828
12.493921932
7.43602243644
21.4218955634
9.03080266535
81.900459326
6.52619927151
53.7079547143
19.9676216948
3.6984591377
4.33030248511
5.34637260068
17.287337944
2.6894430161
2.48835515035
14.3511931711
3.11309970519
3.56609744972
3.80755461674
2.69701888021
2.58370698352
0.986657303566
29.2107241158
78.0059410342
13.7767053332
1.70894150851
29.9010281198
0.0642121654286
5.8195672941
7.53335670916
2.88076967199
19.2742523223
16.4005134217
13.3127260251
2.10433750246
10.0449923266
6.17578994842
12.035615287
3.11234667674
18.2884632486
3.95370468309
0.416591733201
5.1999452516
16.5303150885
23.3352891127
12.9244227922
10.1849361893
7.18695923115
6.59040456504
5.1295249245
0.100849740408
2.07795021207
18.2632972369
9.41101802221
3.79462838199
11.7128768192
7.30320363786
17.1447282528
11.1466407294
7.66598056289
39.8120473961
38.3334747028
37.1518445643
8.61773029111
10.7461632739
9.60872056379
6.43976249432
4.65154628085
0.403204430476
23.0995645446
8.66052813813
24.8842330424
8.52236835611
22.8032346898
0.301057693171
45.97378874
8.43008167322
11.1449069278
5.08860632979
9.06191406014
12.726217399
5.4791430549
6.87836653109
1.73836300487
6.02923696003
9.37047953588
8.83897946575
12.649114395
0.678263121584
30.0527938464
18.2474429252
8.65459813305
20.3100983152
25.0612267875
15.3262420745
14.0454126204
1.16604648
3.33764402073
31.8330630115
4.50371087466
29.778232666
11.9795777664
42.5407565061
11.2056424103
11.5119027756
15.0875873351
16.9758606893
18.2657712788
12.9419892188
10.3014544735
4.06403574917
7.50165104017
0.399582566632
16.4555224437
7.09359832105
3.9743103089
11.8068241478
5.87759035727
8.05358820123
0.906801382594
27.7791618321
23.4076613897
22.3321998936
5.31986379607
46.4969308095
3.99060647848
18.2524005527
0.956473710515
16.1463680811
3.80202382208
1.45340488063
49.3525721833
5.21584022682
2.74211692183
61.3817556828
0.119897263147
1.90603472479
19.423804356
5.84235261
3.94311809606
53.8560075492
11.512579193
9.8026686253
6.1139621763
1.45032111609
26.732618531
5.85898645428
6.66462102771
4.74398718045
5.99792065015
12.2611026369
6.90897807395
13.6893985689
8.22009804339
17.6416658565
19.4046772964
41.5832956798
13.9105933508
1.44388595619
1.16479083298
22.2129937127
5.50400260305
34.4371084548
31.905252007
1.07498885603
7.12866820794
5.39985307411
1.28763442651
1.70280467293
13.8899074012
2.40035453014
13.3313025097
60.2788022214
4.79125649051
25.3605304327
88.1076657524
5.89422453498
1.2515273603
6.42714116092
28.4075722149
8.09990986473
70.1955632244
0.811350917427
23.5994757867
4.4135468276
26.8661940321
6.75509650794
9.15674187201
11.5151740135
2.72229427362
33.7240123274
8.01591837326
10.6727756309
1.59095189249
7.72162493658
0.540180562753
8.52384870667
12.1060954028
3.32092269906
8.43210451888
10.7905065978
0.732379339766
31.6148570108
22.5759914116
9.40537698782
54.5925588063
6.40781119538
7.5203556672
4.61318559847
2.907154229
6.56233771839
17.487526018
0.705908429893
19.7774034558
26.974145058
