10.0889790242
15.4778789203
7.57205567611
6.96387205401
14.5747329289
44.1971813924
5.73892774123
10.3356167087
7.33190376617
41.3487420179
6.49207929818
3.56672473104
15.1368206206
27.7829550984
19.2008723352
8.5783439459
0.456220416317
10.8447507732
24.9843540351
2.63597907432
0.617174179415
28.5038234645
9.12955495308
9.56230617182
1.74673211314
15.6820336692
6.39309815373
3.40539102294
0.275391179106
9.53104031656
13.41980274
17.5360631158
0.409981756553
3.66693739829
2.65687672241
3.91260572051
20.0536600856
2.99508765869
9.2685988868
12.7027980302
97.6655061543
5.6850081785
1.24223601427
4.77008331512
35.1762407254
0.716519547953
22.7437691399
27.2221465971
5.80155985365
14.2270326621
11.4053991053
0.523733326518
5.4461528205
12.5776646246
3.6166031467
3.12540340078
11.9367916893
14.3198378797
3.84749514174
11.9309598756
4.70871848747
19.114746304
14.7704858855
12.7977109237
4.40516623225
76.876739616
13.7356228602
19.9732181123
2.5636382768
3.12643912212
14.4481628448
28.9915835785
22.5394374238
14.2907748098
2.21642277889
18.6376855723
6.50012158958
2.91213823852
3.71188175919
43.4263117336
2.21443328809
6.14696951157
0.39126204664
37.3138463322
10.9933167259
35.4975974963
14.2918307952
0.25276239946
8.00013859755
4.30666940463
7.07445921976
10.1433826655
16.0079452915
6.79166278066
0.501615669555
4.34289384999
19.3706530537
1.98556368202
12.3831343769
23.6158720729
30.0520792431
2.77329965457
52.3973751967
2.88678952014
30.3405689194
7.13523203656
14.0614396722
4.74014507727
4.73212952092
14.3471020429
5.35533704343
15.8169538168
4.60896764962
0.840462288492
48.6881101516
22.5606083867
21.4618300069
9.58824310089
18.2093274388
4.28046964189
38.1470282983
26.7534053709
26.8874123957
105.317122042
2.56060552083
4.81488380362
1.57393822594
28.0046150329
16.0841821389
14.9432006504
29.3285677192
17.2578705695
49.2884641075
17.2042828281
14.0974776308
0.952547974244
24.8346562384
7.59980388107
24.6457822704
27.618017171
0.971918302283
5.51841613474
6.68896417527
0.96541516498
9.7155930846
11.5174997481
13.8184190327
20.3341624505
18.7551284013
1.63782912639
3.09743173688
3.28982069712
14.1573643504
4.61755937465
0.939600541335
44.6389070371
35.9456190546
20.8745635435
31.6909402544
11.9832915186
42.2354189141
0.194450535879
8.55750963439
11.2331493976
22.383368299
49.1068643501
12.7836236261
5.12300733582
4.95601389254
1.77841795187
3.72350173906
12.2320985203
4.01115749561
21.7204987187
64.9948223693
7.0709459964
10.3406772571
36.7915114869
10.4117365449
5.60880987153
9.54222890173
1.66838088858
10.7687754495
17.4157100549
19.2549284485
41.3326563663
23.0087782054
6.23622075573
22.4245856172
15.4047978526
3.39685603504
26.8050131299
31.3115309299
16.6038049288
10.350203862
32.5599027443
16.6477887231
27.8170968701
30.5078097562
5.28328323246
3.53113442884
57.3070456372
46.5187818318
33.100382122
9.20818992674
5.60118378874
7.3142574452
42.5207502373
21.7068510093
10.787955696
11.7494267605
76.5904901157
46.393095851
5.14775515042
2.54376923635
34.9924960464
3.90942703534
8.94120448943
0.875046215084
1.4506750905
11.4070995952
30.2538811128
0.471965993461
22.0851497217
53.826361156
21.8066399059
25.4443569836
0.204036730519
11.6046711262
2.61543265374
19.5792968613
17.0520609708
76.9321633609
10.2686882344
3.65795216001
0.665087449754
9.05992495863
34.1889221178
26.6231939823
10.1790294388
4.67826594988
4.21440318433
3.36717290794
5.3569570931
29.7099175729
14.629899547
0.629683506608
2.98282885476
16.2068131934
11.6498273492
60.8282649713
24.31518144
0.860925064553
2.29027285273
4.40859116281
12.3858994044
18.7845585003
42.5736198275
24.1815614626
11.2203415376
24.8371520552
37.9832070398
16.4323703884
5.49690841287
23.0194926925
4.93111739736
9.02664441111
26.3156820829
4.5743816396
15.2493456214
2.03105193439
14.4969537278
2.36192071625
9.32962085281
10.7114135758
12.6402005
28.3176036422
2.16142432063
15.4026661
1.09418531479
28.0350420689
11.4914386917
5.13424871616
31.473729742
5.37984267835
4.33385953536
11.9650016886
5.72643702783
12.3778925323
0.907823503039
0.732367791913
2.31720882586
12.0697730888
0.704339306725
17.6993051951
20.5880888576
7.08346017038
9.38504450548
83.7950113928
20.7123939962
