22.2862752065
15.384790741
2.83063920856
10.5917409104
24.8719409916
4.3889078806
39.3432388978
3.48880355773
16.9359146011
19.0486350587
1.48442797701
8.46973589613
2.06563212984
18.6232541517
1.60471574543
10.2728685368
6.06092397327
6.56018711451
29.490935676
10.0776478674
18.9213677154
58.5405503583
4.69611185415
36.4488651447
0.843995436533
4.27899882356
10.5578003267
5.83859223265
5.4696344375
32.8988394407
21.6279623099
7.33030953111
4.1734351063
27.2835820613
1.06289389536
29.5109446176
4.44555721294
33.3168417777
14.8343060765
2.74072010741
22.4037834227
20.1994117755
7.06101896065
22.9447148228
8.56194615209
11.898976346
0.729485461722
9.90394047302
4.55749670734
4.6589802392
8.08736537174
21.1550734317
1.07254393787
8.0873647045
0.0711202251477
34.7550733805
18.8032610543
26.8271468272
13.0553000532
8.03156171508
26.2490399524
6.234924519
10.7271466027
4.30683366263
0.347978757022
6.81754967177
15.2110910967
10.1256595343
14.4030858082
2.90096204665
10.7983326801
46.8788718307
1.8266133174
0.364833385122
2.19686473864
21.8875545552
22.522210621
22.4194140362
16.8658834671
6.74009551652
11.0268289343
22.4221647829
2.81698034053
9.42464479933
4.16959306133
5.93980366693
3.57648917342
4.55726526574
21.9780937921
9.23508540349
61.0207780507
5.21914227527
34.2410384854
2.73460291062
23.1999098894
47.3066318463
7.38335755967
3.58856180352
9.8076092213
76.417341576
10.908771267
9.6671378646
26.5425636223
4.30346077998
39.4839691127
27.9793867908
21.3272979176
6.9008294765
14.3940636051
4.0867061973
12.0912796698
19.8661789612
33.4029522202
24.5366900069
11.2584684887
4.0890128832
4.93468605233
17.4527714344
3.29716933558
19.2574960272
5.77618612881
1.76451701343
5.67202369049
112.189785539
12.8128532519
3.90140190128
0.330910455598
0.17288324685
5.5086761513
10.9433073041
25.3556884144
14.7116285773
8.87453583956
27.2529529192
21.9766595752
11.2463199177
15.8990706455
24.66267254
10.6413778893
21.9940090981
27.2368460636
5.10030171142
53.1251949639
20.2777158986
7.88301023864
32.7883061397
1.90555614611
4.32149150686
93.4702469643
77.7322445789
10.2372387321
41.8471191552
4.66028860299
6.24404120429
16.3204772378
17.7355052018
3.14068941275
23.0998499828
1.72373735635
19.036223226
16.3116238046
10.7846853663
10.0594529161
3.50589775065
47.9305994594
127.371633131
14.6802221171
3.97133161919
6.95430952573
3.10278185985
10.1732590267
6.52476874088
5.51080215653
20.274077608
3.95339570326
3.31974400282
3.84375944018
23.696075882
15.7345165292
54.1962351018
4.20349013525
17.1228489385
11.0729561179
0.07748975586
0.206652739986
13.0308639115
22.6810082066
14.5523878238
10.7771589039
54.9261496994
7.22346712659
19.6151132194
4.9371030699
14.9737323727
5.9755999956
23.0940993625
9.00851669912
36.9815008444
20.5615590172
13.3910744282
50.7183178108
10.3454087735
9.47291517287
23.9042598069
8.86900448115
35.1949087807
44.6218534866
5.17087521091
2.86550682208
29.3372961738
5.81886607272
1.52601273561
11.2039858823
13.6392810538
15.4518662421
0.199830351973
2.79964211095
14.25775722
14.9427201782
34.1084497253
1.07081470661
11.6456007345
9.71479939607
12.1271293282
15.0093972291
19.4235598981
2.43329072515
32.3764029854
22.0782028396
3.1813720653
11.7795369242
47.2063026292
25.4578622758
25.6223643242
9.54988917526
13.9249483271
2.85519330938
0.61566855757
5.73565171254
24.0644346463
7.83714644473
5.0605525823
37.7648187048
4.18961140168
22.7706484191
11.3844413414
10.856163336
29.0952391782
5.97921444085
2.30685386379
4.8302194228
23.7572043831
10.9268271537
17.1676046725
1.55488070813
8.45330445031
5.10325292847
24.0242697672
18.7893405612
11.6616996838
28.9787640948
8.74446699738
1.12616565704
5.77101098232
0.154858031134
8.16313539632
25.0174270491
29.8942307276
15.54940697
70.0389930255
0.82938003422
13.1475970285
9.08915621722
4.20570147316
0.979773857832
70.5153709659
13.2647747495
16.2532028154
4.00524229084
40.8449255759
5.0758215969
16.5776764551
1.95386278056
2.63042051457
5.67747114364
1.97263868651
31.4780661708
1.18254028171
2.91610458567
3.53846342312
35.1805605481
13.0773649403
1.8917347882
2.86629947244
18.353734014
8.62434237917
2.53844311288
6.4219838002
18.9098031263
16.4553836978
