33.235471566
7.65146744131
6.35313149606
49.1539845006
7.33721486001
17.6387813259
15.5953660722
13.0808932948
27.3509336077
1.85879182991
11.3926745035
27.8906604964
0.890393155337
3.45858074286
0.310379553004
5.86241491541
10.1516694851
27.7368324201
25.1391272359
5.1022877269
5.26509729062
12.2650139396
19.2231384113
28.5076444156
10.6182170406
3.87132598922
0.452660715936
4.84163615939
13.4505225915
0.551342438397
19.8438994396
11.5610179256
0.309925679297
36.3637077927
23.2118244929
7.85916947306
2.18421601635
9.28708514467
39.2737460737
11.7363607305
10.4892853026
33.8373708261
6.6840613581
5.68320472429
35.2914050131
0.46548441844
62.9995175975
34.2245055751
28.5955871441
5.8927576624
0.611758711689
7.40570561754
27.2598094813
21.5573443225
13.5277594773
38.074588135
0.82965135231
25.7400596316
4.38991668667
10.8342178721
8.9710524804
10.4123556117
4.07030424704
2.60754515698
10.6722027329
6.51323005618
32.4603192837
16.8989285213
21.8907455174
6.07106166687
3.83263919052
5.01822158858
23.1396066349
0.875432046445
0.0215192255404
34.2039915723
25.1150897724
9.07776168621
1.83230066626
1.13393268402
3.59374469383
4.27010783187
1.52523937612
0.933768954672
5.67962063427
12.8663542928
21.1691859206
5.23967055615
2.72133469435
9.65398892687
1.9422151852
25.1240781
29.083629643
0.174755076367
38.9051840057
8.99918894797
11.7994627783
35.4470434049
1.03439389015
4.64343964458
14.1966998596
8.03960366276
15.520641099
16.2734587983
4.26679054516
7.41269500718
10.6486378725
17.9445087768
55.8004542302
12.5273778629
2.83762842785
0.706683000655
15.3702908045
0.0720332170071
3.42885573183
2.89469012246
9.43490221822
18.1020344517
11.3311670702
41.2221911648
11.630502471
32.656692345
12.9944242945
9.28007175183
5.78450532906
23.3541683121
2.75414850624
13.7281685695
3.40111668836
27.1138591862
17.7184363061
4.11865288839
3.11647473596
9.97190039015
8.65684867916
4.41604636696
13.754505779
10.8548892602
10.543244949
10.5997299599
0.407722548054
55.3657294621
39.9062513028
1.1396717013
26.2093346818
13.4235300856
30.3749499115
46.9099861298
12.3279170628
0.704503368681
4.22086230947
6.1074404319
6.22699499474
10.5526750121
10.9096501523
26.7250961415
10.3444563357
68.4461118194
8.82736382476
5.27244593187
42.3516061865
14.5844678042
14.2151104573
7.28624661173
13.416212503
2.21390661678
57.5565993627
13.4925740641
15.3907307795
16.881726096
5.13425169413
7.76136742884
8.04123443588
46.6755151542
10.4843505097
13.5494920456
18.0756785652
0.596263122591
21.0393604151
18.0774493211
25.9439807503
31.4385376887
27.6083987006
5.00130600186
0.38827804689
18.7313689419
41.7129362451
41.990810591
0.622941270011
5.99501248
32.5262930136
36.2271860007
3.26315635352
41.1866118497
18.768620371
16.7746112474
28.8751247146
5.21749248376
6.9002018742
14.6090234951
5.87868371329
36.2304273539
0.51297197242
27.7944491665
7.46826639781
4.53857665329
1.31797786031
8.9955994002
26.4912523531
17.5373240823
8.28712849124
37.4325917696
16.9848879278
1.57533611849
8.43770761337
1.42026264541
2.25270876826
7.55256753488
78.3751268328
8.74610013727
27.97998431
5.03263930962
0.158939252476
0.240670831866
31.5520090638
1.58668589962
10.3456590183
13.216813513
29.0509641669
3.6404587873
4.40533235312
33.3255661734
8.56940175252
25.9683651662
8.42850511538
16.8410906281
48.7428168386
17.9016275298
9.10316077195
24.200578013
28.5371976069
1.7572185217
4.76583000657
5.63141872957
7.29401945567
2.56828980046
30.9636182959
18.7417154934
5.16390047283
3.43126927234
7.3083951299
1.53819819468
12.9247625584
0.0896588263798
14.7359517517
47.4254472138
32.3177312255
15.3601092903
9.82468689247
16.5469882329
8.66277609073
4.12251072099
7.48977600955
12.776356529
31.2798440773
6.47312909752
2.62669148661
1.85801251788
1.85907832413
26.1000237468
11.5780379252
15.816339747
2.37545950535
22.0360593491
21.2847767913
7.41068873108
36.489019068
22.3036386012
42.0054406958
16.8062158837
55.6501379321
26.1440172879
17.1979089319
2.20001219387
12.9717407826
9.35024763442
10.6375759677
6.33842329413
3.95292445515
23.2877608766
4.27718807335
9.22644741589
41.3818333598
9.89460068994
0.458995724127
5.01306711569
5.77947994686
8.35107190099
37.024060327
38.4911107815
