3.12382484552
20.0773563449
23.4897791925
21.4177951452
6.79679241263
28.2167126574
0.592745428168
2.65369896163
11.1858368822
28.9038830047
17.2044397663
16.7273973218
15.022153085
11.1344359253
10.2926604378
14.4315168579
0.793653307343
54.009300582
47.5149882898
1.16971640112
54.6718611562
8.65557178308
6.44224657256
57.1599634381
2.96553196023
8.70101874686
18.3081346086
17.9838263984
21.7680658208
11.3222744947
19.7192738816
4.17723696496
61.3850366812
3.83395856169
35.6722196506
22.3085284487
16.7514984622
16.2573605656
15.9612273794
1.84983529293
0.982989574874
9.03241836974
1.7326517159
56.8475756321
18.5203759578
0.340594368514
46.697632392
19.0241060569
10.2514157334
1.2975267645
20.7949746573
8.84188634033
8.09603846577
11.4150191548
2.86185706134
4.49019914692
1.88826952697
20.5147717063
3.58495278229
10.3701104459
0.659818633818
13.085994185
19.5157928994
45.9407050083
18.0590369456
0.579611622041
8.20143993343
11.928658325
6.69225095125
12.0790319826
2.11815408129
2.16944318354
0.705349183867
4.26229694062
7.6913042788
1.68578180134
9.98026026916
19.0054978376
16.215092665
4.54915082081
3.13274180979
17.9274867367
12.4601190712
11.2533338451
4.15593379432
17.4977875051
7.95782583665
23.1643989385
14.7668549629
17.8879556698
2.11976903654
5.73378964972
2.85635109516
13.0938667605
5.36501680673
15.5764748663
0.49429960391
11.383019182
8.30404237677
33.9809762673
14.6530473116
2.40856950958
3.19605274407
11.1774268789
0.770334261152
22.5612941124
21.7118800819
2.9076607792
10.0059736419
30.0169403346
10.7311191548
34.2121187412
32.1146110659
12.6591779528
5.66993723917
3.62143599252
7.66743314018
14.8414101993
11.5105987374
0.820239537009
4.40282856565
7.73509079338
12.1583867397
0.973715835273
21.3010825606
33.5893920183
42.5207589375
5.40144250495
7.60233079683
18.4585683607
0.298763881294
17.9890225929
4.28048201587
2.95772670474
18.0894719789
1.28911177781
30.0110630785
14.8487917315
1.72536037543
0.109157501484
33.1686182128
1.6620398319
21.0531689448
24.9873528421
18.1925872828
35.2608772525
2.96394989306
27.3960678112
5.17342534238
5.42280378958
25.9325196078
27.7288229192
33.4310649885
9.13540457333
11.2423183708
6.88111030453
36.992430259
5.35273911055
12.3874070217
29.816973942
27.6023193988
35.9915839213
11.8611845235
16.8310932511
31.3234178976
60.8037317263
0.787870022258
45.6349444596
7.37519969223
19.3761302578
20.7709826503
6.42660275053
57.7458808921
3.45819282965
18.5887220785
5.17809388395
1.68328965565
57.3873989621
14.4310362632
2.15885651668
20.5202244793
24.797744328
4.37207247426
5.58488174402
7.12035721432
7.61499615616
0.891300608647
7.07680590587
54.4440362207
4.75384344981
1.63813776379
22.8636825934
0.568498624139
16.2653651124
7.92305813877
23.1200478958
0.460226704805
43.7172120183
6.49759431805
11.4051101429
22.023036944
12.5577103988
8.98355904753
16.8391707015
1.92209626938
40.1041970551
0.844430654536
2.57186547342
21.3352526395
0.128742030821
12.9265201239
3.16254946598
3.74824096038
3.35214888537
3.67743693572
9.49349151526
13.6737483891
2.69310943059
0.202545744604
1.7921480926
1.10882327172
34.1710101356
20.2076748126
20.7594503106
10.9166357223
3.04822139574
7.54304929338
16.0890757479
0.893849178934
26.4133697556
4.0667928303
7.92709355753
12.4263604764
15.2050931229
13.1444030062
47.077029372
6.20287807368
20.0907093249
33.6457956567
6.75592971083
3.06927984127
30.8991559559
15.5847747585
7.74647649577
10.3856778483
11.2482141374
4.25460857568
30.7172972271
0.268612885224
12.5990215629
7.59821919134
8.78427343732
2.87471077516
11.5789770509
27.274004757
5.2955103755
1.00891659583
13.8603534768
6.07733096345
8.5653830143
44.8858490496
2.90963422157
2.63376991468
17.845465044
20.1802565642
12.2761682898
2.46877708958
16.5011083508
4.5085179845
33.3562895912
6.91333780758
28.0535990299
20.4092650393
13.8135296966
7.05751260259
62.0432446216
2.2170638109
7.26180907083
0.558839973519
7.66310112019
10.9124174287
16.3829555828
14.5976391828
22.7287603094
0.00959385300027
1.42666750892
13.8133875381
32.810162144
7.05483761703
18.0699766271
12.1789474925
23.8333212392
2.9818927156
6.14930717853
5.57246356521
16.3778404922
5.29850871743
22.1436190603
43.1393085355
9.37888897636
