17.4222194971
1.83774184915
11.7644112668
35.9764146543
26.2524672777
40.5765184036
2.79078472525
12.5317335804
22.4230516295
4.34848223089
8.64060361039
25.0203509634
14.6289725456
2.10567454604
15.8573780327
12.3860219913
6.66277354998
11.4395387093
9.57887674165
0.117804367487
2.85155710224
2.41212012483
10.6229671652
13.8711441374
31.9091814931
9.06058179365
21.3968359065
18.9788961469
19.4781925933
3.67584810562
30.1767189079
0.213291146848
3.49385943777
17.4051629248
30.2998481589
18.1567042979
0.984227091232
25.3992634464
3.30151717839
14.2690646942
17.0302114053
18.853595289
0.799647213002
5.45477024949
6.42955977537
39.9335719909
14.754176296
3.83878416629
33.9719602127
12.3207597149
5.86259871016
14.0834840205
19.1415958493
32.1370671049
9.91838463149
22.2879896748
61.4473736542
12.3228670037
13.8979280756
18.103960154
4.02565624764
1.45664721745
16.4468688205
9.18734857515
21.364508295
5.84121233847
24.2524804346
11.9993450965
10.7145393825
28.0615839386
31.3150853687
21.5439640462
2.98755007687
9.53981413126
21.3565495209
3.42438744737
5.00376235914
18.8987963145
14.7787073651
33.0450257174
12.902833601
2.91565752621
33.4673707353
14.1636964582
7.49965057364
4.61558086139
6.92189883735
6.75582812354
26.3298078943
11.8793268044
1.94354883343
36.3896359599
43.0593212245
2.99301664862
3.39390662733
6.0866422305
10.9595194952
7.40886872276
15.2342647171
31.4864385335
3.4512239999
21.3599097497
3.05481685755
2.34034037399
14.1574667461
1.16891093136
0.443788695683
39.0886685964
3.30335719398
18.9073538638
4.43260369575
56.72531163
8.99564948591
23.7049337838
0.671624757814
21.3226813671
8.32691664319
19.0395588401
50.4357761225
25.2781703176
32.0088349925
3.66394566074
39.7978038207
3.32470251689
12.0663901301
19.7878737707
16.0815098316
22.753178113
0.54424169691
9.83097367291
4.67289589591
2.73183319258
18.9151438347
50.0165369054
27.4838173639
0.801689352713
1.07277291381
17.5975173844
3.78426442078
31.5599240095
26.220871865
24.8605068573
40.139914723
5.62873573502
16.0079321435
0.205902569857
10.4780582961
47.0479757528
25.2474540722
13.1733900069
20.170167626
52.5979944756
22.0492540768
22.2308690299
17.3111001558
18.1636830118
3.0298206161
0.161080324108
5.96973850576
18.3256711311
8.86925652475
6.556641646
37.9053434637
12.9690491347
1.24384328146
19.6912083304
2.6017033596
6.73467441424
7.19292026946
15.3219055689
19.0186951135
10.2897464019
15.4048223188
18.9098946876
44.4510148171
9.93929984243
0.239254875755
22.201052871
6.19049838347
12.474391445
25.3040003606
6.05049721969
68.5154733532
74.5128099538
16.037291462
19.0051894861
14.951815787
10.0215541529
2.22888857764
28.8845602369
30.5366846251
4.32414809808
22.9755659379
16.0380560748
13.3268308174
24.0060451487
1.27591641293
13.2461393009
5.88150211596
0.185862401651
13.2550576917
44.2680458323
13.0188581905
35.1642187448
5.40293258449
22.8328202756
7.36058949113
31.374036879
1.6959540902
9.37568429668
8.50309270333
12.3113312918
70.4203718181
4.20440331836
9.07043266345
6.49064849801
5.18359642319
5.51284404035
13.0980772963
33.0343644902
14.467586039
1.7940758211
4.73920267685
0.54941054154
4.56045256085
43.3142902633
3.90277658555
1.48515255873
30.5849723508
3.26606517506
20.3551775794
7.54804616963
33.5523750646
14.3759393255
10.0314900057
1.52334757863
12.7215155112
15.5364088858
30.6257645752
9.55970160953
25.5084003242
73.04511347
1.30156297532
8.81175576153
31.0818315691
35.714292198
6.83353821815
7.75230921092
54.7529784285
7.55403597076
8.18714909425
20.9594636273
1.28768514538
5.04831917917
23.2203116382
2.47905683442
63.6117540507
13.2654383798
2.52599580081
46.9713005533
4.46249689161
9.0638530876
3.59070591307
38.981582451
3.27833156918
1.55612849319
10.4355581888
2.5484127182
12.1122784435
6.39975473915
2.10297691933
6.04864858635
13.1830889501
73.407048642
0.438440434999
6.19272273683
4.06184388651
60.2294186126
1.15359966484
15.0638496265
10.8230526065
8.55678414906
4.76761585893
14.9657727568
4.60994387094
15.8709778534
19.8344900083
20.9570460058
25.3225745578
7.33764446713
30.276997513
15.3323702829
10.81610948
7.46864228563
5.48443032423
5.91513892649
26.8182989412
3.02635919055
12.3583992851
35.9260506424
