3.36554537541
15.9949941194
13.0742418099
6.28326404576
2.03891365628
23.0857727854
32.4163264529
10.420364151
2.502087172
2.49540848384
0.00697913483534
3.80813708843
26.4969710641
14.3317010267
55.7927752043
31.125434755
5.63203801759
8.6362004548
3.39281436793
3.46232306637
32.0547364382
21.5238785917
2.15742746147
55.7982098709
4.52909895138
15.1794636802
7.23165224337
20.3607921933
5.37079081386
20.6368743306
23.8386886955
6.43767577124
6.22294368676
15.4310848919
24.4858833002
12.513708904
0.537100682322
23.1105384981
16.2640321235
14.4716651299
46.4853879666
8.47997538845
1.37862411389
4.35816297747
15.2422278437
0.583433885799
8.88903263111
1.5760102101
2.69147992228
1.25869095992
28.1749296909
7.96812080839
1.33900286251
18.7257771375
2.53813289053
4.61595547791
11.0515433084
32.6163684848
30.9296664343
10.0048133153
7.34044809991
9.37556179101
17.6995908717
14.8560403841
9.15296933446
12.3686971871
25.6526422215
62.1471596788
16.3416406543
3.36663560404
37.9365795579
39.4446080301
22.2125546708
5.07384813302
15.25872691
16.83676721
27.8698390637
0.110403370753
6.90381619415
7.90007765139
11.1005254418
4.1650581693
5.68117520367
40.9470976944
0.524276800725
20.5087457664
18.6024444588
1.15580421125
0.192504585034
2.91470892474
13.0485796786
7.56519466596
10.1000758821
5.58673732545
11.0758651528
10.3987170986
2.37124841341
24.4300030371
23.8830637548
17.0672761731
8.64058048785
8.68722572844
13.2013734443
4.60987625085
2.74856064375
3.30710308696
9.00387765837
20.6674467233
3.43879845418
11.6065024327
40.3057564576
1.62717979049
6.15872659944
18.9743578359
42.8727555398
44.6196575959
4.3761210249
57.3657210207
1.26324475994
3.90435618303
3.36680340964
2.89432425417
42.7917550516
1.45584463756
16.4934830588
24.398647097
27.6970679894
8.74705265812
8.96589753829
41.5616550031
0.495649815847
0.622206446603
11.7680691281
18.3381659792
22.8583741852
10.8770159708
1.96291208485
63.6562347435
18.1238767913
4.45238899766
2.06430076003
12.0031663651
29.8127195845
50.1142289094
21.1939022814
24.1682572863
16.8474900043
30.3719570462
3.54026149523
15.2669277487
28.4707675466
1.03151647751
0.331199834965
8.63888075263
31.0769218388
2.05002843526
17.8459611833
34.3111692536
51.9622334447
28.8243046521
37.6892708415
5.3759233627
17.8544327037
12.6268138782
2.80433721311
15.4239282498
1.37332339644
1.88116292915
4.43244152538
0.671371033764
37.1575645628
9.10761817854
16.9088640249
16.8195545676
16.8854316945
38.9650523953
8.19948030892
29.3813487991
8.7015462209
3.82510868637
2.25849879319
35.5695125115
43.446410955
7.08913274176
51.2329891163
12.3444513614
12.8517479821
11.7657469149
15.3564340679
2.22161152574
3.78041750502
8.70226689051
8.54089969067
17.3114851529
25.7642544019
7.82937082432
3.71657719447
5.20230530978
23.6411828206
34.8312310045
22.6913491133
1.70872809473
11.0452109803
13.5899893617
11.7316975678
14.1645780355
25.482588
24.2088061463
1.25567041149
25.5648248056
13.7110565846
52.7479072047
7.09644175153
7.49897092204
20.2782431641
11.1640065186
12.3866463735
14.1846915257
21.9110322273
9.51621223139
13.5488683658
4.32277937162
1.41649027833
39.2199189418
33.5474187671
0.321109531389
3.56461536836
33.2053429884
5.01436373801
80.6163245104
0.365306104229
39.3536336826
5.50208501032
13.1992956002
26.1350916626
6.74129611371
11.7607614315
5.11359991637
8.36518126112
7.52472263763
10.8096758634
27.7343786014
18.5764105464
5.26739035051
5.50365460761
26.2510449005
16.5329692211
0.919399044971
3.68130658158
41.6505566771
15.1009005593
6.17330403288
36.4567984545
31.1417425239
1.37780848545
1.80322564878
30.6962101336
23.8354899456
39.5697649839
0.105129422209
6.8128709682
1.54481789245
29.4165557522
7.63628058842
16.7065194318
6.90205934615
18.2456675069
1.36308833148
0.653926083282
31.0240417931
1.31715284106
0.709870229025
24.200703733
0.883507019043
47.4769909611
37.7504168604
7.63222441049
41.6154465112
3.52058904983
11.3107712369
0.846777002077
13.5531062069
26.4103766393
8.13138781217
26.1626422416
12.9275782969
5.86424072202
21.3603813998
29.1702006129
17.2963884179
29.3766437077
33.3832465686
6.34823366241
4.69661982782
8.59184139234
12.756369399
7.99201792015
9.21155419591
8.21444006307
3.20862953854
