1.56642429322
26.5493721561
4.49709408251
28.2697547503
6.02225535867
4.54122470849
0.345217676122
12.6297780112
21.1006486314
32.9035545624
15.2325725096
30.0361193401
4.78863667272
24.9420267592
20.5339084932
22.2618408781
19.3335935274
3.28095877694
2.51493943959
7.25653452475
1.28593691768
20.1830578439
4.03795502142
8.72997221076
39.9082118596
12.6883215207
41.1998478379
33.6002007312
9.89898948024
0.943006831399
37.5961942755
31.9015901851
16.6609260324
78.1074473446
41.3457376874
0.939433809841
2.20062518159
17.4331683794
9.79430406744
4.10807902441
0.884132645461
13.238583657
22.30534401
7.15347412616
10.4188589729
0.174409860726
7.18812281233
0.152625062899
11.4894078133
1.22246090606
24.0792697345
15.0056039935
37.9070373694
2.66396642732
38.9936127789
39.3708916299
36.6469562262
45.0109142696
0.350051635184
23.209609298
31.382281654
10.1091986822
2.06944838148
12.2008733271
6.3033075801
5.56144033292
4.68566542359
2.37513966289
20.9987577114
4.0482972818
36.035459196
13.1899780997
28.8561244962
16.9652932236
20.3417999851
17.9224230123
74.4613243292
21.530278584
2.22453192588
13.0586726934
14.6273721332
43.736889761
33.095101773
3.80119365375
15.2690861021
12.2987123496
22.4985692502
2.33218703
0.739062037119
12.2484083858
41.4397961957
25.6548623285
31.715725726
14.049156324
9.2563825351
43.6321480744
13.3301045281
28.5213419057
3.86501583154
19.6498355307
4.76679872849
20.5633252804
1.97199978998
1.80334387986
25.8391978401
29.5124302035
1.16316889789
12.8238882956
16.2742588857
4.84766317453
14.5031475708
4.68290340989
27.0211109654
17.7719650774
12.4464178831
7.09464748474
36.6064345295
27.4996042145
0.789177114722
26.2204497345
2.39739039891
5.71789600614
3.52352790756
19.0408236927
16.9333878329
9.95639483814
16.5332052711
7.48312524481
6.40038471566
15.9528848894
63.2002691843
0.767959809503
11.6722649858
23.6383846984
15.3052645674
8.21819116599
11.459630989
0.935206371283
12.9317751729
8.46298222846
0.400137863547
6.32597345204
22.7485438213
52.4513282253
4.86160700531
17.3230876575
22.691547565
1.14636386002
1.62054437328
11.974738944
27.1519939811
11.296063061
17.7936753649
11.8667837468
2.59591380993
21.3471877024
1.33024453849
31.7795163215
6.8537181211
55.6888600085
41.182015494
8.63655126691
7.05796195907
0.995443307115
13.503019606
0.391850685367
9.17836468219
27.9930505544
2.77172261471
23.699946434
2.32980318079
30.2449892666
24.8180010793
0.755056172472
34.7939772804
12.3107878477
13.6417633257
1.87492264591
15.0843892209
12.399679053
1.59521024865
9.59581228757
17.7877945774
4.48666779563
6.40573849025
8.95501811583
8.95036773939
10.2197637841
1.23715056856
12.3071984132
20.3339234861
4.48904873403
1.28959284459
48.6111660412
8.94994149376
10.0262675591
9.4727038985
1.49428923518
21.3146041688
7.3612547379
19.9764500315
12.2027510551
2.44068295737
13.2769640353
1.14274921908
17.2772031021
12.2004552564
10.916325466
7.88618867351
4.2104636086
4.4833976087
63.5659894491
0.535856494201
8.99118386678
23.0160918377
29.8254422858
11.3905660035
15.1119119022
7.98814725817
6.19301882627
12.2839728657
5.52654235303
58.7441661678
9.65236255687
19.7836205219
2.26300604459
3.66968941804
5.50649854839
32.1807970665
9.62687871597
3.14810466375
16.1076814563
31.2981029703
14.5264392224
1.06188175602
23.7104434472
8.51057931482
0.392858483133
1.38381658334
3.30258679712
5.447498505
20.8563584708
3.90623341477
7.18896279529
34.5731412397
35.774487827
0.274013936889
8.77267277613
19.0123291775
13.4004577067
34.6093913033
9.8269664579
11.7656377103
18.5692046561
2.02197161204
0.301687811435
22.5139135199
7.36808104881
49.3243904168
26.2648466546
0.089107198086
23.1811040445
5.64913712028
27.9502456944
25.9288205149
12.7789301691
60.8709329248
3.94349473345
21.0530935737
0.253180394698
26.3663617285
0.861319946517
23.2300403783
23.2977235138
18.1435829826
2.47080750576
1.85062411668
1.92428547035
12.6343426231
11.8679912383
3.59095224671
12.7306401396
2.66057960445
18.937260381
29.3971361594
24.7128501378
19.0054663564
1.34800921341
0.674015623902
24.3002485587
2.46329289096
37.4627593456
5.93572401368
3.25963204097
15.3257116908
4.57291138037
2.58878651933
1.56885300435
0.697926021122
4.55119001877
