12.6006190923
15.8802392439
3.23092813507
0.023084391268
47.7234751712
9.14838442268
6.53176567975
8.39753447233
32.8170765596
14.4662401035
8.8130869873
7.46999363545
21.3175704963
25.0732396406
7.39679115754
31.4522298228
20.5440528003
83.7733685316
3.77998982638
2.51799350169
2.40955025736
4.39901408202
26.5097363058
26.1381822391
8.09306332334
2.36274345217
16.815888638
6.93396632262
4.25734016349
20.3152975437
8.15074759305
25.3778403252
78.8970351926
8.74491215685
5.93616795057
3.38614059469
16.7659200325
23.3314523955
43.3373764056
22.1145493838
8.14163722051
39.4582180371
17.1319684392
5.76267207282
58.0475940387
0.402110941511
24.0261772025
4.3761979006
9.13553185659
3.71811889325
12.7841525422
5.16607098597
33.0408969692
5.45836176604
17.5930128931
6.60413978166
28.3460454823
12.4250902325
18.8408875182
47.6045768986
31.0390456731
13.3713853464
9.54604257907
50.5871574362
24.2785834814
5.44187393624
14.7267107162
0.873867571645
1.43571704515
19.2777594576
9.6741438039
14.1951404404
8.89454760315
38.6262642884
30.073540781
7.46256845281
17.4247836075
1.73183712964
13.3945376144
25.4747994922
20.6666036389
14.2171285995
11.0213781635
12.6911392582
1.12269210735
2.74999134145
9.41205645395
9.2750921344
6.0916951723
1.33774907377
1.63351236167
2.29926433777
9.49350573748
36.1849509886
7.05224271886
17.6826282286
1.53515177341
30.7974820001
3.20795494433
3.91070666417
2.067829847
10.0880274067
23.7341801229
34.4403331787
10.4326757644
4.72192347352
7.18366300502
15.9887859984
13.3284818907
13.5004092738
42.5914485162
2.66624688713
7.23560022438
25.8375643447
2.76304975578
19.2194607232
14.0817878515
25.8067091462
10.3652199012
14.7765420371
16.915397909
15.6851259017
2.3173555851
10.7971959418
14.4733772415
5.08365125004
6.64152303169
28.0088323037
9.98549367609
0.270999447283
9.84746517298
18.5491322989
5.04300952373
34.6634879579
3.72609404558
23.4599278586
3.67306573343
7.48223263535
20.1614660421
7.43360682214
34.556769824
72.6005587555
27.1372813156
20.0253634341
9.82970015491
28.2191103896
40.4159656927
6.14392409546
13.2870076087
3.26516623551
6.03941771561
4.90508082156
2.54238648814
13.9049289191
30.9654905479
2.92777242162
21.2107702614
37.7839453023
23.922163756
4.48452342836
7.48716722937
47.4742044998
0.413666814826
11.2899759873
0.834042193199
5.95216476611
12.1674809617
7.07574310827
17.6592740543
22.6949174279
30.6480462742
8.90539425342
26.1871488192
2.72575188473
11.6275603119
1.5666527603
7.002288039
12.0535588348
1.28850352542
1.83929908741
56.7048936865
6.4124627486
3.70592770116
68.057310563
5.3853278373
41.3390829462
15.221207399
0.776755380215
11.7886114696
61.5227397612
8.59492943825
2.62520006823
14.5982860557
4.28314705386
47.212321788
15.6961034534
21.5099375825
2.02192541431
37.0069030598
2.86975043235
30.1411723652
5.38363633479
35.2471379886
1.42437032687
24.1923878602
0.729156816936
16.0971898923
16.7803945631
2.75048475936
14.6726924367
13.0158627611
8.79375724056
1.16580271092
45.5161748694
0.577320542451
5.18984322271
3.27550818232
39.3076537148
8.8114988216
7.85750206208
1.68197073005
12.9230490197
0.945139789721
6.33503322244
17.1613904232
42.7229886261
2.99034167334
11.1911466523
31.3369242396
35.9664223723
4.98355844026
2.97704001025
1.92050103989
0.878748962597
0.435027894697
24.1377850181
8.98783449181
35.8484832835
1.70564706761
7.74631827342
6.18115313807
4.03513353862
2.96674803397
19.1999514491
23.0667472545
36.5382688894
28.2223248666
20.8656746192
3.56586049229
57.6270211094
14.1284688323
5.26764511728
1.31690652438
25.3331296168
3.84924564804
3.49638206776
5.01548011117
6.09346445637
8.29457046139
16.7452788924
18.367734734
15.7804053506
0.352019908179
7.50701322988
1.84961944008
6.5417737149
23.9807732298
10.1174897092
35.1304014017
10.8800607571
18.9304000288
9.5850856261
16.7882062572
15.8857665366
28.9040724351
5.55408869527
9.95299928602
28.6102073649
1.40871860973
48.2044759663
37.8508415394
14.8993645472
26.4905013837
4.1446138866
7.98249711793
4.03544611641
66.890193637
18.4488810767
4.52004833304
7.6337668067
36.7093791249
40.2161281178
37.1093569775
12.3765070485
15.6446706151
35.6633133095
5.82421781193
0.645839126512
17.0928980311
18.2473208973
