40.8285538514
14.680673139
6.3653981163
23.407110112
7.9706822647
35.5290575609
28.7055804803
0.256342086619
13.2218193292
0.596983450687
5.39364323631
51.5062104456
22.5665029509
0.105039557323
4.85337874647
3.33919393959
1.92828531282
16.6421649342
3.03223113206
7.06605371275
15.8321640557
38.6537096594
69.7276919078
0.839212518995
3.25424763049
7.41327868711
16.6272160696
7.48464643714
3.78295772376
2.69619466661
40.5133781188
6.08433784465
59.7578326274
1.01486304773
0.691470048509
9.52301965356
22.0879521402
11.1067289736
4.85676276969
0.751030792664
20.5466517248
12.2661581666
0.541540224519
5.60232905188
4.16670379852
5.49946478585
7.62117074678
9.45126910394
12.2082445511
1.84781585681
24.0968550005
3.1385352516
1.63731089879
18.3590797389
15.4402750608
18.9285475002
18.5570747501
3.36787001393
31.3457058252
43.9408305759
20.7035489186
7.62957621473
0.454456532358
4.73496466126
4.07238565197
27.1661939205
39.5570787975
6.7101875535
4.23082231035
9.41633167231
11.8207546303
18.1288544024
44.4596193991
8.79137008195
5.07521449945
13.3768971372
7.8279314186
30.8612067906
11.7147718986
2.26477254043
0.104475788959
39.4605768511
19.8297874912
6.06887834719
16.3195600584
14.8947434472
5.05803951083
3.48404666832
3.89486819005
15.4339296801
9.77592181407
2.14730281877
1.65042623991
42.4876292695
1.96184050785
10.4421053204
8.41265227564
30.6892760452
8.46415650256
4.0891934774
6.88784911522
9.3452734616
1.81602696755
5.23002437065
26.3860170623
35.4341491849
0.0114720778388
5.86906332812
2.19332126357
13.7672943254
12.2511747365
1.2942478555
19.0016285565
30.7451006681
23.1266629645
32.456871935
3.15920594057
10.7299154637
22.1328011778
19.0629679422
3.31730710792
1.19462229068
37.4312786535
5.36576064417
3.13112559897
7.12763795447
6.94705980727
25.613431677
12.3125966294
19.9042638526
0.750643421891
2.47390545783
0.32983757553
9.477491512
5.69202460672
45.2499273914
2.24277512208
19.1719671185
51.7300394127
11.1029249715
12.0877902141
5.57840535511
5.34112748206
7.87922025798
7.74024822486
19.2018780374
19.9614664388
2.39863578692
9.12694295764
2.26572330104
5.38221988245
7.16894535893
1.28106925251
27.9111876388
3.71492476776
0.926325000942
17.2181768656
16.455568277
12.0472860333
2.22158593699
0.539376320811
7.95755910092
17.3039838497
17.2244889456
39.7038881851
9.87119591913
12.949167555
0.377560646614
9.82525048234
5.28846642008
11.8972315917
7.66710532669
3.1831960324
5.98058575503
5.30285709349
19.3914596166
0.341927219111
2.76038783368
0.795387187296
30.7291252964
28.5041283551
2.96555896674
0.455663921712
24.2890694548
4.43661614196
22.8062019696
9.42944978016
2.87979595374
5.40438558571
9.1228075104
16.4345363232
5.93024778652
21.45322126
28.8765973057
1.7839711328
31.5952877478
22.8790155724
3.07135189848
11.5413268572
16.9340065614
6.47533790492
5.43966355586
12.3610161541
13.5355373055
16.50794073
0.911612794108
44.9886886909
31.0659804118
11.7477096758
7.64864590222
9.42268800127
1.60443286055
4.57887890553
20.2061172731
43.2167678428
4.75263757687
3.8243031088
3.05799490134
29.1302486161
26.1452458314
27.6522771445
22.7943231786
1.95495466705
13.3549258742
6.21790871864
0.10853105336
2.65758506558
11.0212530311
0.35740538876
2.77663834515
0.79622397314
28.1619092467
9.70637302552
15.0791049215
11.7276514832
18.9911107441
24.7771947167
11.6158953621
3.20619711674
32.0577091528
5.51333782
11.3887721056
31.8504969191
25.905203466
16.8070528514
86.3094815049
1.44906108124
1.08151703865
13.2707689715
17.4670214562
9.60872384008
19.2468885396
2.08933898911
24.4041620039
1.78000343829
18.1282722341
38.365687796
3.81434768154
4.78522915088
3.96067709655
5.11386090998
81.7814144208
56.5061478127
18.7330352117
9.80933087162
49.3601142083
2.06334878511
70.3750053555
3.07245330428
17.0234276222
4.82747513402
23.2893460977
36.7147003038
6.16989961843
5.18118212106
12.598966684
7.87325156545
16.5594939606
11.1034948044
3.64706304048
9.74171819485
7.8036099917
20.0855990298
11.5796742178
1.91301242357
6.21488105344
1.87893142851
18.0694379193
4.93413794857
1.58869589041
11.7260068733
1.1261710769
10.4413657434
18.8279952886
2.62800452555
16.9161769986
13.7908311925
17.6557199186
7.7884168351
13.79056969
