0.898120035254
5.97649352834
23.3511481395
10.8802714373
27.8612665088
3.54241560705
7.39844679877
77.3516823715
7.17112304183
17.4305259332
1.47372911218
41.1965966845
6.3294971766
33.5877969263
11.4404554076
7.89278909798
22.3763699292
14.8011554669
4.98275373457
4.31068590966
34.3744164877
0.972541578008
4.44477109623
4.7578989855
3.06545609139
18.8280386392
3.61851482362
16.3147798282
1.15660740124
16.0866021807
2.07779147716
21.2427318863
13.1004487345
22.3406285562
12.79498677
26.4444454977
26.4342983172
51.1620305455
6.72911728621
30.344204128
10.7278788076
4.17096756092
8.44453814609
4.01386565584
6.19939430774
13.1285692681
12.1515266225
2.26460263887
0.753107623586
21.5708033618
6.49632148429
13.3881071773
28.6185308991
33.4959388634
8.04020175377
0.112997386504
34.8658155114
6.18968047367
45.5756864265
2.07675013607
40.543608049
15.7245776186
4.10178167548
22.5565830372
8.30176799378
10.6906466452
2.73376484035
12.2517180144
4.84598990563
4.71455467291
13.2545171337
20.8218750504
14.6667236762
9.09269906841
9.66761593535
5.97559713844
28.360624545
26.2669528047
12.6338824109
12.0778169855
7.55353512691
1.67473398552
20.5638263902
44.3247242318
12.7639039692
19.7944493292
9.24333674321
7.180393166
38.5230506924
19.1500746822
22.5262833117
4.26300903757
20.1530046961
9.76816836763
32.569234174
15.0479599435
0.123861296493
5.95700846689
10.2623782107
12.3607571838
12.4674367568
1.07922449411
11.7122513932
3.77530193429
14.8035258738
0.91132701583
16.1510321051
34.4379764783
6.64116295455
22.6040751015
1.02201248848
4.00630940258
6.20900174073
6.24604868375
12.5842690744
0.850798212263
60.2349596782
20.4771722725
18.6424807422
10.2643070778
3.7973375954
10.4433408203
17.2093132186
11.455695361
1.88808812207
3.59160983382
7.38087603138
6.16117568912
2.10240939518
17.7457216272
35.6335025551
5.60078330851
32.9106839113
28.819119791
2.09023675829
24.3292185063
3.60200725127
39.8928400933
4.57180400792
19.1981262618
17.0887532675
3.86554511849
3.99025022475
0.207894809238
41.2305056467
10.2874678586
4.59468853815
16.898017332
11.9206733853
29.0410417523
23.8201052994
30.0045312466
1.05935824309
30.4467230616
0.029944117789
0.796028586162
7.64311033868
2.60970412569
9.77858830572
1.75801607417
8.49803596725
0.265683288035
12.4387659705
0.197509281887
4.40610259343
6.57552157984
1.01103110732
33.3970284397
16.3514339777
18.1933961102
10.8751018698
25.4425512691
0.380532318479
4.17732897263
15.7297737214
2.60527313213
2.36297186436
49.8539423835
30.1048207923
11.820927272
7.52558755125
14.7974078847
26.5458496661
29.8342673766
9.62656216015
56.323571
1.83448483301
48.7439364542
20.1290560871
3.99055499308
52.8331375102
33.2865800804
20.5139952437
24.614398503
9.47980333459
1.28532996554
6.97531657401
10.7922941186
9.71374485739
4.1419212469
0.361649575105
9.71928531686
10.1606156928
0.523407446973
11.5071285157
3.48731806349
11.2487089325
4.08019311395
40.0979017288
0.310942018028
40.4511027992
0.12982513967
45.4718984092
30.0070691821
14.7687936603
5.24348188235
16.7055207154
18.3030771508
12.6671866609
18.3958829221
3.60756173848
11.0075579818
5.31145569287
0.826619072885
12.2211272855
3.68490371093
40.6878952001
0.104594944138
10.0725544248
14.2069241443
13.1710767484
10.2544265582
5.52997889312
1.99524052054
11.3947509491
2.53375658568
1.03123709517
6.56627998502
16.6963619189
9.70686671888
1.54247666613
3.02354135317
18.1041179238
9.06309896443
0.770503994285
45.7271180173
9.27851549805
13.8623048664
12.2168043569
2.04551995647
15.9203598719
7.24047499575
4.93173844465
15.2877833221
3.5104363649
24.4033188151
16.5249033229
5.99898205866
1.97057586163
2.18902730516
9.04221499752
13.8592103963
0.0941221446677
3.56614829644
5.9083636324
14.9808812539
18.0397096002
8.34376959377
8.24462563966
5.38154009207
25.6229092526
11.6692972473
50.5472883075
31.2247843227
10.4832833999
3.28467807512
8.58344273666
22.5975266288
19.8639036389
12.3413175964
1.13412670037
18.1851158612
0.367424300528
13.4189388211
16.9563660617
16.5558067125
7.51600024595
30.0777120804
9.26208361942
0.444692025898
27.0973106975
8.82293598557
64.5415484479
0.463610335816
14.7003576173
12.4979737439
17.7390868911
10.6319820435
12.6283141384
1.01489506049
