6.12703912091
11.1782540172
15.0101921235
11.9346308275
10.1996015114
10.3364813798
9.80915414203
9.4309237963
0.444360966664
11.744536513
1.82548998584
1.66320212678
2.9499283464
5.58639595468
0.910082545009
12.5068999103
5.84032289868
50.9981865307
7.40517342537
25.1573894833
4.30804667643
7.20500406679
2.48604304235
3.83675644707
3.82621697138
13.1405196155
4.60842972097
12.7150768646
14.718792299
5.1729065643
32.4459756517
10.8476476107
0.473110361914
8.72577359878
0.253323382551
13.1163365202
14.9448089179
40.6053824051
27.9159300719
1.42451563614
6.70603283167
52.4895899998
11.0899862495
8.67100687425
8.9696361641
19.3702857817
22.0924634893
4.71221192994
14.0189187152
17.9817928658
0.532443843001
9.50622405644
4.66427263379
13.0123516585
5.4757300154
13.3650914252
16.9238383733
30.0312408478
6.50326381933
7.93818413529
18.1544651949
2.08143925695
6.27835707215
11.0248694377
44.3391953527
13.5157608941
76.7046261172
1.04287542893
0.883693969084
1.02556429645
18.7159043428
45.6312883982
12.2252352739
7.51135037551
24.5935910484
25.8835059452
0.180806481707
9.883784879
0.400841841209
5.05965718874
8.29230367802
2.83551428478
14.8036671406
5.85632296187
19.0952598491
13.2599403573
23.6579678185
14.1350156631
30.7565858457
0.503155256743
0.952022822087
15.7509426221
37.7253326494
48.4137895546
12.3195464839
12.8564283953
2.20811500181
16.9694497234
15.6348237438
3.51201449893
9.42571168516
8.67021996861
20.8218786611
1.47387371311
13.5762123417
12.7796846222
9.10889292843
27.0584133947
5.67725934477
2.65035625919
38.9250203457
13.6835703299
7.01020846872
11.0099215331
24.1261500246
13.1598869616
3.52325610097
14.1279639436
5.44404413109
1.48538418337
24.0994047852
1.81159913077
4.37440864554
26.0541446174
20.3320527894
4.46028586502
35.6951344788
38.5800000116
22.4024023971
5.37048817747
2.59877505367
11.0052854172
2.14083341239
12.0101550808
17.518406044
8.44653004166
5.31858691979
25.4712056847
5.39349759792
9.2889136216
21.9817826501
17.7087510469
3.26451264087
17.4989091937
6.78913695939
8.05150748142
31.0142621315
8.39767153411
21.8665874116
12.06622071
3.77401762855
0.761676451461
12.4067237056
6.27695637112
23.6566198734
6.58952970229
47.3726450526
4.96028802755
16.3960518301
20.1253128293
13.9566146924
5.02166161214
2.51282525859
8.01553052778
5.65938369274
5.45100351683
1.92223248394
7.00010996254
25.4604988469
44.6613393617
5.91686215946
0.127252207881
27.0152535475
39.0188679337
9.94136557704
4.19028409452
9.43104143847
24.7080727973
9.14678317003
24.5815721965
7.1168965342
9.79946770697
25.5199544144
48.9785806728
2.87525698597
21.6577643206
2.00496547964
0.988237616436
2.3237814156
17.5522453929
42.8386728966
3.56738167881
5.18945388234
1.41156559646
15.8833308403
1.96891474416
3.86337769107
15.5288523604
2.93696837892
9.66831049135
35.3696071584
61.1976397025
4.92388821618
6.06620986087
9.00543262511
1.22901277548
11.9914070847
7.69239818011
17.8359481709
29.6411057393
6.15762275842
62.266704452
13.2328173827
20.7723636141
31.9776806189
6.26977600061
12.7384673723
10.1169757562
1.71892052294
10.0949825315
43.3967252538
0.0825397734483
10.3663689384
10.3857958484
4.10235546689
0.758747455475
27.3113778543
2.89220848441
2.3269347475
39.1764980337
2.4115863645
3.61393592816
20.3745011372
4.40496359433
1.25620032273
12.982721541
7.09624799153
5.84174509524
5.103236679
27.928250277
2.07558962927
6.77636118828
7.30489957777
4.90216143432
2.00255279736
1.68783838506
8.65218720896
7.3439992118
1.98568653315
19.6301821878
17.0066317195
6.15269226214
10.9708894254
21.9667795488
5.9195495767
40.2643576842
36.7561681008
0.855027778761
19.237505209
0.302299746675
18.239698757
46.4839836842
18.7710292283
2.98156205103
5.50631362448
12.2516306352
23.1354461777
7.9705225739
18.6627347231
45.6099280727
14.9334074924
10.105229585
11.0351040238
57.1527967284
14.9559733047
3.87500874114
9.49599708037
31.8879066164
13.8923937784
1.45596840237
4.03882165035
1.83684548747
17.3007602257
14.8602506191
3.3529124942
23.4958085374
1.27099892427
3.03790767887
7.47301071262
11.7986437995
16.6395844728
3.75794446966
12.3996045903
54.7541768866
2.77161183324
2.99204124242
2.57143439114
46.0410289233
24.9011199703
1.81044752687
