24.5265709934
9.8548662838
24.7239951801
1.36812251126
35.8127058754
7.64213682555
4.29759530407
36.6542998698
2.31905737022
31.9037373068
0.758026006574
3.39421087451
0.0793754823495
0.346192074202
12.7100271701
27.1124421637
10.5301503105
7.9085578531
28.3492684212
7.44200842017
13.0916446362
56.4532717928
0.366061259424
14.943198097
18.9030040631
27.3334566359
25.3639770298
1.15396382401
3.10380400304
16.075100067
2.45550975194
75.5176722729
21.8841674589
6.16426398332
6.95912041878
15.9118804894
7.22031253074
27.2908837385
0.577258917192
6.15366390017
3.35722666107
16.5840232254
12.206530048
12.10544558
38.1284268541
4.65107049913
1.13165476216
17.0555172548
30.8693994034
6.3582424422
26.4667323907
7.54219461121
13.312345905
4.53334108535
3.3840176261
7.99093527805
2.33711035425
3.9671473486
24.7413864186
5.09929561088
4.16672732764
7.44336865235
21.622859927
3.10206427025
6.09505889656
14.1997496777
13.6157196602
33.7205475312
0.714497746971
3.46878190415
0.947299520003
7.86272602432
17.7194249464
7.6876222904
3.4948029451
41.7336376171
41.1404288044
8.5204400789
23.6575893098
19.2730374175
15.1987652192
2.83725567908
24.5225194415
9.12147674532
5.96646178935
17.0160697471
3.31009101936
1.6622652592
34.1147872183
8.73329959376
2.87773044517
36.49958067
7.53845858008
14.8912481698
12.0382290441
3.97469192932
27.9943632438
11.422442698
6.87198503878
5.62251785833
0.442701527616
6.28072656986
7.12963961076
21.0230422311
4.58989930642
6.31641517364
13.6557223569
21.9214252631
46.3370776909
11.6094227893
10.6152233157
26.2113917515
3.70595507405
50.5930504554
21.6400857407
7.34189046043
22.2308793836
11.9639819339
3.45269808341
5.61778717908
22.1695853696
15.9596125389
0.332524363092
4.20388158648
3.40107064074
4.23803151222
10.9310138022
8.38438110093
43.5721670615
22.3643905862
16.959022346
35.0028448318
16.0213598538
23.5359718479
5.47614338818
5.44419889233
37.8803266371
16.8522687459
36.0043230535
10.1686307726
0.429148640902
40.8770721581
4.56148361654
0.281707122386
29.3793153962
34.0646337032
2.068944323
6.49632554749
33.7375630821
23.2414482874
8.4128855556
51.0105232401
5.88323646167
9.94578361891
28.0388601311
1.96958535743
7.30437438593
61.119821617
4.7470720966
0.276581027398
40.2145951447
14.5676797871
46.6168300012
66.493210128
16.0952716051
2.58173460716
41.925387848
0.571175097541
3.84862971845
16.9929555603
7.79321463359
6.2194798001
17.0993491635
10.9004823754
41.2545493055
30.4417782698
36.6686632086
1.32031323905
49.9277700945
9.80413541463
0.630282846422
64.4487299164
2.52797685473
4.34654410531
5.22583379555
10.6122360937
7.24587360867
4.37789483686
1.62990937126
1.44780466411
9.48687864233
7.82275624618
6.73832420067
11.4659965951
6.46490168406
7.65274195098
2.69874411741
33.5573070321
6.25426872628
19.8737449445
13.1430400954
0.13792720563
16.014235559
2.12184724993
24.8662594603
10.5065200879
43.8023910015
3.07938343936
13.5391145005
1.98710351394
5.20243695523
4.8430849252
0.196483781798
14.1713172394
7.15269478527
20.2775125771
2.06678942824
0.0142737236749
36.0503477584
1.86736612683
4.15336633949
46.247958769
24.3168906604
4.91734041107
3.70542525735
38.405083001
23.1961636165
24.2673877368
2.94623546414
5.44433042889
22.7918446562
6.53463424715
21.0218491057
6.37594222944
10.1537781701
17.7176080585
32.5445554353
3.24484645566
23.1925977352
11.841157991
10.6397365512
1.96325223701
9.50532676062
4.82784407953
25.6836546221
5.34895086661
5.07698670453
4.23737198373
7.50008141867
20.3537322905
11.0311641988
21.689936777
7.78815616764
13.6480152687
14.9803799314
4.75385487309
0.204478352827
15.1018504314
2.05613331547
0.924375345003
2.68940976376
10.8047979839
51.7044904076
2.71433718846
31.3972169539
11.013539645
8.10215429842
2.73092064515
14.0989621154
15.081757934
0.172646880461
1.88945626462
6.88007946259
42.8114918157
1.21129845685
22.1292721441
6.29101494663
17.7771214487
10.4197314238
27.6898286191
19.3233338851
9.24734617842
6.9885101077
69.3549480906
2.89325225753
28.7709290226
2.00995819611
0.0441254563387
35.1680373106
0.620474417506
20.0441762912
5.033389036
2.05546175738
0.886704271283
8.49480188529
4.59533654238
33.496015117
16.3690410252
1.51627290218
1.88543792904
