8.13324750384
5.7700231363
3.99012983209
10.0195172519
52.7630544973
3.4814040947
2.69394444319
39.2454983167
2.00879149231
17.4394562189
0.591686671211
14.2910040135
5.24333960535
30.83497383
3.70889067359
40.2248507894
5.69800569756
37.9773959521
5.62829913523
1.07132997998
16.8894175759
18.4996479697
1.61796515844
15.8514588688
2.05387615963
14.4038610505
6.81583552139
2.19133804998
76.8685834278
2.06424849397
0.624545891135
2.98341010073
3.06468897139
139.127002033
5.3742124821
4.18280756341
2.125123917
38.4293489057
32.765710631
21.7641781691
25.8941786183
24.9429802876
45.4284186747
30.1672969747
6.04752996787
18.5357463818
8.12919986343
7.59600897361
4.50864275659
16.3466954223
21.3978101409
8.81776570776
17.3169735241
8.67877769661
9.79182233491
17.9028989833
61.1982671448
4.61740228998
10.5013996242
13.3515575728
7.4569488426
1.05249288961
6.61570868193
5.77641396277
0.575506340654
2.57468188578
21.1143955125
1.05472484731
21.2547612382
3.3882570188
31.8970628245
0.0104342056912
15.5453145482
37.8139527663
8.87920973479
5.77364321166
17.5415953587
30.5489352485
2.31666213535
31.9880138495
9.57186485759
12.1891617282
17.4305234149
74.7597730266
6.91711019875
2.43346172114
2.24381019806
1.03763786569
64.9492253276
6.45961685077
35.9540389781
16.669566827
45.9520497977
25.9188411062
34.9839696024
10.3162034897
0.499481086183
3.20660716674
23.3263232604
12.6021303557
32.7307102995
3.51763560426
6.87157870069
7.98800031049
1.92021866564
37.5935645126
10.2068595815
20.2028189748
15.8606048396
21.5259706387
2.61537785415
3.48260470501
0.839102054222
2.04405806029
39.3942303402
2.20988684473
15.6048088395
10.0207757888
2.26607824585
2.43757801888
13.5885422818
52.5640901506
1.35163507967
7.8092904006
2.98832895659
21.1282078459
34.8520583645
13.0275424937
5.05484912094
2.71995732435
9.09461161987
4.70384812558
20.6150389168
0.762234522866
9.63609129505
11.5028102264
20.5199934242
1.31141176611
46.9919879611
7.74632363757
22.3448621209
4.80319567738
10.4641818439
19.1433749508
57.2770644398
1.10156969294
31.4941731894
3.24184980581
7.75586068647
24.5559152414
21.2368309871
3.36250744035
9.94086748192
2.49764624213
24.1919336721
3.83587698908
12.3905946471
13.0678122781
6.90413286717
14.1097006586
7.02927964877
6.78825538711
15.0153063478
0.0436765340126
34.6064673712
1.86669792704
1.29029643214
21.9494429812
3.18050473491
27.400931361
8.98361143833
24.7938609425
36.7213545161
3.10889451284
13.0865691675
8.63715012986
4.56346961665
8.70326051291
0.649107015279
1.64701531618
10.454567822
1.18833691266
0.660851974984
6.99826323605
8.33825267285
16.4758829877
7.26893226725
21.6494005254
3.36173750927
2.64734208261
15.0379216814
3.51064439992
8.89773970983
21.4369727836
47.9119454953
5.69715290702
48.1852119819
37.1982593084
0.678014806228
1.99374135158
17.4503151354
15.9431854953
2.41580999359
4.41506990195
25.6878944316
8.17764588396
13.8466117474
17.9906462458
10.3462573098
6.5413031195
0.37564666934
11.857503037
52.9886181041
5.22604218632
40.2713408322
23.0200948861
22.2347314002
9.58900650164
20.3623785811
0.116887798573
23.8059259976
50.0865213558
30.2926963107
1.21538882662
2.88975049902
1.39452253015
18.3133650881
43.1179884454
35.9979454562
10.0124141571
5.07751449364
23.0297165409
15.4072245014
13.5833713926
9.22493922813
20.4824552766
0.213645002985
17.308003732
10.3648481106
38.7423538905
1.54885759678
22.7408258993
7.04303832323
8.34764225326
10.0067974745
23.9477248764
7.87612998113
14.6404068952
12.10951141
24.6748827202
1.9877615869
11.7837621888
18.5509365824
7.83174419475
4.08573234516
1.70983035194
49.9568267599
5.27386699088
2.42546969031
4.42795719976
16.5911560305
20.8113047085
15.6355016747
47.5587764031
19.8793674481
1.91396262852
13.2789011136
6.95214523858
0.914214596129
7.01308607252
15.6182383991
2.35242538841
14.0402009335
6.52100631581
1.67747210977
24.4920854501
7.68545314869
5.1125493322
30.6524167161
12.440997837
0.660364851515
33.4876389901
8.25245291856
3.30302577536
5.63171917775
22.1609309921
7.84072253924
23.9514492353
22.763474657
8.90589220061
53.0716761905
8.39200537151
8.24226805214
52.8021437082
12.6776631524
13.5135992825
10.3423886646
3.95573615223
38.7758175481
23.7310334762
