17.5566750841
24.5667238111
11.5620909899
5.62490648157
0.906884288749
3.87304460574
8.60885347483
6.02518324358
4.18077196903
13.0148500687
2.55521802651
0.166291397036
45.8411146934
22.9399833288
32.8436037522
7.28516853323
38.4019056227
15.6123934311
32.3986314475
42.7715873836
46.3952516499
0.586816919567
32.5100066899
5.52641424978
6.68958692777
12.8512683274
1.25913674142
13.6936131321
0.91933363415
23.6630744171
13.9075798948
63.0491591693
9.77544417609
13.3830393457
5.42001749952
20.536800528
18.9909716043
16.5873492149
1.39572962974
0.137602542463
1.90641834034
60.9952014699
16.4041943934
0.60902523135
10.0940830777
4.14648735796
5.15162114708
4.74190428046
4.93587906184
2.46946000759
10.0501745181
3.78412761255
13.0577351608
2.04052600754
4.24892308437
6.5763229303
0.719513567714
5.54841431477
11.6705230683
16.3745348441
2.68913105089
18.8022125089
6.78590083287
13.5291662277
37.0795338235
0.592479523938
22.1108077371
22.6410267186
0.201024274409
3.39278462086
3.2354211213
0.364541192461
23.8715970241
8.58406549487
47.6737817312
52.4878785398
1.15980368735
14.4706798308
13.6726693231
12.9615836413
34.5588824883
10.3064492226
1.25288451613
2.64057191638
11.6210496986
10.0890135075
24.0794476365
10.8592935004
6.48685175148
12.4097984023
15.6908804405
3.71502179017
0.243981524977
6.2361931898
6.03568009823
5.72145476266
11.0331785027
12.2972863187
16.289827842
14.9957412327
9.1587989936
8.44975493234
38.1361537015
4.16795841264
44.1027064456
3.98533612827
3.39245249178
23.465749052
21.095663526
20.3549855683
9.61017488026
12.1023251101
6.18345219303
13.67444963
10.4275211743
23.3923562673
29.4965398621
10.9812814477
10.6618655225
14.8870999718
14.5285832326
7.5207575769
15.9742935714
4.16093040703
5.18501511723
12.7366116181
5.72137401739
20.5184446574
19.8365161334
9.25475245691
3.90626178662
16.8942987839
2.03897761578
0.875216480779
0.0736355718514
19.5888308024
2.30886607487
4.61651099236
32.9987674355
30.3195726522
10.7316138467
6.92769531123
15.1993978037
2.71724316526
6.2917946434
17.12049558
16.1808007583
3.42672143951
9.60525970912
10.6440270824
14.4821961639
1.77580192351
6.04817320604
13.1045734876
10.9471890652
12.6925836575
9.65909723286
3.92247377694
16.208995263
0.617924759942
10.5859982419
45.7444960312
2.66690674046
13.1512664774
3.96050260171
16.6451124528
7.80410709435
45.7892621921
15.7509026566
2.11386998439
10.710590606
22.9891949845
5.4588402736
24.6439531327
21.9051707999
4.86184272562
44.0295585907
3.30532379436
20.1949032346
38.6154750518
7.75221386357
17.2689485898
33.512048412
20.4804245328
14.2888620553
18.9514732657
25.8933817049
4.13566696736
8.3729586344
11.4841384732
9.05664198585
67.8188256562
22.8303754532
11.9653637457
11.3015631523
49.593354456
36.9233703628
11.3630742762
11.3158609838
17.9772667221
39.6224375865
10.5094553301
31.0527238016
1.13994529645
29.8587741374
19.3424764651
32.9825639493
7.51621021147
8.83651211018
19.4768363033
4.90942251955
0.923857371207
25.870164158
17.8559539787
7.87398948746
1.89802779387
17.7280625772
12.0663714463
5.86599003563
0.359172123209
7.94494702126
35.294334182
15.176386643
36.5075890883
8.09975352421
46.3691266341
3.50569288317
23.3544469982
3.20432580741
2.28633791921
13.7177477847
37.7580052649
19.1227803264
7.42037196539
0.879977531077
0.21101861819
37.2628859164
18.2599218535
18.6237309236
44.8075779512
10.4474505028
1.69391435007
14.8787901104
15.4176677369
34.0529139013
0.476472222164
9.70034533624
16.8992931434
2.0661642312
1.07058056773
1.16409084465
2.92923254028
5.00732755573
1.18184049824
18.9809706991
27.9608083485
7.65216133622
11.1209940468
25.1152337201
13.2752228976
42.586009437
1.65031981547
33.4242214752
8.72039642952
1.79272435239
15.1652167503
6.95810223175
0.745839346806
4.31667339631
21.9200835558
26.3182698165
4.32537160454
11.0685435153
2.10452344573
1.06183106471
8.21417053602
1.92652973038
16.6433615891
6.80594046827
14.9513312393
9.19026420445
32.5692252242
10.2442146538
11.5239116149
6.83019925921
2.50161155314
1.09809862535
9.69431283209
10.7498316831
24.866004492
2.92392521154
25.9978206182
25.7916936522
4.81128044161
17.8304140168
18.1976253836
3.04971981168
30.7110745789
47.7721112917
8.07939482939
