15.6850456504
6.1019080372
12.1313593141
6.50697963408
2.45236161118
10.2006935635
3.73177061526
16.0513038937
3.7282084075
55.1725671888
5.93740099967
4.8058832106
23.8981305919
9.06933327608
3.12690700047
5.38187000237
20.7798762479
10.8669134155
5.96271325114
1.55624818979
27.1090744762
6.81684986481
38.1030746372
8.70035873005
7.71419314975
0.22727675091
4.15911153837
6.25629036126
9.01089599886
47.6105870387
28.7485254836
5.89480755789
39.3888861617
10.8830263054
54.2569850224
18.1088706539
39.2738164787
12.5205345948
5.11090885291
13.1151948374
11.555200345
6.64284366938
5.27353319098
17.9979806245
5.5504635027
8.63338830276
23.0335539888
2.67916842091
23.0871459268
18.2343953277
8.48434548747
10.8393337583
62.5016270252
15.5060740693
17.9976807619
35.2204871512
8.8904176733
2.86600620747
4.92156310143
22.9345215801
4.25612993708
22.4513391379
51.6048017959
0.82586386284
27.9055936183
0.956667403899
25.6568680832
3.03446023281
12.9662185749
38.4215630156
1.48378478253
26.4524031667
12.02270953
13.8434697712
7.76595308017
9.48351136054
29.9593828769
16.1671016158
0.636616127619
2.8617002033
2.37237802033
59.1839647041
33.3377442621
8.46181534507
18.6784230351
11.135265492
39.8522137711
16.5663876017
3.52514902594
8.1082888395
14.2613752581
17.3617589941
26.8377590137
0.809167729793
7.20607030614
50.7568842729
15.0435318737
5.59573841692
26.5871464716
21.4202555178
1.95778471336
8.02918134034
10.4448811178
30.8950363545
32.1066427445
14.7209474107
2.65766604318
5.32078878164
1.23123947593
20.873184983
5.83068847406
21.6426292145
30.8005466282
10.982497867
7.60063376254
10.7190168359
5.02223141187
29.052537821
12.4450163375
30.8333626092
2.81774649879
18.36927304
0.889623330276
6.81031856574
21.9307433568
0.292212616498
24.0690380927
4.91913518211
3.36766096918
5.56107390369
51.064732723
20.8274236405
16.9304466565
2.95819294896
13.7207312063
16.939392661
40.7523925836
34.9249096303
12.3085143989
28.751473293
5.23181155951
24.4063495104
5.20712308734
20.4146598545
27.4111622948
3.69569590513
38.800792891
13.952279235
8.36566621297
7.37040925101
1.67886531419
13.6084826446
39.1574571833
11.207727842
11.3828087942
11.1281993278
28.719633831
7.70183863049
8.9290817171
7.89869687665
3.98972951023
2.01145193239
4.40195008832
19.7441728885
3.99066526192
35.3524638358
8.71655766137
1.40809370479
1.62529654668
2.12632429151
0.0617991767339
40.637020272
3.66047138605
9.96963869228
15.4088101516
5.32173887949
0.296608019642
13.4687135992
8.77660559662
12.3927439801
7.06735129805
29.5121461239
23.4804268395
43.8434506846
12.6303896877
4.84488784966
35.2248999326
13.7122484286
3.29067152792
31.9958669966
8.1942197384
3.96450966581
1.17569505725
20.1488412933
37.4671423944
11.2476421618
13.3947631325
45.9796770334
25.5050930162
0.806550877676
19.6158754299
15.5534900633
9.50666138742
6.31379987654
1.83966658111
44.8735816914
15.0753193564
3.05109600261
19.1859474909
10.6185051902
16.6126915786
2.30319960259
21.7304433654
21.4715634234
3.85047236801
19.1922386126
4.01422310351
3.66334166986
4.14898645752
3.88512538539
12.4048988067
1.58167153819
8.32706869014
5.59849170201
5.82435302754
19.9400496991
5.89455826428
3.58973315945
33.9578423952
9.21869680041
7.19340364423
55.3064957744
10.5401580673
20.9615158087
8.64611320648
7.18017463166
5.50926651329
2.38179557595
4.00463525176
27.1774221699
5.97536528546
5.78540380218
11.897503595
10.3808952468
0.711601695414
15.367078361
38.8247411638
23.6747506967
4.89802009972
7.91711336428
23.940050874
43.8553597139
1.84003299857
9.75060410535
0.653768332773
19.5644833272
0.276034670552
16.8096611097
44.64124179
29.9614151839
11.194178902
39.6033203073
3.2990502564
34.5144962185
2.18352255199
0.15185729873
1.32790888717
22.5225093668
1.18722830531
1.23935369986
37.7152565077
1.72473474801
32.4505320733
5.86954815962
2.31769972697
14.1240344376
7.30509212032
30.6334456009
26.7274825065
16.6610125878
14.1800792287
1.59271764991
73.2555781945
0.0609505889831
25.8372716207
0.455010259351
13.6421009529
4.62203858465
12.0619301089
11.8275980272
1.47779955924
2.85585080716
20.6011085616
17.3441996882
8.71754564849
9.51805194569
0.71531868881
35.2160625741
16.2167361642
10.8759616898
