18.8366682906
1.07437825978
16.9915011372
4.64961859667
3.55526623618
3.58613766783
2.5681407343
15.5709657754
6.33465677572
16.6936193043
41.1271158841
6.21791486616
0.271535790753
0.995303414723
4.78127192708
4.88932620114
15.6127989953
4.42735266391
5.6713448073
8.24743112603
48.9085961501
8.67964136942
8.97115590657
17.5099044484
15.4429438396
12.0831491053
1.90752058289
12.4978851033
1.92872907592
1.43118755111
13.9402207388
3.97996521743
1.34273260973
7.43924838738
12.9374068641
4.73572316166
23.5173279249
6.53303595517
11.8390019332
34.0445913085
25.8409830791
22.8984578996
2.57293898585
7.70339812346
19.6538692773
11.9684679343
2.22279161307
10.2598425171
4.65112749991
28.8807387445
4.50551144465
10.4036879937
20.8105683478
0.355761853881
13.6160463313
10.5189029132
32.9712720041
34.4516282383
15.2748709575
35.5968631922
2.1672406787
12.6630172895
24.3766848663
13.3226601178
15.5128649963
13.2161430492
3.78706604851
0.24424940032
32.6386704072
2.26065668488
8.15368802972
27.7594224172
15.4613041316
8.53457607814
9.31622072527
5.38327040671
1.22663590146
22.9642323281
15.4715524834
7.51536178671
4.16481567205
17.5833240394
14.1065644624
3.20479715603
1.40308748103
28.6469801209
3.04479444218
0.807304516299
4.27453356977
48.6650937973
8.83896792774
5.26276237789
16.9227540315
5.91722949851
28.1676153097
43.8553034021
1.18634841406
0.936318218309
26.6674871015
17.6620197536
24.736457999
8.92153369721
10.0219380006
0.381008748962
59.5898423306
1.22483432656
37.6749957007
27.8887910859
8.62390502204
15.7269937279
38.2920109866
0.552680070204
6.59055118455
44.2973657058
14.1890310488
15.9718474079
13.204953017
17.9558217573
12.7569865704
0.978894448635
8.79589157055
10.8576967547
5.35755113188
8.74496248197
15.0828380613
24.5703064091
3.54511305013
0.432716518463
9.67335757028
0.640136410795
9.51330010256
16.4827639626
4.83042223316
10.3199196231
8.21240697898
6.66423660396
12.6386085078
3.65270301306
48.5310990927
0.28204374596
21.2007987776
4.87943724416
11.7122921833
5.68902047759
2.18207515755
10.4564904675
3.94702589732
20.2551447992
5.50623972052
5.15115173208
41.384300873
31.9872434615
2.2830817342
31.6558033468
32.857371435
21.1929959735
6.55133192918
15.372506007
24.3226108949
2.13908366566
14.1713938303
23.9938451906
7.74867941865
3.01049850234
16.3928846834
7.40513141377
14.8946821791
16.4468849593
19.1607664913
9.80478726461
6.93987112698
17.5491296931
31.2975566529
12.219608377
4.3494786953
10.7484405959
12.3383205451
51.8341202095
11.933418652
5.73509130585
17.3574943356
19.3246498741
34.045266384
6.74265674257
13.9562474218
39.3028507137
0.0257514564465
1.93230168472
40.5939558488
17.3548562108
4.47673343671
13.0370833567
4.98037187602
2.98759840695
17.2600301583
15.8825272513
3.4685328155
8.30875931648
2.84608104113
5.34895699232
16.2769644444
5.65927337692
25.5664628794
9.35052301518
11.5273542677
41.3799438172
8.03356663139
55.853453884
0.254334676131
2.04056830055
2.35724706873
32.6446606551
2.38612535316
3.59525028925
6.63971072811
4.66180425117
2.47457859665
3.04553707799
20.6772991979
20.453506459
10.8896154459
33.0053614421
16.8075364378
12.628043876
28.978080232
24.5264281012
26.3276381746
2.15894660598
0.29206746874
14.3410872743
1.13068996012
1.75605950005
1.02415441725
15.9876959131
33.1078435456
1.45574964526
27.7884733585
7.70046162016
27.8664312882
17.8972291648
27.50703587
0.143036891483
15.337841678
6.74184126755
17.9836215544
3.31822747252
3.40355837234
1.20780038072
7.15826487587
4.34055604343
23.5038545983
9.98932973492
61.9627328379
14.8370263117
7.36153668596
26.1688826624
45.211660031
18.6076859567
15.63292134
4.51818240689
4.24229666999
27.1908903286
5.25164145271
0.611162180106
29.9983311775
19.1035001768
28.1033155144
25.8951006789
23.9740659456
0.691189887586
4.58181357812
12.1000752343
81.8964210791
25.6228937214
4.08409204597
0.211736754854
27.9253127479
0.127525544144
1.05794205823
7.67119852665
7.31821704859
17.7508457034
0.655824409771
1.23293406616
11.0089796653
40.6812149002
19.5365088863
0.492076617469
7.86503374258
7.22557952794
1.99443694891
4.12169612034
1.74857605324
8.45063548884
51.2273037108
0.511694243668
65.4862743699
0.433981233444
0.604873860553
5.964876298
