0.128217736362
47.4767782496
17.9943025834
30.1611457579
7.71481310528
16.9922973123
4.03252403855
7.97312152037
4.91358243834
5.09136973766
29.4737257917
0.849872158944
8.47136545554
39.9447557205
31.8178777626
20.4092614286
18.7683859293
2.3391670993
32.158689862
3.42217804943
15.2609095194
40.2249697072
13.6587515189
23.1050918272
15.0710587789
19.4062716249
0.254890061262
16.5731650125
9.75384322259
6.75655753921
4.19814376801
3.40683204499
55.8006775076
0.0205325288741
15.9243071073
18.1020813079
9.29065540949
5.75535614926
1.03730628214
6.0768586963
37.3412076272
34.1806290855
12.1234495379
7.59961776846
0.765143609852
17.0802147994
1.33409107089
3.91851066756
1.93847392288
5.41489933975
5.66601446457
2.124881354
106.834315981
12.8641611638
0.793758707792
3.02505660903
22.4115991383
15.1297238249
17.2501635186
15.9031090904
2.31680662011
20.331319903
55.217697691
2.82863900074
1.46160935626
7.14166301185
1.29887686326
5.9527306454
1.45875326491
11.1978089678
1.43957425995
40.3861996089
19.5309814157
9.62480866556
1.43155960875
18.7066768976
7.11512310783
42.6248536074
14.191489482
21.1716283053
1.43175931065
42.7893780938
0.735686442769
40.1313626332
6.78892174903
29.5533675169
13.3171859219
16.8272168455
5.8940701859
11.3321202438
30.3441374403
16.1591257049
22.9840517812
5.80013141948
9.26067117437
16.6795077553
4.12582011251
14.4494848913
23.8543618825
17.3093021139
43.576832631
0.460531327543
27.7052940468
21.9205301672
16.2092177768
1.46395823109
24.872912048
64.3784651529
18.5310386511
5.47110969707
0.705998131571
0.152214739245
31.2691674737
28.36238352
70.2600594578
17.0941341933
4.08458314832
6.966722241
26.300117973
14.3634135109
3.45165576649
30.7166602235
17.6948407298
23.6266124864
9.46123969595
2.33794806759
10.46228847
6.06746104172
54.6527287724
6.79179961679
9.41419187904
2.86913139961
27.5905004604
5.04131918265
1.09062981994
3.22459565952
0.126808033188
7.90793835833
54.2905243482
5.41197051888
21.5102634239
18.9616192585
16.234719938
5.15176475956
29.6779326324
18.0877199654
25.4845359154
22.7250044193
11.751328746
0.0805114131912
21.7896213661
2.0843307219
46.3123560342
0.959538587149
40.9187194715
18.2375573672
21.1939236425
10.9125399763
34.0378393063
22.9515024414
23.0841640184
1.93054869588
19.134443108
7.91524216965
25.3380624127
9.56887117319
2.09820077703
3.05861477718
10.4676701458
16.2896797687
4.31246353145
2.33481018832
7.76541019065
3.69728146437
59.428691003
43.7743354725
4.37420599036
29.7861082562
10.31699904
11.9096799101
33.4800065634
69.25530041
28.6531753906
12.4489283059
1.23808265718
9.71856939666
20.0269864365
12.8363562618
21.8888618045
37.7616833979
8.53623697249
3.27635076953
0.684566481506
14.6286036553
14.6460562516
9.58448127211
0.27582969575
59.7209573733
27.4432415625
14.40231292
3.57613749086
11.8343514347
32.6009016637
17.4080705452
1.57019660972
1.51489990611
9.45262192853
30.7422514333
18.1439800072
19.6545724904
8.80804154869
20.7029787934
2.20925724267
8.70244554096
14.5503115057
14.1135862831
22.3935989044
25.0481749786
7.87449615741
8.02735408441
0.0267130024728
14.804467371
1.72642469814
15.4214402845
1.20948819021
13.2969261253
10.0642550035
10.0161079373
21.1458973961
9.84497017409
6.90012522357
7.92466278112
28.3866022204
16.9770110768
13.741717516
0.234191046005
8.617841753
10.4186029759
11.3165815468
10.8768133615
14.2958484809
0.603466064764
9.23605853154
9.14561272317
19.7013874081
4.82091531151
21.2117170125
25.4569041994
2.30787915817
7.4741371254
12.0720455534
1.78270106805
25.8447410772
5.08412127989
7.36504517728
11.2012316216
2.33235122869
4.35521650037
21.8332036187
18.9541841276
16.2508745103
6.69398131607
1.70385814614
62.0193946787
44.1462605064
9.96978743188
10.5784458974
35.2107659427
1.32654862175
32.3156661373
12.3836997751
33.1340451385
15.7335787803
2.00100686434
3.74026492801
11.4169479336
4.00163323747
9.14957730675
8.05333958281
14.54616383
27.6127885958
25.0667272862
21.923796798
60.2661506233
38.2534053473
6.08846245869
2.16512449556
10.9652280959
2.01311507106
1.9882186809
24.545105422
9.53935580043
29.9164067682
5.4680368363
23.4585956447
0.794050654671
4.81303915049
3.5058122462
13.2961809712
12.8993590305
