2.87878028601
0.528995068833
19.7914629498
7.97507285147
2.52088805116
36.0090702092
24.7018159627
0.836137374721
0.146048805424
1.76161920842
19.4652515564
15.5042975887
13.9996930753
42.5184622695
29.8117401256
0.9041831751
0.0609671908575
4.30041822458
14.9493624715
12.1142335771
2.22198977529
13.726861162
9.1038514047
0.0329856648008
8.51457548291
14.2617983739
0.0133931374844
16.3995979325
16.404576304
11.9985763637
22.6860211903
14.3911142988
1.32240427178
45.1245266865
23.3977711503
15.0286797738
1.59449552411
7.0779124645
60.0021240432
27.0095949124
3.45019881032
6.68268805961
4.26702774627
46.2299560869
25.1908421082
16.3950882844
1.32568376601
3.47283705724
20.9881532225
13.6462258675
16.5685003065
2.13211791988
15.0882597975
17.9626758121
1.74998471849
6.82884928847
30.7688368163
6.64977628625
18.524321846
14.777793286
16.7928765487
24.3222127694
28.9422873965
51.8216194583
3.95812423678
9.26416968705
33.4776262959
1.44158212547
9.84840326172
8.85633734294
28.1291654189
2.37560880844
8.24694037569
39.8492463899
8.32295938512
0.138168254468
65.1690720912
11.1448519085
16.9734807887
1.23010465715
12.2829283925
15.9831406193
15.6613223515
19.2155845621
53.4214408262
6.653728346
1.68996626894
32.3235417441
1.16101183112
6.47768937458
17.05176361
2.84200319271
12.2066633543
3.93024771642
8.07926034851
15.3747168977
16.505982927
1.08853971534
49.8420562266
15.7758476773
4.60563679184
25.9150442444
25.3467802824
29.983091171
0.517409299682
0.582874500393
5.5908002738
5.62244805089
18.851665516
8.92812074064
11.4515912674
16.9894283539
13.552152498
10.7349429367
37.1338352379
2.10024991569
5.90548741426
24.1602584996
14.6131144926
32.7280895113
1.02914090068
15.8080618514
8.39059120883
19.0854594777
2.05406928977
8.94036191513
5.54765942389
51.0661440936
10.1991341229
18.3910074391
3.45049036113
39.2469895988
9.77477842829
27.8374911867
7.56855872701
14.7741447893
38.5502332467
15.4699372592
10.6280860673
6.83422590434
7.56486598676
5.60714187356
38.1447621226
40.4760305437
17.1116491695
10.0185334088
12.1150602948
3.43344198064
2.37096908148
0.266394543934
11.5910764799
61.2546767258
8.20878718613
3.23436623808
17.7626445091
16.8931679251
1.86073469483
1.27443595387
40.8000760364
7.06930328318
23.6308962535
0.455847755077
9.48950494731
8.58779039959
18.6021287645
11.7719575104
20.5376521118
1.46774222117
27.118442975
11.0668357573
22.3984919531
0.935338588396
0.860971272496
6.70858496733
0.976928393107
49.2833497467
14.9105915212
24.0770061903
15.0667001933
111.500302749
16.1606903539
24.4847372453
40.6915496573
4.87496000358
11.411799247
12.6608733095
33.6371823631
58.1142841265
9.37463328287
2.79986328514
14.8644144066
10.4891768425
15.6059146892
13.6482493817
19.3271643625
10.2928439662
7.67743301982
35.0515554062
7.70598032155
8.70943430092
4.94445607511
11.5717356965
2.7847345277
8.50814044167
0.135969039955
13.3620832217
2.55765158651
3.12465001399
30.2268078021
22.4536798429
5.82068594325
12.6690179496
19.9513933791
9.0565448831
11.7364700869
7.85333734392
25.7849019941
9.95402268525
37.3049174642
49.0895268835
0.655206460375
25.854200933
4.08442917098
37.7020046258
9.20699006231
12.1423126833
3.47115141387
5.76387222636
34.9265815057
4.20953754928
2.15084964982
9.24101074692
71.8234551709
16.9935229747
31.0789734373
7.91813928995
6.31582153945
38.6063847822
3.77636357209
0.18014469032
11.8948394976
13.0304600309
21.8014216901
5.12194565926
2.80936404487
10.6456051613
3.34419896322
24.4707243512
3.20989773092
7.78833635994
0.962250332157
1.9125898054
2.91863458365
8.27987967933
52.6063000925
23.5251199187
18.7467182686
11.5923162251
2.61290448296
8.6514434786
11.9740862382
29.4351177609
38.2512806952
12.6785468149
3.53286932079
0.632729711536
1.11478579154
14.5583096755
20.9401160082
1.12253555985
17.3418164647
2.29884491032
2.91311593588
65.9400399672
8.09568740653
4.38762252534
16.6484520876
11.4192346034
2.63135032146
1.23373223233
26.8987891875
10.5786077474
16.5630500289
51.0955804174
12.7796120531
22.3357534442
3.01507847966
1.69238867508
8.35862398449
24.1750655505
11.4314574013
6.6544976762
11.3840638515
7.09233959981
38.4641485929
31.7322048739
10.0233105943
8.37144447423
0.624146339707
5.22759757499
