16.9585625789
6.17394123237
18.4992735331
2.13594375178
0.404461835791
4.57088896
21.8431018391
2.50926038742
1.38974443196
7.88396352244
2.64781629509
4.35970847236
3.24203427401
39.341808691
0.929202606174
1.08161805384
7.81444042991
6.87678802826
1.13658174735
26.6575390423
4.92842335797
16.0609129252
11.3243249868
11.1186843014
5.09116005173
2.32356756291
16.9674579614
6.41039628621
3.82416611743
6.22317458397
4.30746432444
4.10125981794
21.6793575361
30.122003035
26.0229116185
24.768265568
13.5116380334
50.8651819083
9.57162572276
10.8862407272
42.34491446
5.77436586332
9.51682647862
5.23691472602
15.8147150008
7.75353793363
12.9840737822
61.576328178
66.3790064914
1.23122141247
6.53606621677
12.7854525027
17.3138985238
51.2758397996
5.52376874928
21.5600796863
4.00059387382
7.62991143782
2.72731918842
1.79635662192
15.2471893062
3.44049984895
23.0692786998
0.274040064409
0.346640831395
4.61845690116
7.78975259487
0.326690260933
4.59480152871
18.2548458992
14.1166286424
22.6137293584
2.68440415386
20.2961602384
16.2400718768
14.0757634067
7.21547695721
13.6886328313
15.7361663701
1.53395024061
3.11936227801
3.45187438518
4.76386063865
26.9178290344
30.4905837141
3.80916201947
7.61368310992
32.222649026
11.2874663884
11.646705946
1.10284052705
8.28780188341
12.6380279257
67.3801143214
9.62623235299
1.88448359796
12.1954881039
6.82125489756
5.43449272706
19.1900006226
15.1592724625
17.2506253159
2.99341844695
19.6608946507
4.08243343229
2.35830811665
3.70475512903
18.7288779933
0.594314277707
4.51309175416
32.4059698334
3.28108976719
20.9769565308
2.04245740164
0.27217494249
21.0639293674
40.9015150858
30.389764234
2.11081032472
3.4840053874
0.202501565579
3.43041765933
4.14224732894
6.18787174623
9.22994681255
0.21714646172
8.16681906701
10.205082312
4.11842177665
2.24494103246
15.5236314473
9.66630440198
6.94075114954
5.11057442173
15.7734602033
17.8117237822
4.0809913076
7.83197110162
65.1845886524
5.95360565543
26.5464650159
38.0199723792
13.5477519878
20.0924478048
43.2209817275
36.2677037859
15.0614932572
14.2138607004
12.6927123115
7.43616039199
29.6536285117
4.03120098885
0.170644977048
0.645701874423
32.1205104385
33.4563458455
4.23555268072
20.8566313836
23.0061661353
39.9492334823
14.8800541981
3.55565652901
5.210593004
9.74253196992
18.2348696985
8.30688231394
13.5981065997
25.5458527948
53.052133379
19.6146378479
12.2621389819
7.14552406473
26.6692195657
0.738114488337
18.3535189815
12.0249335281
9.32007692337
7.39780205972
2.10823926216
0.0342108479132
1.76193685802
21.0086130567
1.6661197493
27.9236555475
42.420519356
6.14122807873
8.95231019564
30.9389382052
6.78068943919
15.3817458506
1.63796827941
12.9761228317
35.8729143011
5.9230725159
14.2437081655
13.9675843686
0.905009933933
46.2736759775
4.58935036426
15.5909570071
15.6052261294
3.0130095776
0.856597349713
0.118012862607
20.8552790935
3.70032079364
13.5481262948
31.2575377749
23.7709048636
27.2176387382
0.906312497977
13.0637153771
32.8768657868
18.7342529643
4.67343002119
17.9553640193
2.75635265019
1.43800074264
9.26985565365
0.982300909706
12.8534163415
29.6472882583
1.81860436893
6.79765646487
6.75402654647
23.9472333636
32.98902453
7.18969245493
0.457243360639
15.9635673365
45.0973956614
7.7748493313
17.3236303547
30.2680729946
15.0698774866
6.78480951156
2.07485660453
1.92724911307
12.4550402549
9.39782060138
44.08288502
18.4163973282
27.0819384484
6.07323430348
27.6510896948
6.70690604978
5.80722404632
3.16528003257
3.92613499381
18.3325629952
30.163973624
13.6266061022
61.3464238332
15.1494436986
26.7264953194
13.0912100857
9.75556609867
32.977146909
3.32422315311
5.62867622696
3.3490160029
3.32761889518
42.0605584394
12.4807701149
3.22462427907
61.5589469766
0.171239801108
2.34366238165
18.9571057393
47.6745082475
15.7088604953
5.53610662339
0.536223674827
10.4843891685
4.91287393102
24.4248695392
25.7435276435
10.2044562089
3.04057067974
18.4751062953
5.54260759638
6.7401960558
6.87852135998
45.2573599219
22.2771018283
3.52978639507
18.2635373429
0.505566783266
4.0210162477
8.27118161552
0.814843549667
3.25543455046
0.88295341245
21.7470071162
14.8057011863
0.543682209231
7.82430312276
4.69000368365
4.61473806492
26.2419832177
