25.9325888708
8.27122079705
29.2393706771
42.996433757
5.03616849104
0.52869325327
25.6804911427
29.1867086841
11.5419629292
0.305093584009
19.2905656187
10.3817828604
14.1622882795
2.63951531127
24.8402676505
1.47189814544
6.28930694453
40.0600185576
31.9945157786
88.4161782541
0.046276395748
4.20231799832
4.14388208481
63.0944021925
10.6150822736
7.55661769279
6.22117795965
18.8477637269
23.1888227986
15.3001186512
3.06054929908
4.7429916363
1.76545469454
50.5123538795
10.0167544517
8.11530681187
31.7308042049
1.39597846012
19.7050068544
27.3832367309
22.186083315
2.1999188011
6.86729864337
16.3852809569
1.56419401834
3.65490474069
39.4847123278
31.9081726082
39.4927219951
40.8699736151
2.04081470423
62.9100427987
7.09890320886
5.14642470676
18.4611467342
30.6862392638
1.13379646636
9.62288056653
55.691499005
9.61243575267
20.9929033424
25.1694238017
24.8714390906
3.20911441068
4.86274949114
21.7217982622
16.5613153211
5.94266920506
20.5703398736
21.1232701675
11.5389330576
6.26171935889
0.768443037582
0.859808056094
2.47192104924
33.2700019867
10.7621984567
9.90183915434
18.0289698391
5.58838636854
8.8994458509
4.91309884168
9.56127634623
0.0329236168181
13.0233705963
3.25884726385
11.3958423744
3.60506527924
1.30945462262
30.1395729394
2.2134910087
34.3323488758
41.6936934705
6.69725093621
17.7083487006
4.80161009428
13.5804314228
1.55643392222
3.43953508377
1.90740444298
27.160126713
3.31637773254
23.7617386744
8.21948086679
17.906176821
30.2625263337
1.776527982
64.2136814231
8.42122082291
5.63602129654
18.8640775799
4.58260103409
58.7927819263
49.5288511797
11.5569303265
6.8931544853
12.3654194598
2.30374567342
10.1743446044
26.5839052707
19.0528857222
12.2557399339
9.21237326227
20.3453250229
7.72064121979
26.6973418318
14.4105293189
1.7295503555
5.51985555683
49.8053776892
1.28386114121
13.081323334
53.293405636
6.5696786141
10.5837915195
3.55269928039
0.294204703566
32.0361648292
3.89043647753
1.65508955352
49.850538929
2.4006549572
13.3877513931
25.7691572792
44.1607979552
4.09976647878
12.5911547346
25.292606518
6.94922550004
45.7513628075
26.124909204
6.1611765809
9.55098290508
12.3080324942
7.77554500135
2.32384924916
12.1946273071
22.2859111718
3.16377506972
23.333423383
32.77768291
3.42201033642
83.6128604822
9.81066428167
13.0088320088
1.1942216666
42.8864172361
4.13826528684
42.3808853818
9.09989066591
21.6112870396
14.2827000235
30.5867449717
12.0447967268
6.35466722104
11.0493860946
4.28134275244
54.8588422999
5.05506623664
16.9701815928
11.0966303371
13.2858985736
3.61954639798
25.8716455033
13.6575499673
2.46435784078
15.6134636123
16.3189599409
18.0255453596
18.8923643778
4.8498242786
11.9054096508
12.0716834762
5.29741233927
0.0161149358875
10.3550962042
6.9900862107
25.055790968
7.23271847152
23.0082151917
1.52685864173
3.54396295637
3.06725670971
26.762497059
44.7591790126
2.52254876233
18.20187784
3.12165392696
15.3922989572
8.90576076202
15.3559832213
5.18882384312
19.3284905097
0.0149538551024
36.4433438189
6.15343029472
0.0258946059572
2.62791637697
8.36453611494
8.4355643173
13.4838712039
4.79953560693
25.0407856731
33.6673821299
18.398695189
13.0796700307
1.36885638849
5.72262496942
10.9939522969
21.501738627
61.3818710914
19.2918494788
62.4496725461
22.4960088989
45.7176210809
0.623375296566
13.487837529
21.0290650647
0.174689680464
34.7782692519
22.9206651996
23.0220567476
5.05621823307
3.58989135958
9.48360439909
7.33871643175
23.2173336136
26.2121824965
5.82667919061
8.07745113117
50.556086559
1.00286756254
3.8829870553
10.395801496
5.99462209093
0.788595558874
11.6790025569
0.994994200342
35.5296739905
9.75088218453
13.8615330666
1.00100321018
52.6749642703
24.9256332436
1.38720224005
19.5651479427
4.37252461248
0.222263096656
6.51685539753
37.6153940284
26.5242571268
0.199627332568
19.6409661111
8.49234090344
8.85035780006
5.2513263446
11.0969383697
20.5401805817
6.63565996774
3.22835839767
0.236902258356
22.4748289715
3.05162429414
7.92308254337
22.3779145037
19.8210357399
9.16001077035
6.76564512401
48.2457426221
5.67654577029
11.6110880588
17.450550526
0.763996374713
8.85504071107
21.8613652213
6.82106595105
9.57538927504
7.86295215136
32.6131252539
26.8586062491
