6.07441012749
2.38228645276
4.17120245774
20.538488609
13.7029431197
0.288017922261
3.90106537817
14.6212802551
0.120562467406
52.1251973666
0.798810314496
76.9789128245
13.9839649954
53.898609138
48.1232012368
10.0906886498
2.32142943244
26.9101635736
0.469093865529
17.4342512823
2.03906157608
6.9079298178
4.06754521612
38.6537016822
2.00920009645
15.4135497511
5.63481578128
36.0714738806
5.56660804499
2.20403470519
5.96061434943
0.661035166394
17.6165926923
10.8197457718
56.017007841
18.4101363988
12.5123003782
15.6394551375
1.93565683554
17.9315517994
39.3792275755
5.42212146802
2.35865652542
1.40227000227
0.841729544155
11.9417772341
10.6827143148
1.12356232207
0.508235409092
1.58550616783
26.2047326659
43.6159211712
22.940346107
0.356511421426
13.4824822502
61.3101825957
11.5358786396
25.2473523013
10.4029214222
3.40925405501
12.6019796766
6.06569865726
30.6650521526
19.3299804404
1.12465520416
45.8091321942
25.0791279286
42.59539223
2.9675681032
15.7058347111
1.91249315177
4.18634406254
5.1108904576
54.3835442069
10.0183730385
10.1082793876
30.4770882595
46.817162715
56.6184180427
23.5051343845
5.13897194427
1.62523424398
7.31641015715
12.5200872525
26.6338130337
23.5296478634
4.60252147023
25.2649742115
9.41282412168
1.99691607238
15.695988433
2.87152080748
12.7567734341
15.8492510529
1.9746361891
0.0197313624193
9.61300699099
25.9673917391
30.5897063979
18.026093117
10.9169082091
5.81729403892
15.5510944433
3.28916124389
22.3139293718
0.0981504925927
20.636007078
16.921892967
6.56490755587
5.29779338734
4.85371165677
4.44858303168
36.1901910321
6.61560930507
7.67521822604
27.5814205812
6.69867152691
7.05473918208
1.67523552835
2.18609196185
18.557193681
44.9874390032
15.5694297183
6.22509710806
12.5426903736
23.0491932557
1.76600540573
20.3556042563
15.6315816274
57.0860952535
0.623975583803
13.0002309862
11.687710101
5.5649017533
49.9767040879
6.05083450859
23.4025493461
2.71844752128
2.16408473526
3.25989314953
10.8241073024
14.6938066665
8.45009986603
1.80299936907
16.9939664057
21.6826254866
74.5741069883
31.2297956558
0.521838390119
6.83962991322
15.4004210568
11.3549172434
27.730290307
8.87970241068
21.2510000576
1.92354657783
22.8421577824
2.06424848034
3.58639830958
6.90082783583
1.74150179286
16.3001332433
4.18207390953
7.04557630494
16.7864273393
16.1636769796
16.9726651757
2.36822681777
24.6218487197
44.3646960253
29.1616638488
13.6740484879
7.85888206483
19.9484424633
5.92219059497
0.125763385302
33.81393703
15.6443039722
11.177223521
9.52652624238
15.196023419
5.62757495155
14.3763960385
0.953830153904
13.2364094727
11.1110852488
18.6665295637
3.04627245581
4.85999223246
2.49995654345
56.313168548
15.8013751631
10.5498441294
15.0542838108
14.337410887
4.48475972484
8.4489012241
12.1888552167
15.7422021924
12.5685917999
10.6779761744
28.0352363208
7.21146716832
15.9394825734
5.6903088512
2.03105310533
22.3520356387
4.75168313797
3.47283115997
3.62746568191
0.364835067523
35.7743471413
0.151691989471
16.1225386364
18.480395881
38.1605586612
48.6774831689
1.4281273352
16.065999892
30.8155728857
5.50517739854
9.92579824732
0.180288599711
15.1853200586
29.2225749464
11.5402195285
5.49907036434
9.50054674555
9.89447880177
37.8096038172
9.30848590338
10.0163432194
9.24709350416
5.2655399088
6.15647797958
0.61079680795
48.1461425547
4.62149946015
0.777095511212
8.20491817687
2.27455156632
12.5181215793
7.2054707812
29.6359419873
0.551371897948
4.57046099926
27.1222156192
3.42873074589
0.222727047644
27.6040336093
4.65840352403
19.4287716892
16.1447877724
1.50534640033
6.25817593705
12.6116904396
45.0727671297
1.42483496376
8.33247903342
65.6785247651
10.8388954911
0.987243323279
43.8807810204
30.3355067704
11.2310146635
4.17971099626
13.0571749207
13.9817893531
0.394292269892
24.112954573
18.1142097388
20.7830807841
2.12913135377
19.4436140538
3.3264867151
30.7756143609
11.9898610908
6.04282392906
16.8560292501
14.6053342866
35.0664918632
21.1618391954
0.345066786699
1.0366136404
10.3261696175
44.4681377126
4.78610982994
4.10505261638
5.919327798
10.4464110045
15.8164259128
3.96771320355
13.7661007201
19.7278360246
8.1402609689
5.19458748407
0.201613829836
1.65785045221
0.357357242788
1.3619502615
