4.51182470581
15.1165283084
17.4356706557
15.2985080478
1.36773294295
3.35265466104
11.7926914584
17.3219159445
41.4830568082
10.5752754267
16.1036326053
5.36646192576
40.5144260921
22.9354302962
6.38158560414
3.62388827207
28.1949170789
0.197264929172
64.9744998911
26.8453744016
17.7196532658
26.6049457256
1.324094899
12.4214075425
2.08086094809
35.4696805679
19.1737850189
9.43304240465
22.3117427553
19.8370034457
7.73448602952
11.5473216195
13.0306397427
3.90017441609
4.4561618127
3.82681894722
35.47349918
5.91377670896
5.46752812205
73.3267743342
31.3490035024
9.76017535632
35.0964629836
15.3301758914
6.37193739927
7.03684593219
9.37047686267
1.2086272029
39.9999871036
12.2356321113
16.2781136715
16.2123640316
20.3687553935
26.7320214939
0.0756680394314
13.740775852
8.1709310856
14.2547049184
2.14253452718
2.47830714947
6.04309589436
17.7869957631
6.51727996981
9.93413100212
11.7668709399
13.6275109697
30.7713514017
20.306477215
16.2443398797
4.29034589159
23.1866815846
30.1487617016
62.1870855856
97.2539090803
13.3650820826
15.6406036483
8.90113156524
4.03527608682
69.7103588809
16.2439602818
13.7421580335
5.46246952616
2.78686262895
40.7470804935
0.614826524245
3.69646968034
8.00094208015
6.3463642088
4.90078341489
25.3938449193
4.99426987347
60.8991865295
8.47054436864
5.91819480558
16.5689888516
11.3836791521
15.2005994498
6.44196233694
7.99484683848
17.3816667952
8.52908618256
3.06200937865
22.6572532695
11.6298044363
2.37866184334
16.8411584899
1.56516009461
5.95098947912
22.3594062706
18.2394725406
11.2232855058
4.90930129466
19.9965038119
12.8163919025
36.8734554095
24.9243911565
9.54339758962
2.81647054165
34.3187786169
2.9993966023
16.0354504625
24.1416448845
1.41692216073
28.2298374882
17.4283920735
28.128764608
0.913126759305
1.73359743704
3.64994810042
16.7272877285
0.422010714085
11.1648741794
20.7095610115
0.105753251812
34.4654380169
51.6033202124
8.44799774732
6.27822603574
0.897932256505
33.2349227353
16.3066414972
39.1016737381
30.1337165674
3.85763958496
5.85780088223
27.1742487636
2.03588356208
70.442309619
1.66847263988
46.6306590724
7.17047357903
24.6985481782
1.99816483538
16.9555066342
10.4616850793
62.0028050419
18.1445238982
4.95894078753
7.93953402199
33.5625160928
14.1299937885
15.3329632804
0.589409407041
0.0287434870956
21.5270479995
24.0334868298
15.4757345731
6.81554777731
3.50987195373
4.21476417995
6.16564375144
62.1567467115
22.5978106976
29.4306454745
11.714571767
73.2534955708
4.3304375958
52.5618407731
12.1061094877
3.741649781
14.3661575669
5.74501064055
14.2921228903
25.7079994405
63.0148093061
18.8905883542
10.3157598399
15.7062746614
17.3191696355
3.52679360778
8.41334245425
11.9110865016
22.9534063972
32.4148874495
0.948897282359
0.400710323823
7.35235266759
3.49436382417
6.84971926635
50.7559894028
10.1800735644
4.49863841401
1.61399470342
3.69807705384
11.6014738897
10.9012393058
5.70591237994
7.17229146122
5.73124808358
2.71562507547
9.28639215374
4.7753185591
1.5224379125
11.0219810111
5.89414569522
17.4213931834
36.4387752215
28.7588046692
9.73455152873
35.7065677944
9.18953698344
68.3371075811
6.67678036446
38.7090795708
24.7579742918
5.24838367596
15.4875008048
15.9074251001
7.06967134271
22.7064955876
3.22280163473
15.4796638823
4.99089048351
26.665273708
3.21894079552
0.647907639262
7.291915127
12.7398091073
28.4429704702
11.9351256598
3.97737274288
0.796379378141
49.9604153091
4.88947279391
27.1651941145
18.4900633182
9.11161904628
17.0981986038
0.945982576265
24.06819392
18.6954770238
27.4382979915
14.2511637924
6.7885179904
1.23559595653
9.43756108636
7.44965699135
32.0141007954
49.4801977075
1.87288639665
8.74443461559
2.53648637108
20.4965205337
36.2092114563
9.10712353845
38.1265874046
15.7695079161
41.6823752435
1.56118156344
10.1564479733
44.6977848818
2.86404151782
15.9678537676
6.38209604159
16.2866946535
12.1393301197
7.69140048381
3.10411244964
5.18435653033
17.4362835779
20.576472356
7.93219652811
0.694525442475
31.898601823
8.46699977467
7.53693798704
24.0177515334
17.3558321744
9.8441131836
19.8027925083
12.5811015697
3.84429767519
3.1193606396
55.8250149052
43.5870634524
3.73578948214
12.9573218587
0.189782184273
7.73769813149
3.25758642575
