3.30543586441
15.8432558676
3.88547225389
10.6961152886
0.0518684434118
14.6007189552
22.7921314427
19.6710908559
1.3899188698
38.9422188167
33.5716890152
24.6368754598
26.7943549557
10.9202626477
23.8347531931
16.5049503716
23.5019061295
6.59644060231
1.52391034011
1.24215746937
10.1854936548
22.0647048898
20.7298760612
8.56993112692
8.03296064853
4.62480486533
22.2028316307
39.0603747245
35.9467665094
14.4272439424
3.14336505358
14.3533705497
14.0703140398
28.1621772686
27.9214794853
31.670820684
0.458295494653
19.5830900103
39.283433226
13.9344547504
8.94400875759
4.86308021396
20.8199562569
8.37418040341
16.9448802597
4.95849337146
11.6630604319
21.5521092256
10.3701830539
7.34522048453
18.8156049238
0.50110530469
7.53186258754
8.62977329942
23.7150937622
42.9901779052
12.4827563284
26.3078533574
2.95203275115
10.9208188033
39.6419949418
5.84135020072
1.98813961508
0.723539250084
2.15591868473
10.7235198496
11.9684489286
2.25539277375
25.1202565812
0.390938287879
17.7189630203
3.53430363703
4.96635938889
5.78894456351
9.18861368774
2.23823627012
19.117391935
23.9275647218
15.3335130949
45.6726114126
101.487605136
5.74687107962
14.4371932474
20.8386814128
4.00209195748
0.736868828055
0.0867788293094
46.2929402845
11.0413571232
0.382348926338
11.7836840559
12.8852980129
20.4955489053
23.4581984962
14.1318072184
27.8911914213
24.3928045927
4.56002036249
31.7517099689
4.91360429142
28.1185181659
12.1156591868
22.1530826454
20.8117803831
34.6593342589
10.3667967146
4.74966141871
1.07181323548
0.282213622362
14.0862388125
36.1335611677
2.47367365825
3.66488023415
12.6862633967
49.782015507
60.7815418297
1.35460154
4.72799398214
16.5868397166
5.2563391598
53.2316280019
0.512554371513
8.23574083729
2.52584164213
32.7673295606
12.1133356649
13.1900639695
7.84272466168
14.3701983575
7.40888860646
9.27660362101
9.32356542489
10.2739681484
4.09318964851
1.31533511892
1.22446803887
0.770984681336
2.84537859493
8.10919921446
20.8451293222
13.2324878584
4.00701006778
8.36076716117
21.6685457009
22.6785718437
11.0988814153
50.8625131177
33.1197443609
28.3055850608
5.21083806855
4.9609171751
10.6533770502
5.67359756134
116.313230817
16.2355160457
7.1568070548
12.1450937085
80.1809111159
8.50060997862
3.33637796167
1.0331355572
3.04163860841
14.4300781882
16.5202636118
0.608717465155
32.8503119078
12.9318820414
17.7080875159
6.1395481395
1.58814315481
19.9921994406
0.80347431854
4.14510407745
13.2540136379
35.8259918396
14.8497440619
11.5186743548
5.33604911594
20.0299532891
60.1898679305
11.6643695353
9.24854987235
17.4468842908
4.88421342947
23.8410352436
11.7692694343
17.1554218565
9.98644114741
56.5183948216
0.373887376153
1.1151112464
1.97915947899
21.2433161882
10.3340690928
5.22639642595
2.24722572308
13.4847017657
11.3043059529
9.73133254954
21.8684294691
14.1163032577
27.1144398073
13.4380613106
4.98966020054
8.36660887049
1.86685793135
7.53976851461
19.5530971399
7.53639094182
5.31563861397
0.484103006781
28.6334338128
51.2748471367
48.7266770224
27.6952165906
13.8260467603
36.9967864338
2.02610948722
17.5834447165
38.2898184599
39.3497082537
15.2723384718
9.98510134834
6.89618803775
4.31266226982
15.9745679132
1.24819924837
6.08219277823
4.60940205134
6.88654567403
1.62759553836
18.2302210614
2.27079608389
2.76468988404
18.1215462059
18.4327223478
22.3141631143
4.96389149201
5.69076206762
0.352437159287
9.79198733931
37.4390072998
3.18266067765
35.6882543565
8.97592174137
7.59808359421
39.2645868906
7.30297370613
19.8352751005
21.5392037159
8.12563853568
22.4423657563
0.517292911035
2.33817026124
26.0839295394
21.1893211668
0.174477256707
11.9317797845
1.78827903328
16.5116828012
0.897337712525
27.9568488525
22.5396889501
2.39105602727
18.3716033452
23.7284851985
10.3535877488
1.6360348589
36.7188288868
8.97265416553
6.7333666622
3.73292768617
27.5706092716
47.5496575761
31.6314706372
17.0593270857
11.2876964647
4.62198035759
1.66782886001
10.1389289069
15.3159243258
6.9055277478
11.1155652421
15.2961736083
4.57356332494
7.98857898456
11.5666582399
15.3164664823
31.7130994839
2.58105797115
7.70255750528
0.649412411556
15.9673742581
5.96064229026
10.9633436244
19.3699713203
1.24488547044
8.59325692098
1.41758340427
7.03219970037
