1.48738260269
22.58619843
22.9609928223
2.11657818095
47.0687525151
6.35601539307
20.3243848365
4.34134916135
10.4828101341
11.2812294558
2.57616762001
32.4919790245
4.65330020833
6.01158963409
18.855863473
8.13805624605
20.8522807892
10.3251468897
4.43639813745
0.151688991844
3.33216358739
22.2810207598
0.852981520172
16.4271440289
5.00633466587
1.94708969301
5.04650424248
10.8367883073
34.9653600886
16.3735414479
8.56325266853
7.69251359409
26.6835045454
9.79187212263
12.5489875153
0.720226213009
11.8249411638
38.9184204243
5.3313386722
22.3971059009
18.9605982259
8.90831984669
21.6094703391
11.5045251442
32.1318194289
25.1497003256
16.7064804849
11.3877021955
4.7463382735
23.6375590905
2.77846206433
9.92148448942
35.1526247429
1.73326472385
18.3288726314
5.83734140328
0.00649198148281
6.07729516758
22.3240008683
4.8247152835
6.33115265528
56.735455192
1.77521834721
31.2515414392
6.25690144089
5.0999954343
2.08799476854
30.4936566757
7.01853727794
3.2726928407
2.32116803627
21.2237308065
1.57498374833
8.91968462817
23.1566498127
9.62515525002
33.206644382
6.75169710481
8.46885530138
15.6763347719
5.20808246726
38.333253795
27.7322513138
0.866693361975
8.95802013153
1.17695958913
62.1365201355
13.0357863269
22.6011074542
12.4911739647
18.6053477099
77.718497686
16.2276675143
16.1513504592
28.0218019873
1.29722627115
4.87262981219
10.3833312896
2.73436802831
13.1389554295
1.78254078084
0.894296240072
4.03399193267
16.2965985033
15.6585046965
8.63063650832
11.2588036536
2.97905634808
11.7688128405
49.1847150032
3.89961308081
10.7171495801
0.244435006218
18.6349592112
3.33637887881
7.85049295221
0.714475061969
11.4324618859
40.9566651995
6.89231267127
17.7404555305
18.1722608272
3.57544968023
6.64874179483
6.93446592454
8.80150929949
18.9732627299
5.32811783758
47.9353919902
16.4470684908
10.7109077153
1.97168976316
5.53552881428
25.0341546539
1.99465174284
5.77719748843
13.0297634584
10.7096340086
16.3695373027
5.81443687177
43.6976946048
1.60712115419
10.523921521
3.75219140647
9.8533877356
29.3153252774
0.603267658191
25.8978174299
24.137493479
13.4407993019
2.66010716409
14.0721838295
7.4861277203
1.64935536559
4.0350451938
1.20907767673
15.1638522698
13.2418659044
13.5501622695
5.12663950656
8.60175763488
21.2191494691
15.7681054406
1.36431972088
33.4662153354
4.49672948451
6.60288876965
0.496568455464
26.9636468659
4.57407072322
129.791864632
5.31910564914
3.23724237078
23.7590351955
7.33828524892
10.2374771302
20.0734253515
2.68794647787
31.9814372478
4.90859436384
35.9619682555
6.7385729719
65.5899325712
1.74700539832
1.79091208832
4.97846882606
3.28079881462
13.9669487362
7.83754075997
2.1336374584
6.68521475237
2.31844345987
9.68982448827
0.654149192445
52.2847770774
0.514543039598
5.34157759427
35.8275494671
6.39889422013
50.4571706846
2.27078929951
8.35257846806
19.8768104756
16.9444506261
17.9485899241
5.61370676151
33.2466714208
8.51009482418
13.7101487095
1.99468778786
8.99951816369
20.3604167579
5.69491685287
2.79388182248
0.720434891962
5.62246698693
30.8837518657
6.28149425385
10.3974972907
19.3125246339
10.2092852317
2.40597078646
2.34160525237
24.1488674742
11.5045763675
4.43948517213
13.5217246004
47.753565846
31.3664244083
16.0808192478
23.1393729268
9.71355356853
10.7153584725
11.1730591637
62.5305436915
3.64279863002
12.6912491491
13.9400412283
19.8349266165
16.6996084363
42.6954732404
15.6526051799
13.4111126475
12.0234020321
9.46590044844
15.7220948403
0.631919903666
2.86300377558
62.3894512412
21.2145763094
19.2519927058
7.7108470177
14.804811049
22.1550031633
15.6710576438
13.532658448
1.24097159979
16.6123238292
38.2561401088
40.2825124145
14.8118893525
2.24214207268
3.27262742959
0.772743836032
5.21003364695
20.7439688781
8.81101686995
0.189627210741
30.3365893114
54.1459651021
7.12168409865
41.7529500076
85.4765135699
2.38165548753
14.8268181358
4.093969543
9.60313783735
5.62924321865
8.32260017382
7.1858772609
32.7901246311
11.7080288265
14.2238946179
7.93781129748
24.2895540102
5.47343335096
1.89937326981
36.3591881221
0.832365564062
23.5857569447
4.7650779984
8.06180441239
24.767122696
8.93599810823
12.3363315567
5.9874529754
20.2087312064
5.35003102528
44.6326574303
16.1145642937
