7.63693487421
6.2369682644
8.19818942755
5.06084758935
9.42648074407
21.6949018892
1.98528694091
34.7245240957
0.9318009856
4.1146717764
58.3656671553
7.90251876355
25.3954545209
13.6249237401
6.22878157405
10.9713621274
4.89347463152
5.56790517785
3.47209779419
15.7577025051
20.1848455817
3.19862887334
7.10570782579
3.67212348242
3.52917003957
0.69525200775
2.24641966245
32.7178532664
0.543062839769
0.364843651423
23.5022656729
6.1871405304
28.1282450035
13.7812303562
1.43618935453
14.4835879981
23.9560130322
22.7548501818
38.6733909068
19.3907595609
16.7434748935
17.6517825433
3.53730215578
20.8855315585
1.13537007111
14.5842163825
12.8745617392
14.633671775
33.7293617523
9.51354140931
1.96240875744
2.82738674169
15.2841012215
6.40272245781
12.1560140031
6.24834849432
3.68443278742
37.0381787522
7.48412762828
62.6822828961
11.6452908337
9.88958954393
16.3394961787
7.2861038404
5.58086054201
5.8962660842
38.5257272214
13.9939946809
2.25015100222
10.0932400315
14.1841135994
16.1139670836
4.53025968516
16.4364705244
19.057179658
0.266139821021
17.5756379418
1.11718700527
3.36730868859
17.6894847952
11.394973594
3.1782463073
13.3682670129
5.09647717881
15.1215338141
1.15664366354
8.01643642797
5.18244793371
39.8252957425
7.46083425739
6.88140321551
10.0873074322
21.747856969
26.6081142607
13.015824916
7.97853614648
17.6672266693
6.14193873288
2.20876844488
10.7344746222
6.92378112391
4.50756406792
26.6638106706
19.7480305689
0.0273709795443
26.1636726803
40.7802714635
6.09668867078
30.3968646889
23.2961468025
15.7147449676
13.306244976
4.29216689766
17.0912425815
8.17801489533
6.11467430516
34.1921678124
6.9479020138
18.1968717367
44.0738550816
15.7958532006
25.0947440193
15.8049782107
14.3527447707
5.09563875808
3.34566600026
20.792013603
14.8591957733
9.83159307403
25.9793429551
21.3886546502
2.60755356956
4.15211485484
41.5052699874
3.22216110325
20.3781750939
2.07119886315
26.9322707799
34.8083822704
19.3421851617
8.02645937496
12.739775623
0.314102490282
39.1731498041
0.919923548051
12.4870315062
0.686821023194
20.172431321
1.55687583741
1.64035235716
7.99730865014
26.3643620883
17.44913808
25.995135362
6.87085151341
1.54286713119
37.7834926035
22.4908688017
2.27831817838
5.18741464702
23.580386027
17.8908893237
20.0413113272
7.76483694075
3.0466858061
38.9796859457
8.80922701383
0.206193015076
26.8427668022
0.915284427332
14.0172734355
0.936017418166
12.34627919
5.0725634194
13.8014772593
23.1649445686
65.7901728055
23.7308616532
11.0336319379
15.1350794684
10.3532820353
35.4854397762
15.0981162076
6.55941818193
1.55634840486
13.3305194403
10.7733007277
11.790801854
0.718773554765
1.28433994692
27.6684380204
1.08881825865
7.56697570579
3.81439854258
7.25199874569
2.8740023031
18.7904921932
20.7217721711
9.25722614071
2.88857079886
34.8788179561
4.68371485944
3.27697113345
2.42286486626
43.0642384919
2.51238460315
7.77933304595
22.5487142218
8.45796977487
23.8395577892
0.569116119937
28.5226827363
2.86543001029
6.54445764915
14.0625323145
0.907002154773
8.00393390953
0.914324235399
16.7339547341
3.97216709632
87.8640079491
9.47588867295
3.1694772983
17.3552472409
44.9446101395
10.350168718
6.76552387196
23.6764895385
21.6572570998
27.5502308063
40.2572788508
28.7829330641
15.3683452929
1.15288795833
5.59438865044
11.1202039748
15.9402102261
6.2755323103
5.10523055013
9.48525698438
9.06387675233
3.82993651296
30.3583804867
44.9932325967
9.98819744545
15.1120999483
13.7543599739
44.187591048
3.8595956183
21.0256992524
40.6166962661
54.960938783
0.421953746646
0.59785317396
6.20077061973
23.5281853217
0.703152845163
22.0502028799
31.3409948835
20.0967146343
10.5972406505
0.914695422571
28.6098579513
12.3827404911
17.5696777524
11.7027041849
3.64741050828
5.97794150374
22.9918583382
1.54485378282
32.4611183741
10.3780623965
36.2350504489
5.05284948542
9.15947387051
0.93255154923
4.30062578016
14.8907451054
10.0710319246
1.6576285206
3.94387798052
16.1076064126
18.6580422889
10.6174382713
10.5926076938
36.0019504573
14.7025013867
13.0487565992
3.35909119302
6.74914330016
33.5028586911
8.06777971433
11.9500261526
14.7789000882
19.6931709873
26.0221892081
44.5105972386
11.5048540552
0.187047197245
5.94521214724
