0.785298861051
24.1603380181
24.8357609093
23.6644721763
15.044571243
1.89871443556
14.7496209041
0.194959672485
4.73899016861
0.669499501086
9.52857436243
39.0349052612
26.3847395385
18.6115971378
8.92758277699
20.1585262405
2.86230074049
6.37478693682
17.1378446965
6.07458623773
66.2266556288
33.8431609625
32.3894381153
0.714607420483
52.9976629538
12.4936600684
3.86552167762
13.5272072559
22.4243307646
45.5866899422
1.1664396852
1.41182560181
0.159878983853
1.73882790502
23.5585962922
13.2897080549
15.3290457728
23.7635681781
23.404954172
7.47451873992
2.58092389158
11.4552138491
14.4905135267
19.2419653496
0.298672281837
0.589752405033
3.16393814131
25.3049574042
25.1221286046
56.8354376652
5.19387963309
4.67747847066
3.91779916094
88.4473127632
5.20148046409
4.12897862829
9.80680889567
5.61600993799
11.6792466485
8.61448118903
1.00564246811
15.054362563
20.3146921845
9.16039584172
8.59043509255
20.6432705703
11.4463979691
25.1323959463
5.79059337366
3.89565514515
5.82805598435
23.3792142931
32.6273535905
0.644975336514
0.207625916315
11.1270417761
17.222391589
43.0708386768
20.1215989184
10.2695254958
12.405155847
30.0343119492
0.766099216715
32.0285055032
2.91193099568
50.304682991
0.0111652864709
11.992245704
0.585165808526
5.67062147589
39.9192980289
31.3669438987
8.96506275839
15.7157207842
8.1824280304
4.29062679293
15.119842283
2.9044009292
3.50067899092
20.43423939
65.2688132813
7.66847912785
3.89119201937
16.8645454698
9.04669914545
14.5835458967
1.90925813461
41.9285447577
2.70834946597
9.70382428927
1.5964927909
34.4031128509
6.30228624943
31.9631787617
23.4053893636
24.9005257136
12.6004295085
8.07811449261
18.2094501541
1.88896311508
23.2026657286
19.1994814408
25.3637032594
5.22089369604
20.2073913456
22.6220286514
1.81084095969
0.97879345101
3.35094757883
11.6312017997
4.29759216857
24.6326659183
17.996491677
27.3364310622
18.9042797835
8.48537450761
10.2759236836
7.37340745893
22.2416959303
7.00550034791
20.8370164745
136.719444414
30.0622676648
11.3805914242
9.01864596465
3.33686768182
6.00169481496
29.0821923333
2.68463093751
3.18399606805
19.9376738036
7.88097561961
14.0149481568
7.88672795988
26.9800003546
3.65926064861
2.43944837123
19.0601232748
13.4027525065
10.8630557853
4.76749590094
5.73659560005
3.62113108635
38.8884459106
27.5078396039
8.2493943892
5.1431044484
1.34433707034
1.98125894436
2.20698267863
0.028833626778
21.6394838307
10.948581156
13.3222506745
8.3665923206
35.2731514693
40.7533903491
39.552136844
2.42619489384
3.90522985764
7.25995272871
20.8560476114
38.7750735756
15.4608778007
7.69435477174
17.0175664744
8.26205830167
30.6358700717
0.894104069538
0.919009828037
10.0829133605
13.8715577171
0.838760326643
20.5051847339
36.8169424538
7.11782603965
25.2977750179
3.99482663778
2.45160824663
24.4596319163
13.1468306166
6.39588534935
17.333430963
8.46842608161
28.5750528669
20.348726319
28.0937348952
30.4521272629
22.0247667058
3.39489769932
0.368495511279
1.3766360664
29.0889239669
5.93683414776
1.80948308384
1.40368565322
6.97923497066
20.5997418606
7.89334867169
2.63742128769
1.20644543453
21.4450940638
16.1991069216
18.502054696
39.1525932405
12.5893280243
25.0271163869
0.46262400269
3.09486222234
3.86535723698
30.8420079007
4.5796809991
1.63033665382
7.64163671708
22.2440134497
9.44283793252
25.3393396748
37.5076807026
12.6033219047
17.3326736853
13.1541880617
22.8102859314
14.0733403358
23.4467531177
1.77690763175
5.73692177652
46.7556327517
14.0279963113
29.3655574523
34.7118482396
10.7700250243
19.3834066929
26.3442934228
16.9072168574
23.3988307048
16.6200430621
15.3014782535
13.8120871084
2.11793771741
19.9714375266
37.6907053159
3.75110348233
4.74921333313
6.91881122267
8.85641632296
1.00414163107
5.9584153822
18.0901628811
14.8113981344
17.806184526
4.55538586462
6.74125845626
33.6681082319
13.4160060677
2.86744647451
22.9905693796
7.89818722827
8.1597697201
20.4941180329
1.45077227378
4.05489734041
9.56706116363
7.75786809397
5.26595438269
7.17294887216
11.654451945
30.2498385247
45.1607181737
24.5987280507
5.14889606174
4.15202395917
5.37794782883
8.72962016608
22.5244721826
14.7306756555
1.52628633866
1.36275424342
1.6460986231
8.70249773347
0.390918120321
