0.350333648904
31.0289158979
3.41844626536
1.63333814569
10.5651056518
6.20845740411
6.80109516554
30.1685705132
4.0639508068
3.57435979962
28.6379210316
11.1110225174
6.05541640968
16.3725684576
21.8306706734
6.64239018512
4.82006978726
26.0548008416
13.5209334231
1.34880935553
1.39881304522
6.52862339787
10.4785049742
62.8231097815
2.06873148241
16.4337501049
18.7279316974
16.7508342478
5.51128470113
46.7126655714
30.4923100263
7.05280982239
2.86133789887
13.5973475844
11.0326906548
0.106224019119
9.06799846183
31.0021839778
8.15949933147
2.3135050398
24.1740951074
12.5981063323
18.3092384983
66.0924880411
3.32735898505
20.1552999058
8.74305486243
11.2957852744
12.7076201136
8.74930101871
3.41794080938
11.0513870313
36.1533768485
6.16712010999
7.39990846823
10.8878813632
1.84310423283
41.865844605
6.5483517775
3.64308840632
15.5374478408
23.320889215
1.34548000178
2.09514260222
9.7789132273
4.48865707177
66.3730367927
14.928117818
30.0886720167
29.5313585712
8.44720902519
53.8084873535
5.98935193354
37.9582424053
4.84001688988
12.883150948
3.87890026359
14.2073712714
11.2782057914
21.2204177275
4.65566242392
13.8140239227
1.24923901812
21.8157125678
19.2410142119
2.26109285023
37.9569223786
8.90777618524
24.9104069253
1.41326321167
25.9979019323
1.47843050051
14.468905183
3.71497946824
23.8437048174
28.1145964189
41.5338954851
1.91315785842
13.7257727476
8.20274295495
34.7956478553
7.81572023637
16.022466185
7.47350678271
13.0096088326
26.7480842725
27.9102425649
23.0375116222
11.1937318156
0.75011474707
27.3307671755
0.624748358373
5.14716505184
4.52800669341
3.95423669141
7.11635214423
2.89406847167
15.3909634455
5.07793096267
11.3508653769
2.54290261141
42.7882345323
3.11838917328
26.7370694934
15.149398383
28.3726191961
26.1309204987
37.1154460999
26.1941658928
12.7113024736
18.5398090576
5.19254222569
2.15485809413
30.845904467
9.6132973113
51.364426559
33.1570396209
38.9262362229
26.1159833654
45.4158129773
0.392383274371
24.0031709661
14.4289183051
1.71282795062
1.51708713566
40.8695858572
48.5477048974
2.16700495124
6.54829868192
9.01795991611
11.258393756
3.07193336228
4.55595122905
4.34209297149
15.6418035349
24.1878188368
3.35193260922
7.48172324822
8.99071304035
6.06026001297
5.59886525972
4.56697889479
1.7322557676
2.48020239575
40.2948114279
7.95443818287
2.71150456745
9.43578725826
6.2639658778
6.96841121208
28.7604838177
45.3254476748
55.5596666874
15.3728179955
0.116146355008
4.6574540476
57.7494346587
47.9111689039
1.29748229463
8.43996221071
1.14287089128
24.7136233009
8.68354284121
17.3310916156
26.0853192454
13.2374055938
16.92850005
0.242897599589
24.925248982
29.4912595257
12.1061170506
20.846304959
47.2254278281
5.66312550183
6.28043972152
6.78506788267
5.12037194527
5.69287658325
15.0877812563
6.40755559659
11.6560985325
1.72646185683
3.6773490564
13.7227990334
15.329473301
20.3889008384
1.99572429913
26.0615147501
0.0763772342222
1.68181765961
29.8785161849
27.9842851861
6.66719616679
4.79161253922
10.8753151609
2.83611821788
34.1862867716
10.559105803
67.2016457895
1.06506071129
2.94938037073
6.06254074157
15.344454847
16.5548619299
6.45921485566
26.0443853854
9.2171594484
28.8088424763
0.370816222064
1.41347081159
24.0481868825
10.9349431857
0.0319039578857
52.4272999818
9.52561999703
5.74495114002
16.4997732203
4.86369600905
46.2202329883
25.8975327162
8.35870422562
24.0549157707
2.95268308876
9.25551400578
6.87727314815
44.5977850954
2.4060456409
4.32441589831
6.1448656948
13.9411046675
19.7678521117
67.1224711448
5.19377519824
4.43990444994
22.9829387631
25.2341278959
32.0970854829
10.0766510583
6.43128827282
2.57753909682
26.0695143774
16.1371563576
11.3914978122
39.7427670575
6.69959144422
0.79015141758
12.916557234
19.4861032661
0.910492901358
13.7486536626
22.3020522144
1.7840443826
5.18354035111
10.7543581329
8.16084862351
43.7907665506
13.8737887323
9.82917371958
20.5680059991
7.94441877696
17.3935174028
0.0921061484846
19.2577189989
11.4495589271
60.8967719873
7.00738523367
3.14311554424
2.89897691994
8.6296074921
30.3484197073
6.22908972241
24.5181154795
7.95158913328
6.38777646215
7.26249227327
1.8791869181
0.93034976799
22.5560379993
15.0455376871
4.17980291687
