41.7741037377
1.40546212771
23.8789832629
15.6466735447
11.6534949931
11.3900644961
8.13281532282
14.6943726085
2.60550433731
5.96947510472
17.864612981
6.26497038788
2.52412520257
27.6810793959
9.57788964775
23.7664827847
7.38260045534
24.392473115
33.0018678241
11.9985969147
8.74627866476
2.10733892266
3.7083939436
36.4092672289
1.90998832438
24.8146820744
40.6481903407
9.61273102374
17.8940237757
1.16894790768
21.0737487843
26.1826658589
33.616370748
18.443376709
16.7760955253
3.10049399775
12.6030263204
16.3078142348
24.2675171054
11.7468495239
7.0059211308
9.81132384585
5.55872521206
74.564319496
1.45535560432
8.31948327064
9.21635936664
30.4574177292
4.62125352825
27.1822897046
34.382984888
7.15303757331
11.5258777618
9.21525938075
23.4869429968
4.93078125897
3.22320995403
1.41121088337
18.7235813502
1.21022214551
0.418371676696
5.0970493343
13.251957616
4.95472590426
47.6743598094
8.50378108368
9.76999862581
3.69202393988
3.41712507457
33.6462697084
3.16264894545
41.7627188761
5.27273572566
19.2137966737
18.4640884754
1.49136956498
2.38572585098
6.78337592288
4.05232703589
1.38382140541
13.5475954669
18.2244785676
27.3790161119
26.1462231179
4.31635522126
4.70205295408
34.170838724
4.06116408322
2.94200026138
30.5441938609
1.4027467955
1.3446213383
30.9060138436
4.22809534057
2.35749434161
6.44469366773
30.9734382825
4.2316238115
18.9689956091
31.8525059796
7.82105751115
0.367258012458
2.72096970523
59.5022065377
3.70472049181
40.6019857208
3.91609338217
34.9988946457
4.24751077745
27.0747998574
15.5111465561
4.05494466596
15.3778453964
2.80548992492
0.0049219909673
11.1523327885
53.923434919
2.68127646597
1.62541851766
8.6034476996
12.2138717041
4.05169564991
5.73715528413
25.6311206946
22.472064506
18.8709357149
32.3987650537
10.0078398412
11.1939302288
8.82349929895
50.2150089365
0.325502146269
3.49347038636
55.1955125822
10.8628994898
4.03821759921
0.378717906058
1.70289130288
7.22921790491
21.6854108394
2.37793512085
27.153127972
6.36106937863
3.40171484903
6.94493170447
4.51749927761
2.16715399637
63.0025541524
29.2845623356
11.3357986142
10.4550626856
38.5063867458
31.3400178006
3.50034902994
16.7138303308
3.00392099265
3.60265288867
2.36036441951
19.5055198898
5.75063998273
18.0451581224
4.28656708543
0.975411651525
17.3025427414
17.7807206052
80.0429115177
5.51629964402
26.4219793126
0.399339932863
17.2447135722
7.3859676133
25.8864097039
14.7164667606
12.9637330312
8.13745172887
12.1656892591
67.8300723807
26.4419532751
20.3022820727
35.4197698544
32.6730740055
25.1232011034
7.24664574082
27.4685642972
18.9388013032
34.909822986
5.33711767141
18.0729536617
3.81845276589
10.5800169347
30.2624061167
5.97469086803
106.377495403
20.5735721319
14.8642070331
0.621843738973
0.163851864971
13.5843196974
16.0004268071
26.3491709905
7.4938800433
31.2787382242
12.821582248
14.5455384421
33.8855194156
11.7223763535
7.655147942
13.2149801286
0.570973540024
73.7141707129
2.9524626325
0.483977510311
11.9457028603
2.59320706111
14.0183541034
4.27226349518
2.30177486637
44.7396723987
0.844910374706
7.40263189592
13.9415881124
13.3262967427
6.70240486237
6.25783967891
21.6978113312
1.57598126877
37.5607764463
9.02127189116
21.6864608659
4.84604678082
33.3860436023
11.7424288083
10.3859009951
1.58502593705
27.4431937668
7.09880549673
3.23878309474
63.369110338
18.0855811455
74.5490616917
39.1666932329
1.50495025448
4.20437789814
4.35714164662
38.165195527
52.9737862658
26.5990253945
10.7443741787
1.09313950585
44.2098448094
1.71209385125
7.64364981772
32.3982692312
2.46169904948
8.81768460284
15.1071298878
5.51326644724
2.93799727744
6.52316785448
9.47750316916
22.3497856281
33.1456380279
10.5279746594
6.37738945548
18.1637831941
66.0782780715
11.7604996028
8.06632009578
51.965414325
1.79783707641
23.9365532455
32.9071538629
8.30926227355
9.32732477715
0.168468275278
16.8740070952
3.80959570078
11.9729039802
6.81032035845
21.5878075013
2.39045022104
10.0541797868
27.1213705412
34.2869820989
14.4142334311
3.33865960687
16.9096359499
9.68412967901
10.5730494375
6.08925328738
1.95977105494
18.9863010246
1.20969454685
44.9880421691
15.0780116338
0.448040762118
47.9650423664
15.0319501041
13.5233483106
1.76985090072
