11.0213358189
18.0954083923
0.110999380822
9.68376468783
1.95387015635
25.546391552
33.20913653
8.89148710798
6.14638050817
36.2588948734
15.2551149093
6.71575958538
1.74052179994
5.99096166622
10.1802538129
15.9061330849
3.09132282495
0.471875922244
15.0230384082
17.0238674214
7.1656524892
6.07519711079
7.89653568328
0.88892406558
1.62326575563
20.5723130739
7.78380148495
31.5314188448
5.31960438231
58.3944540975
7.547145912
7.31653583963
34.2772447859
18.440461295
8.30995898981
16.7244629937
2.03434835036
8.3846931876
17.7647106496
1.58650263605
7.6847867032
13.03336847
0.223079067551
6.74299964087
21.056855534
2.13288468533
6.48668175873
20.3908267323
18.0789622531
26.3678208904
39.108053505
2.64030012348
7.23992694185
14.5753268057
6.88752866263
17.4147119942
0.062786465179
51.8179844732
15.5817387083
43.0104582091
7.50524972674
20.935782074
0.34039654503
7.22263676037
15.9022738126
1.71872028303
3.25311663587
1.251302627
54.736348676
21.2285132271
46.8066070845
17.4235719988
31.1731910838
4.25157465677
7.3352133075
12.8089117386
5.69646547057
8.64925625955
0.318091186474
10.5556222858
2.64086033026
6.53883842964
13.7593475908
6.43829144386
4.31795871857
14.95537105
14.4261767428
21.4709032809
22.8239146424
2.7035886226
7.2554723456
9.63961385082
36.3269934695
2.88470560597
8.20001927804
11.9804914289
1.45176076099
11.4752306016
1.25223209713
19.4956042731
4.01001728203
4.3771214678
27.8335023584
4.51436528059
12.0731374937
37.342578245
2.4828719016
1.32152703173
6.27457847296
10.4067217079
4.53897764364
19.1227995888
8.21400883909
16.445273549
40.095672307
14.314873952
8.33052589549
9.35720659919
3.42906768954
5.16821049751
15.9477083979
6.87772445271
9.84488536313
16.2222341011
0.169836902786
35.2509251509
5.89273173279
11.2687862575
1.33512674022
10.3380500337
1.90369448422
6.55333467168
16.5921131565
0.507065049284
16.5711565139
62.1433200094
25.2253145388
2.71672620416
6.86230882778
40.3080901615
0.0602696547371
5.97742801252
1.13480742901
8.97520184312
105.325744462
9.92892361043
24.6612236096
4.32749513763
48.7978567688
24.8729802821
2.78012931638
51.8012693647
5.0949647074
8.22124213535
27.3925640123
1.15518588734
6.52069835637
4.50061896874
18.7020722337
4.59966376672
2.98171506181
11.0013562514
13.1087037257
8.56162216289
18.0707292352
13.9595707779
8.9798600076
11.9787275016
1.88704684832
2.22810200874
0.000946661546773
14.8426908219
10.2925265235
0.797585870556
19.6764161607
6.18470209104
15.9144517069
9.77654746545
0.0393170162055
3.07614834327
18.3565434684
40.7378608306
1.13328157728
60.8336737924
15.2218407104
5.63668605355
45.71879798
18.1621625749
28.3062094565
32.2696786215
4.9266674671
15.8270181734
9.71221676676
18.1659975033
3.89019719261
21.9272059389
6.97343018891
35.544670192
6.62965682434
6.18377831489
38.8235184024
11.8825984101
12.4205600798
32.6289686847
3.6394632664
3.1358398748
0.982388715442
14.4120233837
1.30460673514
14.8329830944
4.71599167516
4.20267642092
17.8871172045
32.5252354127
15.8325861155
12.4693996574
28.9535776411
5.84675183815
15.6531597848
4.61209402477
12.7249580745
4.2593097896
42.7111237057
19.1867447244
25.5585712204
39.5520182786
9.29023439904
2.32020431702
2.08695184005
20.2789398478
18.8956416911
0.885338531858
24.0552509685
20.2611496556
1.25772904148
10.3593841923
0.0818645245529
31.1101002718
3.00493972908
8.52346211225
3.47496133487
17.9038774327
19.8400220965
11.7629215142
36.214362422
8.63586826315
33.793018197
3.84268800945
1.35196871919
13.3823195764
34.4016868867
8.91809398192
0.715804398156
2.02963758416
13.4650351439
11.515148141
3.10968560696
12.1087573518
6.43573240212
11.2207015275
3.17017617398
14.495137085
12.145169727
1.52061842163
23.6204827718
14.8794940331
49.6418239496
74.6730828662
40.0247583747
20.8243828823
9.06914980516
11.92904154
15.9970162154
1.16988516499
34.7846158201
7.68875964422
10.6840664534
8.84360880159
1.19757506185
15.5662887753
6.44266255225
4.4623364553
12.0325996283
0.537050993216
2.99367241213
29.374342933
0.734235760559
11.0809071094
14.0470503973
15.7279409048
0.959391674829
2.78269648795
6.59261597792
0.960930676511
40.4823333389
0.0581656994652
13.2218330056
19.2747852637
33.3306643104
12.1187679629
