14.3068003261
13.8172332697
10.2398801478
29.4398887974
45.3688216276
1.4305217407
5.65594167098
4.61356036004
19.0941412181
50.0422774361
12.6711951175
15.6907595169
2.06338041892
28.0019190192
1.52444768447
39.2111527043
22.0392896417
1.55746229578
17.4183486789
18.6187403833
4.9766162713
10.3259227959
18.0545549996
11.2000137973
20.5603649536
10.420738768
33.1873105183
78.9434529491
6.69913752353
3.18941821407
0.513706570608
3.42434979674
19.3610455091
42.7705752959
0.637463939351
16.912359917
1.21021851724
4.82743237273
18.6800845237
2.84443909554
4.50094450384
5.30808393937
3.40741477545
14.6242466592
7.84191750115
3.04248887408
9.62992114557
0.918455712999
15.5431106242
12.4094671549
13.7784184235
4.01466213898
17.4472058902
15.9949275373
6.08977071073
22.9760438941
13.7602203647
6.50051394804
14.3648750892
29.606839825
0.846473074121
3.77296421575
35.0555533328
11.7763214958
42.4261237941
8.47862286421
3.85490948003
2.55324761076
6.51254752617
6.34020390139
24.0435527885
58.0996771345
8.8377556209
21.1841690316
0.316078407146
1.28384006846
11.1263966257
4.51689344101
0.368613983164
8.889744649
15.3944560114
11.7468073991
1.88453327658
3.40819638013
62.8189620309
4.14807765141
42.7061806619
39.5783654125
8.1943103015
19.1543634089
61.2601337423
21.5080309406
77.3324318791
1.87341332632
10.4316793366
2.97968353068
27.6760487998
12.872523836
0.463212768254
3.58830770103
28.3099778801
0.240850893135
7.70620950469
3.14868837971
9.21929383574
4.18498637825
15.6309417881
7.45871902215
5.4852676851
30.9480104535
3.68115915604
1.66841290369
5.92783371257
1.47616155948
9.17094856677
20.8942184938
2.25564069747
12.1966797267
17.7379764215
37.504015684
9.34654232969
16.7270643427
19.5494390341
6.17460860763
39.0252599413
7.77869542017
14.2721448388
5.85298052244
1.10404321027
12.4250121406
7.1603572912
10.1900796845
9.57833558513
5.85716905467
3.60722148485
22.9125364518
1.52889450739
0.180402202714
5.1735655409
65.2214747825
5.16721131902
14.0912704106
5.73843129416
6.81518615072
6.84134751505
24.513023454
20.7217756385
54.4439403347
7.93554285839
64.9054591583
54.6130815276
7.15092616425
74.530852307
55.1006016324
5.1191402053
13.4230636256
15.545810875
0.881150934231
29.4075549664
10.8216926248
16.8526887512
36.5125695063
15.5348414286
17.2955744928
5.52191642247
16.8981053596
22.8794599136
28.2593044076
30.9075940739
22.3777984379
1.17980935461
4.28522570308
9.6144418268
4.86676668119
13.8036619371
7.46712046836
4.08489934146
20.3493165378
3.84930026587
22.6963247386
29.2933516555
3.31867877975
11.2264766294
1.3869008567
1.53509470438
5.9722263563
12.0499741747
15.4868446724
4.97470397042
11.7825471877
2.96482030136
1.89810838054
11.4667488703
1.39587290332
21.0551308188
0.21023162446
30.0645417249
4.00521657899
60.2050957151
24.163635265
52.1397246421
10.4248845048
14.4624942672
14.9642625811
8.11303208846
43.763676991
67.1583248575
35.717282473
57.3411445416
12.1711220889
11.1756504426
41.9363527415
7.11994411074
22.5103991789
19.2997084425
15.6934718827
14.2532388487
15.0064437139
28.2948062142
1.84493857523
12.666615331
1.99692383576
31.6013972197
69.3530265232
4.33020470075
4.80737700188
4.17209893635
11.6456063887
0.456695326302
0.826169330869
9.51982268104
29.1928668286
9.7282809562
13.0233237129
8.78583878032
2.8660742394
19.7171696181
10.1301098029
25.613729105
8.93735287735
7.18565746544
37.235633361
1.63158763392
21.4282901315
3.87227260242
17.5785695459
8.44707781225
2.816468614
34.3226230222
11.4177589257
0.901910146987
13.4959703475
1.78000857519
3.88882890061
1.72178725185
7.52668629737
6.49209463514
27.1607779562
25.8607997324
18.0513226469
15.3693517033
29.5085177081
10.8448617088
12.0325054566
36.2180342269
8.94820885172
7.36776810569
4.95623064663
2.40381974288
0.541542984406
6.33719441101
17.2194897997
24.3385915629
17.9842092421
7.96170144964
55.9731285579
0.00359777147059
25.5129867069
0.239833370392
7.45230063476
23.1485335556
9.16582737502
17.9259818957
1.20052579823
3.95739486888
26.6296327595
0.740535334603
5.8302327976
35.3932626283
1.73689228906
0.00605606362249
21.4380915017
1.31103307278
4.4621334527
10.012463379
25.3781931584
6.80928560992
3.05463764869
6.76742707867
11.4253967057
