11.9985539613
15.0553583981
10.6429034883
2.98327294714
10.6818406161
6.53805922057
34.4361385595
14.584093871
1.64677464266
2.05833457701
7.44460993188
26.55776033
10.6898524098
0.986253146091
15.6003961658
0.277285958004
41.6519094318
6.79859206936
1.412393234
34.5536374764
10.8813172182
20.9911380668
5.39382743497
3.57346454162
14.1028719816
33.6630925411
8.30158875155
8.13223085605
5.701089134
19.1949308672
11.4446059326
15.4353052405
16.1055303778
4.92263814821
7.9820766894
8.07510554959
10.9191211941
23.9351756815
7.22537251525
4.85946849132
12.4174686956
12.3514930673
18.8306494275
20.3649094342
6.6888316627
91.9979402508
14.3167056666
7.85602284733
1.80903976459
22.5219905198
4.83796142702
34.3291081985
7.76930388118
23.7079844954
7.3001614128
59.3195952145
36.5901453942
24.3324127319
34.0995885265
9.35569868015
5.20636011405
17.3653527627
3.35843026102
15.2935763144
7.28412393126
2.24329962212
1.91650842221
31.0740858251
6.90481453629
22.6778496145
14.2391739482
4.79682613882
56.9521557684
10.9470185756
7.33583914508
17.0253129199
0.659372645925
4.1254312616
20.6069463727
43.8979275643
1.49852646623
9.26988294115
7.6901514446
15.0939691033
5.92902112656
28.7835149047
5.38552501912
1.2652808181
17.1535472986
9.63129041357
3.35310771051
9.12445005436
19.8870298301
16.8766913359
3.70272275689
17.5186554638
77.2132243212
1.87136837438
9.02042697824
5.07223768405
32.6143819789
13.1596097957
2.39276257746
18.8233163585
5.50919471718
1.94335652718
2.09708551498
47.0940321064
27.278105429
2.99958697897
16.9779700326
0.936718752899
6.87360356103
4.29960157202
9.17401245141
21.952123557
3.39509127401
30.0876249826
0.71985672479
61.2122153071
18.3185859654
38.2391287957
4.6957653911
9.81512276903
13.9090303445
5.68474802639
12.4790081592
16.5139702809
23.4456158937
24.1890797499
12.8046924947
27.5709638123
7.73045693952
66.8051981182
2.50489492357
35.6910200995
38.1819670868
21.5703885026
26.6789135679
10.129947042
13.3178250565
33.3899389119
22.2754156468
17.5347058697
6.03615710059
44.3422194259
5.37597988472
32.1086725062
22.8661961841
30.8662203761
13.0045168675
18.8247466227
4.54844642901
53.1099056305
8.08499655609
0.113037192885
2.02834309159
19.0474273363
20.6329390903
0.506425495119
19.0471107176
32.2979267424
3.98113277553
13.5994649586
14.2661756193
14.2337284759
7.76757188733
9.67371952911
19.2549673082
17.9954982899
11.9642164063
21.0588109109
9.14170660392
4.90943909601
4.85446280122
9.50805718518
0.364157635583
40.8312698536
17.1716644706
14.8270511693
31.9625800062
9.3154547996
1.44499828339
16.5533633156
8.06657823854
1.04531613933
13.4111083298
5.55255597691
13.2012869565
1.45398814476
1.87611522718
7.99434580909
9.65429323507
21.1618821203
23.3380110615
0.263352124975
9.7580366158
41.048572783
0.273532526102
18.8423375034
17.6679979902
17.731293559
1.03887554186
8.72978348886
15.9221495561
72.3038351712
2.23494758829
35.2232955017
12.1062250037
6.77281797358
7.68276911784
42.2708801349
0.240570131487
12.5350032648
7.31059373439
51.1424694194
13.9028708442
1.6078981466
6.86215835201
22.2352180956
45.4625329078
12.6347418703
13.8354562851
15.7941988675
4.13406426792
19.834526015
3.80562554354
3.19287964148
5.53362281922
5.46485079501
1.47998899262
45.2221972112
8.90012873769
12.6410534003
5.52966290735
11.2671927051
8.53134277114
3.78734290836
11.472579845
12.5297180459
45.8687918519
20.2460160893
9.15833382288
6.56700538308
5.06111551908
1.47233405357
10.0580643577
44.4954249081
29.4981589176
20.0622587775
4.72566701087
0.257390715668
21.0000816746
6.1561034842
13.1741503723
9.99573164887
2.27234212774
9.16718432006
2.71465082719
7.99299907137
31.7090444277
2.37679736198
18.417509233
37.4939341928
8.527736453
20.113042923
5.01913309144
9.40873058441
0.742624631189
40.6234591835
16.436997224
9.21226462185
19.4976018255
11.2787481322
5.01540045131
2.62361540961
13.9279967474
26.3954353971
3.97452365346
6.46716930171
9.28924830796
25.0519027816
15.7635030523
31.6338558794
12.5728220944
1.30154350711
27.9334096934
0.756385214421
16.9298954257
14.4282923381
27.5287596149
13.8554083963
4.41862239517
27.3901638793
12.067524731
39.3374339894
8.27298018266
16.6846831827
2.9162395842
1.07833726787
