27.9050127756
17.342761158
19.3247836178
3.26969331142
19.2664706608
9.18141909529
63.6460353958
41.3505729816
6.55301881387
7.11775907262
13.2416539011
7.01947386743
14.2128806826
24.9032013297
4.37629857271
41.0293023241
7.18079209551
0.109204279805
4.3020174472
16.5484353851
3.73988057669
23.5648249763
11.7243699165
21.4480387128
2.48297223335
16.3033275212
8.5931057807
27.5065007928
0.420784311999
8.33842436342
3.85710997747
7.13060254294
25.6305515406
26.2855930554
19.4053866098
31.8114866978
1.6680033276
7.40506516339
18.5338941971
0.824264594363
25.6927965227
9.13501825267
10.2276645896
17.5621860158
8.57406624481
8.83480977598
64.4344242423
7.44227279168
17.7177245027
25.3246115559
6.90791691759
7.00143776518
1.36301476465
13.3725951569
4.578110383
26.2096926916
6.06664783613
7.33053555813
21.2972577088
18.2603902715
15.7311698456
3.55772669835
54.8648503808
32.5794704786
64.1717385168
3.88059904094
7.11196270613
9.800867129
7.22326621137
31.1933384044
7.81953340104
8.67879201472
17.8290780862
9.17661199992
13.3156867391
17.0127574785
5.48779937765
42.2136020394
5.01043122782
35.9365883977
19.7893130015
0.235521501189
7.56056592079
1.35327762299
0.636469677566
10.262614603
59.4057007993
23.4602235069
39.4367677661
8.68502796293
2.1296898069
5.40792247958
17.2415537625
4.89979126079
0.518443676772
4.97909099276
58.3419797434
16.3579067004
10.3837481597
31.7004770562
7.66403384927
6.21281051775
15.9763487371
24.3729049176
2.32773265885
7.24837808353
23.5638142539
44.5475200738
2.03885058677
2.67311170016
56.9667097854
35.0370811264
8.8179557241
4.15623373817
0.424462514302
9.21644801897
49.6389823556
112.770571767
62.3293718419
0.676856738033
14.6299689816
11.6713016591
0.00514215796431
30.0736851966
25.6051865571
4.63631129542
1.29192232682
39.032159461
20.1169474942
2.09547180792
29.5727716795
26.0627027654
29.696261865
3.98405041659
27.5174597152
4.10442810499
29.1211301945
1.07070349768
0.870218867424
10.4515707486
6.49562046574
2.67381399775
7.9381592669
15.0762163235
24.0966190045
3.41302837199
1.22906582319
15.0320355336
3.35735958685
19.6893405531
36.7974895336
0.120928343223
6.97553584039
2.02007720717
2.9430628172
1.65955744734
5.86317766332
10.1288033261
1.64562806292
3.58009844413
14.9561090598
5.47314044089
8.88905627744
30.8484379109
2.02304100626
17.9871231843
22.1029515609
6.59112338997
4.35582952449
16.2336335714
45.3030436994
7.38559019246
1.37741617311
19.9930217581
24.6598037487
5.88691020607
2.44108685242
3.65313574493
0.0923075936043
15.7406032122
15.2211754672
3.41670545832
5.00382706608
2.80645637142
0.567710500567
23.0650446696
21.0475728364
3.13164894946
4.93563389504
14.3210930832
13.4075640515
25.5045320486
26.2904722544
6.20703780448
8.12071864575
2.52158016116
2.2943900767
7.97816084465
9.08561779712
7.11952106863
40.7793964342
4.31914140245
21.2989255449
2.24017798271
34.7830653641
14.2728040699
46.4395354895
5.03095845568
19.3792415654
0.971519883465
1.85433536237
7.52339787367
23.5157062153
10.8055903514
4.65766537298
3.06439541824
19.6016501605
0.925855700174
31.9894217202
14.2727585552
12.1648557395
23.4132867797
19.4724246025
28.5313261923
19.575120426
3.66373652189
37.2048265104
9.82511596954
0.414554198299
2.87345747656
14.6517814338
18.6067259216
10.2348034873
0.921049836815
28.1490193804
0.709095711801
25.953634222
14.0558800222
25.2283537774
37.658436997
11.0558636602
17.5749479816
1.96617192466
28.2939798999
2.96284567939
13.8024873425
9.87484810217
4.01998088983
5.26601018369
66.4983107992
0.8801406594
19.819767479
6.99989165966
4.99335665835
11.4220850665
4.48873550602
19.6867044867
5.06378188911
48.5378637494
65.7156954235
35.1337853497
26.873558962
24.1814786764
15.5705279336
1.10152051496
0.156618743653
5.74942411537
7.58697839953
28.7895565584
23.0472963594
5.01137204216
29.3939612697
10.5989392629
4.18883216053
16.4696675236
38.1499781222
1.41335530069
37.8580984495
15.8354028618
5.43292567621
20.6769461914
4.82835499756
31.9902276247
0.495081150766
38.4104446055
28.9592319229
12.7097497007
48.8865345494
14.3919809761
12.2833218344
21.2332760586
0.997725541987
4.10402366503
17.2090894689
2.31369558698
9.3781895555
2.82055653423
27.0869787249
23.3913735667
9.48344847062
