12.9716275544
1.12294059499
10.1642290164
13.545171969
16.9919877732
21.924036936
11.387499901
11.9739626598
31.7965436187
13.7053064405
18.0398474176
5.40261711523
6.74168340072
0.673575088248
34.8760349678
0.114821064349
6.59662982518
15.5197756399
20.7473768177
0.553292050127
20.0503292647
9.30381840266
23.9583570967
9.64666977749
14.3618009514
28.4281827724
10.0312353389
10.9101542431
4.35811903864
17.2868238738
13.4922295862
14.0238300052
15.8916256607
30.3223684187
24.9251259347
3.35608949491
5.31360767802
6.30179122138
15.0041265743
1.66809467597
8.39987172692
36.9644008323
5.10445344141
17.0834240181
21.0220532359
25.2167965108
3.66869283414
0.199628101429
25.8399292269
3.50812273993
29.5650210069
8.01268039035
1.4221953287
2.27214901312
11.3364537882
60.3747560908
13.697609967
3.64742207102
15.2948913823
0.343003510921
7.93130011101
3.56362093309
78.6411899736
17.8538515813
5.05897638847
24.7137878169
13.3720271435
14.293769905
6.58248592686
13.7757466993
0.766070498776
4.29792827738
19.9198589494
0.937635526993
5.69329642837
12.9119514064
9.98325218883
8.42747946309
14.3412074827
1.82830203577
1.14172473285
11.8117883726
7.71879161897
16.6172409996
5.95378343215
18.8509644049
37.7822717825
20.7625038363
24.3792970622
2.6854916697
26.3097440475
20.416466422
0.0380162393907
24.1914315522
2.66007339933
33.6353498372
11.178332825
10.4621159731
4.16773915864
17.3985787831
6.08318151099
7.22529169061
21.2433068108
32.7975759755
35.4870005799
1.46627362582
19.9837931059
3.54546870299
22.5913673465
57.0760297179
34.0337950291
20.5373563135
20.1648559693
20.7939604099
0.155434819487
27.0297178538
5.51698544968
12.5502565023
9.37076784712
17.0279305305
43.3151579956
5.66169872395
45.4665036433
9.89134771629
12.7032071898
7.86871976344
1.29928843967
31.006861298
21.1995379298
11.4274225924
38.2906325803
45.544306125
5.31483417091
6.25619983551
15.6529364088
2.70989004735
12.0748425595
18.8133539862
41.5240689419
39.2021114391
49.183868931
12.1470305017
6.23824633681
8.51587689169
17.3679866374
10.9463995079
19.1148482343
4.41722940004
21.293321547
11.0580350383
7.34074504076
47.6195385495
4.64310817512
2.20675026198
45.4589040979
9.94877849794
6.32512625307
22.9448138719
14.2349606716
2.54393009132
12.8782415441
4.02009386112
5.23887822456
9.27145417412
5.4679794496
14.792588069
10.8209269777
13.5017248189
3.6138415976
3.4447317328
6.75635670579
18.968936373
28.9709315439
17.4177318253
18.1902509085
5.15116444279
3.68340449768
13.6970474562
0.956722541067
3.88481614437
3.62468979845
24.4424983921
2.32977634402
9.69296675108
35.236430192
1.72545736433
0.701851545299
1.44823018892
11.8178048135
25.4431901069
32.0949651215
17.7717723094
2.33925646336
2.73311937745
3.9818277736
8.52109705239
1.108287545
0.917515446179
9.72065422241
15.2516049249
1.54335629776
39.3940011869
37.498089453
7.85878832716
69.3825979635
5.50467334845
5.60408968
1.08680094426
0.386793646035
19.3305606958
2.09087599674
12.9326652747
9.87268056075
16.4833419857
8.75013341297
14.6611918092
2.6781432136
2.27054966108
51.9656267419
23.1157581181
7.99054173988
28.2116681455
1.46386386968
27.5629853425
20.9741496294
74.827981639
2.50390289868
67.9185228211
10.0422439193
27.745617147
16.7742447722
28.9164154272
6.84969141342
22.0750760817
35.3418312372
6.4324180411
30.9756549418
6.38226531586
1.62100433999
18.7408356355
18.9938672696
18.7026419468
18.0151712883
5.24301819532
1.11804216599
11.0709297101
33.1609621305
3.29225167102
39.0579216788
22.1699561647
16.7239705085
26.198222214
27.1874450745
13.6964892791
8.41405110144
6.33584595076
38.0769463994
52.9276466291
43.0494136257
9.34991313392
12.3012870136
7.37720498207
0.106408072882
15.1606392785
6.32628260017
10.06747362
6.16843751778
0.915201780584
2.98788430854
14.6524817052
5.76995792444
23.269729991
2.89889302057
27.0759482738
0.865356605311
8.82099317367
18.7037632711
7.99323559365
8.72219864359
6.14882660259
3.00171341957
2.97832225454
2.51190389777
20.9200052205
20.3480371186
19.0240577221
3.41259135945
7.91501398335
26.4318772188
0.358832130572
1.39966804659
3.94839433689
2.81378131934
3.72103746801
7.29293102059
19.9826088006
11.0948347245
8.70889846584
17.3038225491
3.72763277753
