18.3169927643
2.60923382268
2.85839225178
6.23216394028
9.0512904846
3.78004882079
5.13489058225
9.48974574579
3.07415187057
46.3048468542
17.2167289644
52.0289748659
2.30548904724
16.392833259
8.26876620698
9.07049465622
10.1746101495
7.51420943365
3.7312151757
21.9245554292
22.9925176191
59.5204315561
9.42021853156
16.9159144144
28.4679797496
28.6623409106
22.641421571
2.09711584987
0.817904220108
1.74380593563
18.9909386559
16.7953963474
12.9508791469
51.1688730054
4.47409965197
11.403747764
10.6535697698
1.66939317242
2.71084710501
12.4084943774
10.2101827678
26.3287825933
14.1327961707
20.4752407644
2.02674734428
58.9800369707
76.0508400772
1.81346737826
13.9606007064
4.12468636129
2.19650488068
0.435754871728
19.147100946
4.67372932867
4.49290703671
8.27815182323
19.4827212605
18.0485248013
8.52773679828
0.57956734908
0.880231145733
43.7929440599
7.36367160724
8.89704428779
14.1591229644
6.92423344562
57.648312026
1.28335090181
8.08191254043
16.8131613903
14.0246510776
3.30886434224
41.694098102
25.9431902259
59.3902364044
5.6670667405
5.34597147204
1.11641042194
32.150801208
33.1305474432
3.46457398387
9.36358827769
4.46244508403
2.16593215018
40.4275522665
6.79722598602
20.5731483917
0.177409064458
7.60909850556
6.02747992539
12.4240415978
14.5085375602
27.8577930027
12.8779230726
19.3074356367
12.340522939
0.642428002561
0.918968219807
23.0724340226
0.117023961597
30.64571263
0.728001686584
11.8817858847
24.6275085628
8.09096094808
18.2223731044
31.0516624314
37.2079317751
25.2982975656
15.6983158605
14.8670927201
7.11226838083
4.36770408936
66.1677163191
2.14765036471
3.97824945779
14.1216759668
17.4840977721
9.25594155634
4.92941761085
3.45890710576
15.0455446879
9.92369493039
28.9057041186
10.4104066533
18.8851731797
28.4028404081
7.02362947284
4.41685689751
4.44395371126
18.6261729122
4.08219485577
33.136618416
12.5730636302
41.3777210378
4.47696267994
23.7898179007
5.48427341639
3.35841716519
11.3018781973
3.28948623774
30.7622361874
5.13027770514
15.5591881789
31.9893805606
2.9960401874
13.730818191
3.48638203566
10.453554522
51.0027173619
3.72645310087
60.5766717347
3.27149221813
9.79988492069
10.0538965473
4.8357808606
3.35356245901
3.13519295728
14.5980467102
14.8596536403
54.2813547057
1.11996257467
16.9908619674
5.50353943443
0.0982664089129
0.107191499686
5.04364403594
5.25165255743
5.82322951214
3.77922007324
8.83146855901
7.1424498522
22.1375442006
20.4268766754
3.01083240037
24.779857678
20.4520926746
8.19501318616
13.2091714539
13.5344650208
15.4212203951
9.69913211957
114.682578777
13.7569458136
35.8217362257
55.5866084651
3.4196779271
22.5903028627
5.01690129894
25.6394407417
28.4668035655
69.3148687387
7.39550657364
5.5369424088
10.4874383795
32.1771715748
13.307105595
10.1439848948
77.7379035713
6.35402438652
6.66149714548
2.72530604803
14.8373520258
12.791793297
4.27232828247
17.1053442271
15.2518349613
8.83378945064
33.9322452892
1.63824885596
7.11846093945
37.5108145868
12.4388941085
30.0247207301
5.98703429212
5.16544704577
1.86441271279
44.2169518294
2.20735144851
11.9331819114
7.33509347297
9.44458227431
0.284045342163
57.1224441772
28.5175485498
50.0095103492
21.050646838
5.82496579068
3.953836704
3.70284179243
10.1989055665
14.3272104226
0.720562122765
1.23788393846
3.63146709982
3.99231239091
2.54355384094
1.67352505728
6.69118252695
2.85342348144
16.269391779
2.01961684239
1.51614895489
5.56893075394
11.1202341584
4.01647209157
57.8800695923
0.123356666357
2.42885839969
16.2346927121
1.87346643824
6.01659932317
9.62277365807
5.65507128982
19.7049066784
40.1743169435
24.5355556534
5.95891324965
0.0564229515981
20.6652214866
7.8498138573
14.8074162634
30.6148997916
17.7174150807
7.83130157645
14.8461336101
28.7092716236
9.09007938221
7.15232715798
10.8833172147
51.2316659526
8.37395563739
1.32873080395
13.3997397653
1.99506009462
3.79346030792
20.4493234587
29.6866086563
7.7982358122
15.7363989921
1.67609704852
1.03212369981
2.01366390191
0.844477813994
13.6364318741
8.65034330873
6.81818969747
8.9720339827
4.80196135801
22.7240230396
3.92605368087
6.55287187673
11.3932443737
0.285840902628
5.21633063814
6.5438532064
3.8820906203
23.3885028521
56.6264922486
1.90828716891
