15.3270866064
9.93125025462
10.698362112
7.57357996313
5.34671714015
26.814439621
9.8049237525
31.7264387873
31.8170432473
4.482008163
2.41753101272
26.9249844081
6.56797660429
5.22924244169
5.85115894925
2.47300351113
21.2687354599
7.56462694405
14.8450950848
32.8957750744
4.12097414461
41.2466713183
3.19558013278
9.5659885006
23.4142884105
0.591427227924
3.56581253558
11.0273755021
17.7499325402
0.108976108966
1.60749767217
8.24049498011
0.404586869937
9.03155038283
3.18205382973
4.17677250011
18.5125545185
23.9748690765
5.10199168013
3.7654406884
20.0984556453
27.0920345589
18.1800747211
6.05809026595
10.334456402
4.55729541515
9.1749278139
3.68285953558
8.83873388685
12.4577120486
10.5960650147
15.1535593333
17.5089326506
24.3649037769
29.4684942434
14.3323830986
30.0308721241
0.211567695896
28.7725832738
9.35498429786
24.311061814
10.7939688925
9.99762923804
57.2242315441
15.7593298568
17.0028842567
1.59026035526
5.80908216239
2.44381111036
38.7534167481
4.82445091339
48.1291697257
25.3073008163
46.0858673086
5.15427309452
42.3399908374
38.1932909948
13.1602106231
3.11636747726
25.1576522316
15.23561258
18.5731745266
7.14805460771
1.57149031876
16.6808494074
12.2037226648
30.2566268473
4.67421286762
1.81405055699
7.16705370201
5.56709149226
15.0113548259
8.92432438581
34.3286356621
43.9531432689
24.3588178911
3.98108555528
3.7031429855
0.698466553541
21.5914133331
9.98868571465
1.96204451816
5.57440250149
4.15665535903
6.15767189211
13.5104007054
5.37199568754
7.29429746692
25.6257654477
22.4779672251
25.5004495782
13.5563659013
48.8989427033
9.68682616962
4.00475551447
11.4691191924
0.457612477933
1.99261312095
9.6341079819
11.365706446
13.3301556106
32.0839776006
4.13699739108
0.991824416458
46.9536553002
33.8303418335
21.6688650424
4.85499517067
5.72440402482
2.77855918331
2.94789031011
6.34660102837
5.92772129062
62.6550800416
8.57200307714
11.5585311331
20.9968424219
26.5843036386
5.18395732645
2.44559850082
0.265471530459
34.6327298017
9.97460802541
4.85283010638
16.5252371642
32.6235490204
6.62109801066
27.4251072245
19.7396290762
14.9622322163
14.767898444
4.0752061351
2.45194416598
20.7979841763
6.99791954433
74.7272209857
11.688702001
17.5203805812
5.2423058944
1.35369591681
12.8192896767
6.89027474328
0.300629734821
7.56486034787
3.09932233045
28.3217004958
10.571806887
1.25310610953
7.44819765921
16.2543780379
3.82676894203
3.41713361238
39.7620068619
18.0854609391
4.13089377365
7.95692382308
4.306120356
30.2065032004
7.31637127243
5.39877590302
23.055851727
14.7950853334
24.9011331387
7.24107512375
6.96632969492
7.25553467465
10.9475459649
17.2995283652
18.6330274141
15.0251906756
2.4991395444
23.1903409543
33.675316184
16.2847089265
8.56639225327
12.5714743876
5.84371104718
9.14868744944
11.7168119266
8.32646834086
3.1170612631
30.303388788
13.9023525469
0.300818130531
14.4191579761
22.3665887556
24.8560637766
16.6440994968
4.59860362149
8.16477132614
7.1894978555
0.512699725659
5.23660608037
14.8968258381
38.3217044967
73.7658569313
6.35785815633
27.03723499
1.06420727158
6.26655211762
31.0158919642
14.8764108295
16.6357146911
74.0561681941
26.5113354382
5.62782539864
11.7959390034
18.6616663575
0.688084145522
15.0236559262
0.299220206458
12.8487014952
43.9213884092
20.0644770761
21.7289592027
1.81628623329
39.1752226188
11.0550479448
9.19161535137
11.8399148043
45.7988633762
31.0816284426
3.72433532782
79.7005076123
18.5037781687
8.92822217832
0.725457397334
9.68646058694
3.58847182504
0.256248466818
3.80735159212
2.20029153961
16.0998329344
0.653171165315
11.2907437779
2.88267883323
40.1313807812
5.4568897908
9.76287859484
42.5920942278
9.29455747639
26.2054533569
30.8876782488
32.3630031777
5.9372586121
36.2989283866
49.8618500559
0.698703205252
19.6023007719
7.13603627778
15.7848760729
34.4180085866
10.1123580984
9.21183705413
13.1106164384
0.138859123465
21.7476975618
3.06692947123
16.7980143472
23.7791178586
30.6623066969
9.27513169268
32.5465786772
33.678193726
12.145711751
7.03008596574
27.6051521631
6.0912772552
18.1438891376
2.64233516985
5.61521645452
5.88132662683
35.1496642841
7.24064985234
29.3082735434
40.6057262723
16.6690043987
2.62248016853
1.654320471
3.59680894291
