62.9159957869
4.17714680744
5.32310225263
5.69102200781
9.15592983569
33.450618953
15.8517040185
0.287858817116
2.15505285189
50.8895092223
5.90220441848
19.3617100571
17.0123538869
0.850119920425
18.7808421632
22.5562741346
1.71662901436
4.04765089698
12.137190534
38.5313494197
71.3395341061
4.17664912693
22.1087632528
41.8602361447
1.60247460781
3.01411374228
16.8507453167
0.856506987673
19.4373272718
11.8389290635
3.77893596877
8.38028809635
18.5537655209
42.0856089511
18.0576751541
3.04544355594
43.2082195379
50.7757133266
47.3243421456
4.14679175213
4.59920626141
41.3250426385
75.4783542505
34.4806603802
0.364459121594
0.717201419307
5.1388715118
0.435448005433
10.5211498394
8.80838386661
26.2231410853
0.496391734025
5.85334542031
0.103652855753
20.8407642724
12.775068499
12.4625205275
18.4086797155
8.76301191427
13.5135761969
10.3215460836
48.8178187815
6.04990933293
2.99853325152
4.53037447878
40.0624339144
14.9018820061
9.52843725307
28.495982955
13.6330885879
19.6639065058
25.0950504406
28.3210643499
4.47256752793
2.05052709808
3.54522713721
14.4251960627
2.01858064234
15.526480307
3.31969778655
14.3242640743
0.688259878718
21.8600232032
10.4155954242
0.608321892377
6.97685516069
6.86680754566
0.635025315813
12.3017034711
6.72948304018
21.1868276017
11.417884966
35.2654454215
10.4657100991
8.66490309575
0.617808779959
0.889314211256
8.3117339042
5.59901175493
1.85697631737
24.9468369126
16.7240516974
11.2440436565
2.76070027118
20.447733438
0.51933686946
3.94426086515
32.3389130843
8.4380385607
7.93212282357
5.79029726066
28.3139794134
11.7896582388
39.4052822355
12.9271307258
7.82447522368
19.11543393
20.906046496
6.40090219115
30.7761661508
7.0120629207
16.7517315716
1.57823825756
18.2122984809
59.5469317793
8.4686307659
4.29549038532
2.04418594019
9.23286643979
12.6832400744
2.16401220228
6.75348750206
7.99550547085
16.9261813543
6.70686095009
3.34250184741
3.34457323218
5.78690089486
2.07783467864
1.78981300259
7.61700487288
18.5932789417
11.2514272146
25.3349967795
3.99280190966
15.9600026291
30.9289568615
0.883662742314
14.4504922768
13.0789669328
24.6614754702
5.23559505944
14.2061533407
0.00733233506061
9.14887756411
1.91738990549
5.53116328929
1.61987657474
0.099827725307
8.26946639038
2.77731744361
5.65497494921
6.03617658411
5.37048630197
1.95421884706
6.89393442769
5.13198621402
7.89541417462
4.74811053434
1.28037953018
38.280017531
12.5199530252
6.28348494595
11.05224515
17.9877671478
16.7999886791
10.0696134892
29.6828210023
28.1715591239
1.03826834204
8.03644755422
8.83064784617
14.8934240418
19.3396262889
65.1923006789
3.33951852816
5.01844951415
6.6721107495
3.37557946566
39.9310000022
20.4093900294
7.66721442412
16.9633231468
28.2979602763
41.1107137794
33.2158206253
67.9255055785
2.63132208321
5.85063608054
0.627230713043
11.859624783
22.7345280183
10.808337863
0.92141354175
19.460863461
41.628728999
2.86653583684
0.941549402056
1.77526756798
7.0780937571
3.23794116519
19.0361900793
12.2510659779
23.5537649375
0.213136471585
27.0171400751
72.8084243501
16.0384332644
23.1874358255
23.3731783418
16.1974319822
0.0696423922201
7.96508222018
17.3279702806
36.4787196057
9.04532677637
17.0153718135
16.1050757764
17.3834899467
1.02663215752
22.6860893434
1.2969070171
5.53716029476
5.62628308439
15.5019228037
4.62890693965
25.6347875338
30.7095471822
26.8107134067
7.23192767862
19.9183197881
4.96627888408
5.89361265743
22.1403059667
3.54326323881
0.518186480922
15.8401231283
85.2616425914
22.4564728005
1.35153582231
10.8466634547
7.77415606552
50.0070209692
25.8568531316
25.2710235681
4.99479639168
2.25622981474
14.8417893097
11.3663005875
25.3339706425
34.5714915833
0.103220733305
45.6143114459
2.27620093313
0.192813261928
2.87179747854
9.2279533277
20.2107178854
19.2703842381
11.8549407038
1.30934445515
37.8225059385
42.0581103607
2.17380938962
24.0450508858
17.643629532
5.92556691932
8.42558847966
5.70156332158
1.69988817504
10.7685372734
5.4138750776
20.6534747683
15.2642462677
2.10670441789
59.3724970774
21.8925615407
44.7036733918
10.2674746472
21.1325843409
4.14843988501
78.6361477865
6.19673106996
58.7369463034
43.7061936357
12.3676201307
4.0920147114
17.9926323855
20.5138978292
1.38348760236
