18.6498308503
7.06603676534
4.91152134393
18.1485159352
10.5262683158
33.5964160894
34.8985847663
26.3662915459
19.8093078424
8.95600633036
16.91918801
6.81139426044
27.6713145109
15.2693494327
27.6121136195
5.84898953329
20.2963647434
19.5461569425
11.6834174857
7.76583313316
22.0072178097
9.90994826897
14.0762962329
36.4599506015
31.8405270641
48.5835621417
30.4327208961
20.9611951494
10.0615668858
20.8019482583
12.923992376
5.04541111886
7.57440928612
1.92414559102
4.69547601348
60.5152699462
17.142993401
16.3689093955
4.88841305765
2.54440203389
15.8227770776
3.47509102653
6.83348384297
5.53855661836
10.1646896799
3.14005024346
7.1211818951
14.3341054927
20.0971455626
1.2156356982
23.5599578716
1.91358686316
22.3978050952
0.985763945956
11.1320034944
1.43121633287
27.3855768107
44.8811251953
7.1065106345
6.30861175879
0.410333260117
0.101176974199
2.64531351635
22.0209049523
0.931002229731
23.601982796
5.68432180526
32.5176995928
20.0807848532
0.519704319495
24.9640764187
2.38794629364
2.26347023124
15.3454192888
7.53960583111
11.2376150072
68.0304438832
16.358610812
37.9796974146
19.7212687538
18.8141081209
8.31755257601
45.5644887302
5.48361650651
22.0711048554
22.6673347724
46.7390884488
2.40450141229
8.31658299491
30.1447816399
61.9887047172
3.49736314928
1.64232472933
56.8586439382
11.0584255701
38.9291322751
7.72493857461
3.43102999342
11.96927545
1.50553113486
51.7117945766
5.71170343195
34.5473591329
26.9930538075
9.18390151772
18.952100138
13.8869875894
4.72894571451
23.7509715004
6.6158762637
21.3610626807
21.3830910339
21.0296275229
15.2302868196
27.9327382401
0.449111597919
7.50715461885
18.3505810418
11.8757191978
1.0649496649
1.47872714157
13.7414472978
18.1977261131
24.9948926888
11.0846648817
0.462637920375
16.6036224913
6.52202121905
0.856435651733
12.6651222642
29.1129656232
21.3351758265
2.37664928195
33.4771550206
2.97494397226
11.2035748461
0.884468585938
12.2879519834
28.2272738648
16.6256995191
2.93469945933
9.09837764646
0.951862483237
8.0484895947
42.7505579902
13.5296656341
6.19244880533
10.5817482272
22.98304379
3.81199649389
35.0569375188
17.8058557883
6.25101211958
16.9211779905
8.57788844391
19.5000851117
17.304752408
6.22086226526
24.4839381176
20.0952346308
12.4793049934
22.4835551231
23.0011371543
4.55283894958
22.4827574761
22.8993967661
6.51729548324
7.6519822101
9.02487847376
1.12462134576
1.83039182424
5.5865876026
3.86252640285
11.2690337793
3.06161204871
29.6559475379
19.444273022
13.9899796274
1.93750689151
12.4096936869
5.99252636188
87.1915971231
5.2008579124
5.83946269645
2.19900726386
3.80994096027
6.62057368327
22.3222998921
5.56539675548
15.647644176
3.82039596037
20.1547181546
1.17877228068
4.83132694067
8.0750351917
18.5699247381
32.9258516034
2.25173723237
16.9066021115
6.5235845233
12.604537199
32.9909328514
60.1234723244
15.298713866
6.03688645834
1.94747070923
0.621630764984
27.9124478659
0.148539796584
15.2685838207
7.25326413061
7.69187517258
4.6527773766
26.8586527407
3.23963485603
55.902359617
1.30061803612
3.4187378199
16.505579791
1.40082487601
13.4643155448
15.4873723304
10.2100541299
4.29334889712
8.76196092701
15.013223588
29.4638231246
5.04818270626
0.822069817911
3.76021176113
5.14499870521
18.2816724041
46.6765276998
27.655659846
8.35190648978
11.3116720815
13.9216288669
4.09574456797
1.6858011071
89.8755020362
21.3707489703
10.7056645951
22.9293445294
4.02405149241
0.921224558688
22.7575964268
7.14420452862
21.881037482
13.1555945895
11.4912663237
18.3565057021
6.18097740818
16.0731380898
15.5442654903
19.7365670797
3.99300185857
6.79314947688
74.3020364686
0.761576061012
10.276812271
27.2646992109
4.28992924997
4.37818741985
9.4221637352
17.8124151812
35.2214206044
16.9522712118
39.3390267228
2.42486266415
2.56786068524
10.5721883401
73.4373019621
31.2671266187
7.08882632347
10.6645197891
3.4900604925
3.89943976496
18.402492244
8.50304762574
22.1077882539
5.9860908413
4.65336219901
7.48174174468
5.21203265809
13.9739672166
8.87965229041
6.60479403549
14.5653619649
27.9039417995
24.8786809064
6.08944179682
3.44974449737
3.36258409698
8.73005780014
38.106740934
12.053066361
32.3360132294
22.261395249
1.3873684459
5.95646059183
