0.100325300689
0.58331555474
10.1934648527
36.2094140688
0.0953378956959
10.8219999327
6.21173805836
1.07508009063
1.69407906838
5.92198326595
2.60862824178
3.7570550994
19.7479154807
4.46439417326
1.34952751355
36.4469285966
5.80101253376
2.08268313456
1.74351971136
19.3265917253
24.9365831723
5.00230685738
18.3984321688
4.55822289455
11.3414819086
9.25320926957
18.7776484087
14.3182057833
2.62813483494
4.36027041817
46.5233666665
20.998935514
17.9873052244
1.4585684873
15.7506408603
5.6534924801
11.7557934925
4.00845683029
28.5714191828
20.0087454009
40.2368586744
8.16364620053
13.2397462359
2.56049549656
5.99221114469
37.7341086209
12.8922797833
18.8642961515
21.0658846624
46.2074117924
36.6258434562
9.88809855154
16.8234017575
14.2608293837
18.4224011321
44.1265488628
10.0101546236
49.1025092608
0.247314932056
3.47156126334
6.4279480879
36.2702223137
18.5149251209
46.1849813022
28.1927106904
6.49900621277
17.2603525559
11.2229319514
0.394524788984
31.2711877601
12.8776965436
5.82866553262
17.9017686143
5.42657865582
0.256625741311
4.4523427892
21.6649463185
14.2619269895
4.96069398749
16.8898295066
9.62743413468
0.843213162411
4.23789869669
35.8315178902
5.59424163605
11.3931712063
2.23838569564
0.868893654478
31.7018777885
1.35733668675
28.1854709721
6.8908389302
11.5092392456
4.96835490302
22.3276624312
2.54261686168
14.7581236333
16.8047011864
6.85144524612
5.89321097421
34.3586747305
15.5615533617
0.725139018951
28.2260960786
3.03360325727
29.5989111043
0.867809377655
1.33816058891
9.95169970158
14.7513493222
8.82142693144
111.768365437
5.56577480884
6.95106132951
61.467145539
33.6772948121
3.13823562698
4.44441906193
2.54818179972
26.1656908811
4.49748502082
17.0600900125
5.66446063265
3.67994497227
5.15183005289
17.7561800513
87.3167979977
14.7767852045
18.9840570403
11.3262251277
4.86646533356
3.15086537008
11.2699663487
12.8643925975
1.67791250992
6.25626465118
7.05144984309
18.6962632789
11.0494018902
9.7277441486
4.94457249313
19.7904304551
0.417952936684
38.0923536276
29.3667689298
18.4927518202
44.0371490333
19.43338972
14.683670171
8.48669877842
50.8437827865
33.5876725215
3.24025245395
14.9127945249
22.476595139
36.4669822969
0.925588013468
9.36137025421
4.759018012
14.6222767444
5.44137309012
14.7141981025
47.0248795818
6.96050350135
5.03971664778
29.3863649868
15.6200794414
0.967483663454
10.2457905289
17.4857323324
36.3188250321
31.8514591777
5.89923918966
46.251916055
20.5521017069
0.499344220609
10.6274657845
6.16933521105
5.08857450522
14.0581599453
8.62379190143
28.6108056959
5.7229321785
14.2707612587
7.28401504705
8.48859420877
12.6893601402
18.7845311386
6.38914111609
74.1675627774
7.43719132517
0.0665927878419
15.8516549969
0.694651235345
6.98155173154
24.7542459931
9.33521823206
0.408217120682
23.4360111198
18.8708329347
13.3597042437
12.385473728
67.4823281926
0.949493443287
22.8239613397
18.8990078677
2.49017052171
32.5613659693
0.2650232733
6.0418939362
10.552750742
10.1145659174
19.8639113884
2.25095105083
47.884682832
7.63393535631
53.3499292998
26.4012266411
2.26550741328
2.42224395474
6.52772681113
54.1430745668
3.49849898628
15.5979395799
4.0593871776
3.11791956269
11.8844330908
14.9959833283
2.75842549495
25.0330963674
2.74313377116
10.9310296696
0.195781275357
8.38602037485
20.9542940517
21.131625963
22.819661831
25.6320622943
3.52010796572
19.3290269355
4.89033054489
12.0903295079
2.34460868526
3.68025216844
5.27113476545
32.7013657503
55.7264658643
20.1034480629
17.9714252067
21.3542890119
2.56306833966
17.3217295465
43.0002729657
0.726187750702
0.100492165199
33.8498875693
66.892833443
6.39058202026
19.2576712677
17.9708422665
3.30340691045
7.48736737386
66.5482869345
28.1273146138
6.71434928809
6.09500779569
24.9771670584
4.80993573578
11.3486838482
54.0641511935
4.15995155296
17.3711476046
22.6989146597
14.1860117999
49.6594440317
86.0929879018
27.7688707744
16.6800351503
7.26130777632
3.64490156136
30.9813359324
33.8012416973
1.6654333546
13.7665668626
7.79326512072
1.86349194222
0.775182699915
7.98350848794
3.65158765155
12.5736411612
16.0125089417
33.7727148701
8.06960154533
4.25966316717
7.99388812393
0.681192268377
5.97654132889
16.716204087
19.1111239215
10.3433480451
