1.6203798271
25.8867050706
23.561670744
48.6467685094
2.79294322966
16.4124352202
4.59925650774
17.5170400057
3.61530569376
0.0923252830166
6.77218131972
14.047579421
12.5817559824
3.31642805825
6.0343072037
2.07714375676
8.91751584077
22.6814406315
10.7361729666
4.62496006886
4.52197607741
31.6572755457
10.6794307603
17.377998495
9.28439758659
4.043928506
15.6252591501
22.6385189679
8.51562517808
0.757840295107
58.1385303174
11.7998238972
15.7450227245
20.7913655843
2.51195867628
63.0407550277
21.1995939878
47.3302636897
26.5349242569
14.5584141648
11.3761050942
7.04493562513
3.04144169771
36.3574938883
16.0709347412
40.2543140363
19.8426275322
5.21157767465
55.195238252
18.0760221369
12.5774809878
8.83994624231
6.27132936814
16.7032208844
7.94082968555
12.0052065923
17.3563860039
34.7182943367
7.41102336125
43.628166225
5.18936417769
17.8922720803
14.5551431157
17.3682266378
15.2560463238
5.29665624213
9.65616580134
17.3291353831
11.4454269366
10.8431665817
0.437261093929
17.583784745
4.88126718144
20.7566773288
6.59306742285
8.85905499287
19.8179599824
7.1330829518
1.41474066208
1.62015574568
32.8030055147
17.3818608546
24.9247285002
0.690896488778
13.0945533942
4.10998298662
19.4302626173
4.97134610526
13.161716877
16.7602098006
28.3148482831
0.159176137222
1.391391094
1.95635337025
11.9555254905
10.7232330366
7.25886157379
3.27911707227
14.5899180873
23.6316381613
5.39946563409
11.9368642285
34.0680803811
51.2241448008
44.3656558267
9.67333148067
7.61595128663
0.986886416613
4.47323181375
7.13562030896
12.3172349664
32.3285456872
1.01007717732
46.1850665505
21.8766582513
1.03508314811
25.7558910117
2.6782550144
7.81221928667
1.74951812485
5.74596036478
25.4643838635
34.3003966401
0.951449508905
7.53544586868
8.55344318328
18.8083798614
9.81561920824
3.16981874214
24.6113563187
13.4684802794
15.7809549583
12.5630466469
39.7763791702
0.555670059813
43.3894967996
9.38812007107
30.4153367106
26.6433354802
36.9418807849
7.82566286686
2.71180251201
0.167271825558
9.72080193119
12.995934063
0.144662236876
9.48582860622
17.7477367422
39.1336940772
19.3134962314
2.21213262005
24.7288526971
34.802857777
3.9244320788
53.8860622968
18.2631258421
16.8752683578
10.584472419
5.94637035979
6.13805820956
30.2031466289
5.93418713849
10.4911401256
3.7866254828
33.3409617449
10.927918604
63.495938323
20.8354423228
5.85806104386
5.19627282793
2.60488093932
24.566796467
9.65131325483
1.08599048753
2.14711901768
27.7307855704
0.689253922643
2.37822788969
2.5540676874
14.325640492
9.9593637503
26.2587197037
9.59209864146
18.9228812035
13.1254317769
21.1167150136
22.4973511851
17.4035405701
4.99971412637
2.10523170083
22.5020853242
22.8532831269
2.17839811911
2.53397412345
26.4305915778
16.3946414194
39.3458109612
89.9534206044
7.34089137242
25.1084569038
49.7318123751
11.1757000325
15.6117915984
0.523895818628
1.6339962165
4.05262340545
31.5580347468
11.7118074
12.7274100472
7.95280772881
1.63488271171
2.58141395895
10.1246425183
4.95806886727
0.622021826297
2.33046048617
0.293915501983
12.1825533726
7.41599084954
16.1762165807
47.2876972404
38.2908898558
32.0916498008
8.91725463179
18.9441862025
21.2658328481
1.29190976731
17.5425862842
35.3520602472
0.772729742767
10.1803458265
3.44887978982
1.13499875652
6.37213661686
3.31995076236
7.56387171668
2.85888080255
6.04960226096
28.5889469991
3.7780724623
1.34410156556
16.717030902
18.5744337421
16.3865517303
54.725130072
10.7779940076
8.65013160771
2.20723619687
26.8826011146
3.17182964138
1.173626915
67.1008556536
23.0857147621
63.1526610833
2.35564334616
2.58785192484
18.0978388801
1.23133054875
42.4746408438
39.5347962058
10.5253655817
40.0533567004
3.48851541063
4.70271285016
1.08379933322
8.95600170387
17.0168011289
0.0728542488692
7.10215853149
7.96714115705
1.6729141689
20.0894446025
17.4111592916
9.70467881733
2.80192479155
0.787885550444
6.1033649985
5.08207815324
21.7340622764
8.39336310629
21.5940547557
55.8652072071
6.96974211194
12.0941457465
4.81349432023
18.6037652457
44.1504132311
11.2086665708
2.50494737693
3.6571370367
26.3760844473
0.693423395226
7.24480872749
13.0837509677
6.84796116334
28.7431174146
18.6801501895
5.97705721138
34.4589639874
34.6821617676
