16.9516657891
90.3337969429
9.18598526555
24.8714770003
16.6570217628
21.7121444104
13.3048508221
11.7163792807
28.3567515955
3.50643789334
11.5699061713
3.76579019488
22.2791744095
9.20838632016
2.01496786879
25.1842424043
3.73685020696
2.30032953046
10.6199261809
1.65126877612
23.4795478662
10.0621362834
34.7336239063
5.23617083518
1.83783338085
0.0149650177106
4.80397956471
18.8656815483
6.67631219918
8.0908118155
0.35406670618
1.6721529228
10.4623714429
7.27749911554
9.87066838169
4.14865351097
2.52104338616
1.28680839228
1.43634978099
1.48764954323
12.1595683345
1.06666504512
23.6238039553
1.58989715533
24.043446504
12.7244924716
6.35333922691
27.2113656971
4.2240180395
5.75316702102
3.00834293915
25.6137220691
7.16618938344
3.64626230931
24.9785007985
26.2699118967
40.9535778331
27.9842949176
6.36761873141
9.41765428304
15.0556873028
4.955032485
28.5996225189
0.998841484323
26.4268904817
1.92227585731
5.88680509756
0.0884886103687
7.31561837722
2.06240325453
7.4417738864
11.2429993527
9.52918284676
6.07870107611
7.8482203699
6.30703223289
35.2273341648
1.07670050435
3.32182378066
12.5255552305
1.85431779331
18.3834036287
3.41451481802
18.8714517527
37.0505994633
31.9476815388
27.7098209451
41.2184639019
1.18089474367
41.8447864538
7.07740418224
0.978781140545
18.2898950797
4.19147649411
8.42422233421
14.4554615177
2.90717971788
37.613921162
5.27908040334
9.33782274541
12.6095817561
38.8464155874
71.1025507628
33.7755326642
11.6574284671
6.73922923783
4.828258143
33.4986042402
24.1269952806
40.2337721832
29.8196664751
24.0540440972
5.35945168638
13.5713409606
22.2657837436
18.1009170564
42.2163275417
10.8306561649
5.07682247244
26.9183106348
11.9555078304
60.7944325361
4.32914405243
7.5245684754
1.22387714383
1.16610598505
16.9580711907
11.9917306168
18.6845691626
0.873828122208
9.99989624643
4.87333752626
51.7084733089
1.16788655268
0.966465714123
11.1299787802
12.0070235704
9.10850314907
6.19817391547
8.56532689705
5.13500115692
27.5459888389
4.03942111087
24.1802437195
8.78401287236
31.3423954987
15.6676351716
2.06775258505
5.059373608
6.27991663412
12.1732564059
14.6812246329
8.73100277008
11.8784455268
3.89272377418
0.762249665595
2.32142499606
2.27404488626
5.75423931543
2.9471125064
4.4902208806
4.43010848367
8.95635546025
26.4488602487
5.67930153445
5.46148283422
1.36403929696
3.4767761653
5.41663475777
2.48126240061
13.5059414343
20.1049606931
30.5469698921
24.1083712878
35.1840838252
0.942284531674
33.2168250296
6.70868810448
11.7057745733
2.73209471616
14.1687239888
3.10855509562
17.0245057427
3.26829808251
0.655312868149
70.5472613048
14.4059945155
0.386771711861
2.5491752978
2.82631421332
7.60475981953
5.39946577952
3.07300398883
3.01239262688
16.7077523199
1.00314046087
0.0236311516376
20.9636906753
21.0790663669
12.711554806
3.01906382803
12.2694239838
0.913269261558
10.8604751343
24.9773283877
12.7403789637
10.472075596
4.25167640684
0.89623819951
1.21052395251
8.08291870008
38.0677352295
7.13909886546
8.40458123519
8.5128513717
4.74715838655
23.4549999383
1.84019230194
25.891036007
44.1602038903
17.5516084074
8.68795758664
10.8874192244
1.00524048808
1.52159186314
4.69251123754
1.48547141516
35.2210889907
1.91940443724
16.297944252
18.7716489013
8.12253562143
5.60986411597
30.0587480116
5.50746225838
1.61522725449
6.27175833498
20.7258291121
28.0344364867
0.60555407813
13.2230793184
23.1365278922
0.615663036654
6.09582446984
9.31517961094
1.63684158763
32.7755600907
16.8845861143
46.2123322857
6.31640230398
45.4070568095
8.80777581653
30.8766147786
5.57820515203
16.4623625032
13.498135248
2.80767077249
5.10964400142
8.2630876844
12.1400418829
25.3474633048
15.2414770461
2.1709143206
11.613926861
13.0683158091
17.8903760627
8.75497001088
14.2602793013
0.347020033009
7.78401056645
26.6147746011
1.08859231936
9.31849366476
7.10622076782
5.88695863409
19.153804279
52.3135831526
3.92080516542
0.672358716069
5.58026631386
14.4347790776
23.152151398
29.3199083534
10.7577139665
31.7002119433
11.6182861713
17.8984207517
0.453668811498
44.6202115434
7.31087116692
29.2267251531
4.84189558161
3.05414722203
33.4232248719
9.32336842522
31.0351807958
12.5024819321
34.2908497852
30.1486499972
3.43956559538
