2.30509210366
13.5569643416
5.98156367133
6.33619951764
53.9941172833
25.6609279819
36.4758128361
21.7906811107
2.99543228433
33.0501034737
1.25607253942
15.6029460067
31.6305982758
0.885521236569
20.2151256219
17.3794651675
3.86136187283
25.9935839155
7.66198128147
59.8652526614
9.59547190711
18.091109708
0.867414294126
24.8798130803
21.8742931595
57.1942278429
15.4850060647
4.99077193171
2.15418202701
37.9140647412
2.17613429838
17.790582399
39.5593624224
3.16580706568
2.58825838081
10.6912294621
2.66950154028
6.05244406024
1.30474770979
27.5052587958
51.0208836536
14.0750770425
2.01449940104
2.16831788793
10.6098147151
4.43758354601
9.1568703666
0.859880074565
0.932774570208
42.5439409125
38.53738955
0.298945564748
14.8463794167
0.432882648781
41.82035823
8.97986376714
23.4518909428
32.1553615275
1.52261352917
8.74503886676
7.93351798859
6.68160611717
11.7640621309
5.21547182313
12.1162756685
14.3195533955
5.49403985828
2.74473539555
4.43820770915
3.65247402392
13.0601788325
0.915928146376
1.95009009183
37.5971054757
18.1985965883
25.4909820263
27.7588921951
11.1547449269
16.0591759422
5.46044394569
101.362304877
18.1861396982
13.477075614
19.0227483337
47.1625573646
7.61806733761
5.73521687754
3.63239991459
2.36637271481
5.90573090364
5.98229636187
19.1087636774
17.7017267933
1.57903699185
39.7796087676
53.747080072
43.2191281811
8.45406401389
8.67074931868
5.17327087442
2.52169487835
15.3614321252
25.9259866758
12.5707276682
13.2811244113
1.72031087212
22.4441376437
3.89431430319
6.82465524881
11.6893566442
0.458476603306
4.72818925387
2.206942361
32.3976490144
0.652071199545
3.06616529113
0.641396612503
27.45204324
2.61770729393
3.91517798852
4.62479930465
6.9601725878
5.27327033932
5.69175237157
11.5144547448
0.211126433058
22.5188661563
41.9847309651
11.969776842
31.3291616625
17.6652004212
12.2775612257
6.70910295762
18.9742809479
23.3681273024
9.17819527425
25.5164349154
3.77309469478
27.0277910268
10.9699474813
10.7905158786
47.5182076178
3.75791720739
15.9884053026
2.50302868693
3.0375310978
9.24092406876
5.67990201088
27.6361963167
17.100605061
30.3153754435
14.6561051909
10.258416233
6.05821881841
27.145840612
12.966733637
29.1254281189
4.45505570675
3.59764922674
12.8543082924
2.90081755443
15.4311713404
0.271291684878
25.9684317096
4.34203702478
8.28991898533
14.3945660156
3.85449518221
18.6178081363
44.2216680644
4.10742214896
6.84460423162
11.9518384091
16.4706401232
29.0953875834
5.55265275891
36.7654328638
4.83342859109
30.4274097649
38.0308532401
11.9526922802
1.54645979915
5.70254587945
1.36781677165
20.2986722854
11.4683630536
21.5357314964
22.6267236476
6.4599452383
7.65480825883
6.50017582101
12.8281299784
0.562535706776
4.99854073731
13.5998172042
1.57237757403
27.1791973894
0.834411745128
8.95725048644
36.1548012429
1.2835883597
34.7887510339
55.4284880162
4.35803551456
51.7014545327
0.2185103745
3.03082088835
3.60439178558
2.79824127282
0.59222445768
46.1976632104
54.8271300383
18.3887768437
11.1923646777
40.2250106497
61.2879470643
0.640416858493
51.041362933
34.1301525229
2.24831657412
6.14132356726
3.26927257404
14.2186607142
1.2827537546
14.2575867695
7.516252344
3.79507559089
7.27069082735
18.0795100399
13.2241278616
34.7107745819
4.84079254966
28.4616766635
5.2735367265
13.6309798634
35.3471772124
0.94395342593
14.3755360519
0.210144953332
15.6838070507
1.62421531758
23.3543554271
12.073969244
7.89290833107
27.7352080382
8.2566704382
23.6761420667
0.821617364794
19.3010697608
7.87878418128
13.5874418884
17.7086447283
15.8621606962
16.5034952784
6.44332178429
11.5339728274
9.05449345973
8.68672619015
0.913792048612
9.47668973132
13.7173428621
45.6327777688
14.7267778756
9.81643369085
1.37311563156
3.66118590301
6.79269615966
0.951011328437
2.33060313422
16.9455670975
18.0142910802
2.34310926052
6.27412629532
5.10133220477
10.4701820083
74.1182272931
0.975398809108
3.16020446697
7.00461358467
17.5561897057
17.8092554117
14.9586922866
49.0495629592
11.6453833803
4.3538646584
2.9388070019
35.92421869
12.1663769678
2.74244921465
15.2559825696
16.1130325538
42.6781749978
0.0218534864351
26.0317636621
26.9529429948
4.48418837384
29.6026584948
27.2240210169
5.2085849633
5.29466135087
