3.73154792927
43.6181987028
7.70668682475
11.8887115471
11.9138414884
6.11978615312
7.89932596792
30.2900845342
3.49510206394
4.07928137598
19.9413636238
48.0486832287
4.16278586989
0.81156590354
4.00453383085
8.86674698178
4.27749433161
16.3180301627
14.0424446541
10.3459591521
0.956090947942
13.8961280477
10.9295963797
0.328155606854
4.07384426912
85.6030289904
0.821562043994
0.196203685674
24.1592574423
19.9060581144
6.39341430203
2.20211751626
18.8560710061
1.32216116688
3.55512770319
5.65817360926
5.36412684031
6.45886991382
11.2836462857
28.2261677969
3.13504001192
49.2898006618
10.7913433134
1.60869631709
20.9148349876
13.850249553
6.52173900786
52.2196851331
9.84890307702
4.29078460427
24.039403585
0.941420487442
14.1567075433
32.963629513
6.42560300346
20.181138793
3.67777592178
7.26226140165
5.19107681737
7.36905140733
15.2535231135
4.22802654345
46.9894035762
20.3856041357
33.0135321155
36.5892337776
17.8182225105
1.01659725012
2.95620696479
24.380962615
8.40896107172
4.62162827435
2.65051520883
17.2219023621
6.41090487294
3.11268568818
49.6444889956
41.965704472
3.04465412573
18.9855665848
23.386268339
7.93315884448
13.197664293
22.9103451392
11.5444370909
9.63968713798
6.43401989131
7.78932003481
6.22344673612
5.89120660961
28.5392922712
9.1884665899
17.6879876512
25.2154356504
14.5608309274
1.13525466372
8.25054275966
1.60711026037
28.5326068603
20.926319561
0.0811719446397
31.8251001705
1.61087155967
20.1462652012
0.0677026161071
36.7660683043
45.0741427125
38.398766587
10.021663997
4.84344353386
25.7418461479
30.9878628322
35.3237515524
24.9700846015
1.4233058031
3.00353219176
29.9577164962
11.516018225
3.30595964968
9.29173200862
14.9202283836
29.0831520653
18.3044978675
20.6863241189
9.83912648731
17.4795978224
7.23307984228
8.03939779515
36.5908975516
21.5981034368
5.08327001055
57.672517544
13.0231498075
16.8033622679
1.18253630006
0.933037117787
15.4416207965
36.4540804087
18.8451964043
10.5047128731
1.14580372601
3.37577939254
31.8960430278
17.6356356279
24.4321886754
1.21246055015
32.6221707161
24.0247126875
26.6910409802
6.06401440946
5.05109811614
61.2522412035
16.0953309162
6.43307583564
2.33940606927
1.52565137318
17.117480546
35.5511939699
18.3603379857
7.58478163716
4.58994063907
4.78527300013
21.5496670578
16.621495726
23.9508412045
2.9250303912
2.49667592627
3.41880530789
14.3846253457
49.0076142847
18.6404068668
18.4049543162
8.70001099586
1.79660592236
1.55921106068
62.9010022893
46.4480489085
2.10098721806
30.732168291
3.32084023055
3.59759569334
16.3507444735
5.65901971194
36.5573771419
1.76906561484
14.0347443089
24.3928088967
19.4294413752
16.9349432442
0.607138578817
28.7431383564
13.0014586016
17.6607033961
23.5450599713
9.65789040064
10.8390289263
23.6137963113
25.6893612717
4.06212171846
13.7671187936
16.4639970152
1.71408512415
34.9966393581
1.45460396995
11.6575637316
12.6912637905
9.25235652549
14.7828200199
16.463647525
56.257130689
8.54021890669
35.9213905416
32.6498858438
0.746903289226
17.1140512198
0.113453869734
29.1836846844
8.33980010358
14.8001866593
2.17139008982
10.7574518189
19.6496488074
5.17256582131
3.46173090734
29.8939201386
9.00210988697
34.8744894077
33.0090338778
5.68362881987
19.6945986366
12.2370939125
12.7344334889
12.9842841444
8.82962971807
4.13438725202
6.57334777914
13.3912668768
3.2058016318
11.9464990618
17.6517672007
7.35814375661
4.36561989601
1.54802458854
35.0478793518
2.58092451043
14.0375335871
5.71330808409
15.0517916617
24.6470744468
17.1883935322
1.37511529144
14.1287732376
13.4196986292
4.44042786158
11.2190608663
6.2921199323
11.4928884431
0.660864271434
0.830455745139
1.68160971678
11.4373179941
32.2773182384
3.35818935342
4.64835856732
8.58049665389
6.33605490906
9.06931626194
12.8708978225
14.3067869681
19.0019864293
9.68823601279
10.4161171694
29.8322267176
12.4419164994
7.95178880114
11.2812013528
16.6431298549
24.2669687371
19.0654571111
17.6307279923
22.6397843715
13.8166249323
19.1514755707
7.29150012298
50.5019211829
4.05307880592
7.12699295862
1.24209576215
17.34260264
11.3282301104
2.12098823316
61.2185668353
14.8887767173
10.9496922928
10.7106326133
18.4950072724
5.93573706235
4.30301075586
10.1050256609
17.6078043854
