20.819158888
0.79755869949
2.13070867766
1.20602253926
5.86827267215
16.9365535484
0.857261276324
5.79519374178
7.98887755032
18.8518215357
17.4183095258
32.775958644
8.16702378095
20.7733907761
28.1211148356
7.8089466476
4.02341319832
6.145174823
24.0207760474
24.6402076984
4.29231217372
2.17513815629
2.36630565142
27.4778265761
11.9110287648
9.53139537791
30.832703776
12.7862549453
3.23860624458
30.7531992067
1.7356428204
6.33397788637
1.21265337257
9.41874037132
3.3865361377
1.61926317044
10.1956691863
0.199005441755
20.9105552119
24.4725959753
15.8675528952
1.77369657217
0.037851475595
1.39209246733
7.14065619855
20.3022768937
14.1085153185
8.28209888567
4.32909861293
3.74988413119
46.5564955228
26.1761923976
2.32756140164
13.5173770878
8.51161771838
14.9894083118
1.37817951463
12.4383815112
15.9293972757
4.82155441579
10.1692869201
4.46730134991
15.163303162
3.19342624021
10.2263562809
25.5117529539
2.85584505027
12.8344710342
17.406483574
27.4183042552
6.5428509503
61.6856910988
10.2836037283
6.97952325954
14.0190057241
3.6511171435
15.8251204625
4.15861126887
0.761879482963
5.19897480799
2.63866838493
19.4808484009
7.64713484214
7.80521051637
2.78216805413
13.0841807042
30.3069549919
22.1545457357
3.8230088315
9.87351141054
0.536782622058
11.714574956
18.6100994564
19.3502004943
92.4404938253
1.6466153825
23.0719333966
4.27275841121
3.47129045072
38.3475277921
24.2751954639
6.50799612801
9.33992942867
2.90702559731
24.7606375652
1.52576234847
0.901594733333
44.5724994749
7.27294169301
71.0177253922
21.2579941614
20.675169455
10.8097332929
29.6763581856
0.198477039938
21.3290333904
18.7134204692
0.581597123494
3.04970292143
59.7310372449
33.7741952171
20.3539533635
58.5483579919
7.07756063391
12.635576018
23.9108918603
5.56847864363
1.16907383107
0.0890088348923
4.99772749292
10.1284342217
15.724397977
58.7032094514
9.11125443788
2.9758573957
13.096018666
44.3891111801
10.1699242355
15.9612106164
11.7799973655
35.2532375861
23.3432748439
18.1778433672
0.705362974492
12.8011851671
43.4766033911
19.658313148
2.30132519373
20.6759222848
26.9302213056
18.2070763916
19.8853842462
13.0993370229
4.41400952856
1.1109274681
13.5868150646
46.4297139835
6.60413635434
3.36531681496
14.7665800427
13.6385524037
12.747407704
14.9848546047
7.9065081764
6.53361069257
4.67656912205
20.3573519336
1.54922389701
19.8804029024
9.67282533989
23.2465034495
30.555777556
0.635930521612
0.707610836033
8.74197718542
39.0526919205
10.3915179362
0.24646016567
13.7205061901
13.9217242766
20.4791213868
3.10099503908
7.91946519858
31.4787424214
7.38713318084
4.91041097992
3.41307236569
6.63321287512
18.0482224825
22.5495445024
9.97950999773
6.34216546644
0.421870426529
18.4534741837
43.1219372837
8.22748138782
24.6104460355
11.662331327
11.5452488691
4.21032550072
14.338313886
11.1121940844
0.579498112347
9.96884142996
13.2044048808
14.3678878306
23.5575363798
2.90348636901
11.3168916445
6.71682068713
15.5933483792
9.00275542608
9.60192906561
29.7677967946
26.3048962276
8.12626486137
0.442286494953
10.5655369562
11.5945537047
0.874171866575
5.94452795146
2.2980887328
4.24007371377
43.8939670365
17.3939880172
14.3247154406
31.2647576885
11.1721252723
6.65059237382
8.8547585069
53.248032749
8.61890824855
11.9751391294
16.3491874163
26.4291609497
45.6883839872
1.20503926548
67.9510349858
17.2147442501
8.13348956465
19.5109578836
21.3791859723
23.2628536803
19.7314625549
12.3254905541
0.165641531771
0.974337456526
25.8548133634
6.42766150103
7.82104082777
12.6773064027
14.6493469665
18.7031074402
20.1273287911
3.92325715325
17.3546965195
39.918210591
2.35758136094
0.0975894679297
17.0018933835
3.53352842991
5.91034414502
10.7273464624
7.5784235735
14.9475921003
7.47000996042
50.6773602512
6.95362716439
8.95248777011
2.76628520181
33.9784823997
0.0021465839211
43.2085986816
1.95314784763
8.77522168932
24.397279416
23.2688162132
17.6679304986
34.5792341926
9.33242585752
1.9974839123
6.05326874724
23.7639786626
5.21161285951
23.8505723026
62.655459716
8.1488918718
10.5759947504
31.8510611876
22.6093001176
12.4580099136
10.7365773397
12.5674142213
12.7545844107
16.6668548434
3.20418723066
23.7537900562
7.64189081366
4.53495342224
5.56641155627
