7.54449588243
20.2943798272
15.7717723824
4.70479513346
12.878877766
2.96020607739
2.33692942424
2.32775164637
17.7920299943
17.8484888381
12.7993242739
16.2403585964
10.1800761896
13.617468319
1.86825623757
29.3568954037
0.965676388447
8.58192708131
34.0137703215
8.79294101756
20.0863879692
11.3648785257
2.2235657953
4.50649569845
7.35805875697
6.97728503698
1.43726712275
1.16963393388
40.1169358327
32.5195297279
12.0080402985
9.06541114951
27.0022295601
4.55448760717
14.654515135
10.6075035834
12.3300907143
18.9636966129
11.7615001104
11.0877505045
12.6488127188
0.993233195608
24.0344231052
16.831145606
12.338435605
21.0183404894
6.42148140762
8.98339861821
16.4767907922
8.37384098004
22.4507848044
2.86295322233
28.4564704151
40.7750008712
5.98942527009
16.5987914986
11.4604711293
5.09421246139
29.8721156319
54.3455439356
4.08964605352
3.56080517849
11.9655317934
21.0950040373
13.4604334453
12.9893537117
17.9979004414
16.1620410048
7.8269831639
8.70514011193
2.05567401874
35.2735988504
0.750369949625
8.90638750316
32.9734664601
15.2709789285
9.43826737402
5.31598535451
1.39660358323
12.5543477246
5.94897065491
10.4735517925
24.101259348
41.6672567626
3.02353104895
27.7281334491
7.77733675535
3.84404814516
0.542353321614
2.36922707811
6.39635766603
6.01921142609
54.5581675133
11.035009117
0.647146967385
69.2238185958
16.9233517671
4.15764381337
25.6004805732
24.1688182803
4.28610403868
8.04649999226
17.346997694
26.1244380803
4.28406385206
35.8947861984
15.9851375778
3.46244064363
8.70259667681
1.71983289192
27.0779471265
9.79120164616
3.57943876361
4.22044826567
35.7707440153
8.16783724487
36.8906294973
53.1135533858
2.24237172539
9.78275348828
11.4593709097
13.5822124969
22.706724677
8.00948224758
23.8366325954
2.54005502732
18.3848032117
12.4557689106
0.647895816345
34.8999917377
5.2389812734
16.4728518577
4.7319301495
62.6377756866
1.56372626486
16.5259741102
24.6796836113
19.6243234733
14.7387136024
0.574303579045
7.68504232683
0.049121804512
6.45869208414
3.73608434687
18.5374357596
8.59046807928
5.26712467546
13.8469000812
20.3824395499
3.64450160916
2.04211634424
17.6434970075
7.65764710861
2.64309873794
7.85934086644
26.3920370276
14.2081388201
35.2074142876
5.8675790342
9.73462317883
4.11518126315
59.3815737537
34.4589787836
34.7286261317
16.9213729896
14.17265587
1.73159029309
2.79268181293
9.91701839283
27.1508708162
4.27458421951
69.2575890017
4.98060587794
0.272149780709
17.4799778793
21.8222469316
0.751704806012
31.0933734156
6.26496885108
31.8515149308
11.8215082699
4.54690991562
18.9220114449
22.6953755397
32.2655416754
3.27502382001
22.2052433195
1.75034853292
1.76746314343
8.7865014819
17.4098997907
26.3247883652
18.8027711167
2.94842800584
12.2044304656
7.0627972627
12.5016362897
5.40064950456
25.3082077441
3.7191866533
19.6155297909
5.35451811836
9.29587967867
3.85804331035
31.5481761332
16.1186759074
17.6435684093
7.95619728793
3.65806112893
1.21840987171
26.2520671535
4.76717825435
2.51999013795
0.100252018335
2.13390930142
3.22587971034
16.3606752021
43.6064590307
2.79517922453
5.00932264235
1.28761260037
9.37360872602
48.1291410401
6.1281168849
12.0791281703
19.3430182177
31.1760978426
15.4587363869
1.77406378368
12.0755936569
30.8361833695
0.0908526399772
0.846846808355
10.491053477
16.1128828331
2.67662721894
8.72144613976
0.492031209705
6.90997134657
34.54473446
4.12119122674
41.0014031475
19.574642059
11.4883125983
4.78233717904
41.9441044011
25.5525606037
10.061978758
1.02184533239
9.12111929355
26.2206785751
3.14701282613
0.406690112529
17.0875666509
68.8700173401
31.3743400596
35.6336062471
31.3114628592
5.15168160045
4.70040250028
32.0399892048
0.361656156477
10.3668761647
10.981095109
7.92478520785
9.01423375337
9.0507049635
6.67472757222
18.3575728353
2.6487501367
6.62207376814
7.69420736414
11.7202901749
4.13908628416
3.63406974642
22.5361609011
9.70288704526
48.9744406746
34.8573020452
8.1996138273
14.5706950485
2.9350837437
18.064985105
5.48921851308
34.6366427241
26.1503628823
7.07582091245
9.84633294762
0.393342591414
7.15965402614
3.26848917749
7.74094406158
14.8882299848
8.85640366139
16.1870008702
9.94852164366
10.6982368932
5.79864629414
19.8816367747
13.100172086
