20.9202846992
3.96308750755
3.44387976111
13.2667288373
9.95361748036
28.9324507613
9.99105929757
7.21742808034
20.7342781134
36.6331654691
5.64903984005
29.6817684324
3.38176339779
0.373134753601
13.5292923412
68.3904034524
30.2181995504
3.4683675882
3.21803725801
39.4255811032
12.5432478759
6.46952324193
68.4833571699
27.920903939
11.2782869731
15.0347549666
0.877272650506
3.6057369895
2.66764739781
17.3358563097
12.9289523621
3.61815103007
1.68904588682
20.6944015552
6.55522186983
10.8395812209
17.2181608794
0.990763000241
8.76884542851
24.9795964535
14.239045447
4.82195028022
18.8983652298
10.7221031096
17.4331041638
15.8848002699
5.72733390081
7.16743649048
45.5369058641
2.51439500451
16.4592945882
6.17860309346
11.6397891137
14.6770460272
40.2371631273
21.4535457662
3.97350064115
2.69986097952
11.0119731337
78.1687595709
3.01202810294
26.9271534809
16.8194714856
19.0700386739
11.3535385717
6.94177453006
2.913758418
1.03989160327
19.7382909653
4.44089275728
15.8358668366
14.3990449501
7.36494938523
4.15792100293
3.43335438561
44.5556317899
4.01511444423
68.0452737403
9.78915579539
13.7885798443
109.432374345
15.7420768673
10.5170787683
12.9647494905
3.33910953522
6.99712737746
2.00443725377
27.1729023968
4.85489486318
1.13887364997
9.36275466442
4.49271501389
0.546175482541
20.4568553926
17.6884339486
0.719700217517
11.3089176182
17.4388294879
9.5761329915
19.6900623041
14.0587525873
20.7735287619
25.6836438436
41.0485872476
7.61116260567
10.9527829255
21.4332786587
1.74504351264
24.4167821876
7.94004390878
3.35461283422
16.5844243383
9.12132940262
6.52176782556
45.9712570208
31.2437799778
21.2381300188
13.1023276402
3.2558237674
14.0948259283
23.6529687914
6.60272452097
3.63755611613
19.8824669171
14.7604297164
6.54789134923
39.3983270175
16.953232124
0.664314654271
2.82899830383
11.7300737717
16.8509958142
19.0587468481
5.01793593996
10.5473952287
3.86383047313
1.70873330164
12.5022694564
12.9681145673
2.64731307704
3.50091926759
22.6354216841
7.93500363764
17.6659130183
22.8314447079
15.8124485795
12.7015768946
17.9927936761
0.946590867938
30.3468820933
60.4943821256
3.50013935006
0.182701294422
6.83263430384
7.1460823401
2.76234369166
3.7234518404
2.06723067189
142.819588925
33.2263851027
6.98523089288
10.7203975368
14.0213767916
8.4415250516
24.9917122494
29.8306034893
2.68249193546
16.5297990305
7.22805839389
7.09549923783
2.52165739217
1.98292867983
20.3633828243
1.26557273672
8.21731097507
13.3018048313
0.317466155798
4.57459798118
36.034686762
28.764609322
0.67694807998
18.7988603884
19.1637262774
0.645421288862
13.8827002445
47.0536615881
27.204762681
1.1709122355
5.44323769365
5.29895696264
36.7063608163
4.07314226618
0.637450582951
4.60675261249
0.207206994851
23.5212769173
15.1033503022
4.23175190647
54.2289084729
2.56686905054
4.38486821826
17.0974685307
6.24027168943
16.3662774551
10.0706589678
12.5056148809
45.4224917614
20.897531544
30.8846823675
10.7297086093
45.9366852199
37.6984082518
1.51531846275
13.8078878595
14.2257199439
56.5072916041
6.4756421909
9.80910002393
19.2707480443
8.17779675234
21.1239649537
6.80250381949
1.750415043
7.70996163359
0.850734709988
3.58658366249
12.6596939803
12.3892511647
10.1174723055
35.3736424527
3.34369147158
25.3933229781
1.45533668881
29.6333018244
17.0544847928
9.60060473431
20.2409641581
3.20324112319
41.7473123242
28.1190379919
31.713085673
0.870924057534
21.2493470696
10.042815432
7.28000653558
33.3257795927
25.9630619698
24.9772041628
4.6173929886
39.1950505962
1.90190650197
9.77714929908
13.9024116632
4.53496869536
4.99094796395
7.4429539441
13.0721948201
3.35812379229
9.46664167745
3.6729751414
2.64831589208
8.38819597333
27.5463117558
9.4145712604
0.912506414267
19.1865923705
12.4711640922
7.22922921574
7.34584675946
5.67889780186
13.7013326318
12.0842524793
10.5449678406
3.55142088771
3.58574611931
7.89207057421
29.6749314598
5.56567211364
20.1922855214
5.28058853776
5.72037828518
6.58320431604
13.281005645
3.18171613055
32.4024081154
0.0988830501179
5.89519963386
18.1262101965
59.2012589991
21.8929035975
20.7734761403
20.0513318396
3.40915846088
8.37032152512
1.29625834968
17.0481543156
61.3601736784
37.7846291167
1.8342589985
7.70566654512
