2.04265301287
6.52321407187
5.46182694744
7.3609619954
4.33220729512
0.146387455423
7.09336099599
1.6138672231
2.07781555823
5.16197476079
28.868451186
14.3477750727
13.919808659
5.87362382401
10.9178203087
18.4830004255
2.61776117222
38.4289093307
5.55628118639
7.67405757039
12.6983678307
7.19015760693
43.6534014896
6.08796324543
5.18841723828
1.75678025322
3.60244552749
22.5781139929
18.7532408708
41.6025414238
17.5932711772
2.86112542692
7.1424717487
8.91055549629
21.7689813431
15.9814520343
73.0082698988
4.99122520514
18.9797733404
10.3461154304
1.28517443829
0.233134613557
10.4108716847
4.06702337791
42.920008632
21.8540399266
4.17006454981
0.592193241158
7.82256260045
20.4024281025
16.0064247281
40.5700844935
0.144329315806
3.12765030364
10.7489562446
4.66501294347
18.274244642
49.3866565092
0.752319452058
10.8047513274
0.204327304408
17.8624905916
1.58629043412
3.1521035525
5.6770804225
7.45406335177
17.3179565054
11.2982258822
4.05659624048
17.8881245106
36.4009171047
1.54119181589
20.4062165518
3.91251149692
21.8313825337
26.7808004045
0.909417548841
19.920919593
18.1160194122
16.9080109624
32.5559888458
0.592563787
21.0993986926
3.11603702543
3.10760795209
32.2965970201
4.4735462022
17.4678195357
15.175529668
15.6979061197
31.1997549624
6.74113465354
13.8914195685
4.71656559007
4.93358053671
9.65962270897
28.0650813612
13.5961861685
6.51077960131
19.8067391333
11.0546378749
3.85226450742
46.3264393833
17.238225008
29.7485723382
1.23756597985
6.09452871379
7.839626824
49.174640894
9.13268175975
5.6326722721
3.96287435384
17.0538309872
25.7947385893
8.06913275409
21.4794126502
11.8303855046
1.32180640623
56.4317127502
41.0153120978
0.0888121114648
0.817082543995
13.2707086285
0.860591961091
2.68184655881
10.9352377637
5.50700589389
1.44832224813
4.31005765024
0.654513664003
29.2285234415
21.3990766715
2.87540312854
36.4225176033
28.4469775022
28.4481986037
24.1560542096
10.3460053259
24.8639479825
1.44277704924
9.88103743027
3.30318764702
1.54238832845
18.4443860679
7.85582971199
37.4261077899
6.83701971115
20.3592617132
1.58910723235
5.09346345614
38.5464355132
31.1570469181
47.4534576799
6.25927148218
2.29101475505
4.68446158339
12.622778548
28.0155048859
4.85755402563
0.158123630972
14.8538039067
11.0951008164
20.49294078
14.802596059
8.35010055036
6.92917679812
6.83044494099
41.512344745
9.33118741099
34.4194461223
7.89950851043
35.1790865663
1.7458125317
5.1244020045
0.0645122117942
3.18198873634
10.4108623501
9.28464688195
2.1016075989
6.94798621068
28.2174124996
14.8897785146
14.1481156139
15.1889032551
7.47303500576
0.141379315308
3.7304711149
6.85904359931
48.5054436878
0.203750721953
3.33110503085
14.4989162326
0.508112185269
1.54165510762
3.81118710234
2.63159180264
14.4508765477
22.4213838087
0.831243852432
13.511333508
4.40012566928
16.492264845
11.7567380385
8.90174581961
10.4758248397
37.8019608639
14.8611116378
2.15045146245
15.7571278052
38.6720700249
25.5108971921
44.1164396152
10.2324219986
44.6834018596
9.97912291995
5.23515755162
3.45781784577
34.0457353326
2.92029017714
6.25399293657
1.02489272479
17.3723185347
6.10640932293
29.1038795467
11.9362856392
5.66195987252
8.48246626148
21.1710924547
4.82360296837
10.3360822265
0.43790442413
29.5231373455
13.1560970278
21.0600642157
43.980607841
20.618064856
11.1765439587
16.2918289558
18.4335994961
14.8144192059
18.1374334904
3.34297001603
23.246281837
3.07535696343
27.7252693805
17.3647431507
2.88019338873
14.4338497053
12.3156364192
11.7883777192
12.192812473
12.6856331323
6.10753730673
19.0040120194
0.640080190561
63.1557199937
10.0297453234
21.6731169904
32.2351245072
2.45876135029
4.80217047763
9.88466670443
29.8147485596
10.3285961004
20.6972943915
14.6719065968
5.5294376803
27.3622622358
31.7885323609
13.1195604537
2.33565523677
6.42444737067
0.531650528468
12.294918401
20.3895948371
30.1445453037
60.1977850883
5.42364352701
17.4614962571
11.0747066545
21.1682426626
81.0593175705
8.67550993597
1.9436346604
8.01867237983
26.6233754044
3.69782873958
10.6331147841
5.78464481779
6.60879802722
9.8414916219
7.42074179765
3.68702426556
2.99812935513
11.902729648
2.27247100311
2.98663337136
23.3177209629
13.8171710496
3.27386317893
