24.9298849712
2.35202645816
3.53145485192
19.7095590717
5.7760711075
9.25056218513
16.1406827592
34.5186622586
1.3186733116
31.2891544143
7.02137832615
4.85994385246
52.7336700193
11.757194678
3.62564389144
24.0694393527
2.56098515586
3.35159053579
17.7945486906
19.3814227453
8.01125211261
2.21536254177
20.4891132997
5.88059292607
21.8429110234
0.374346875924
6.00668821258
19.0908379215
22.1699516646
5.53981166726
22.2801154582
17.3497382201
3.27207934486
2.03558035183
0.41949687988
30.4850827288
30.6875266259
23.8184091326
1.24222818104
1.52536551874
19.365341251
14.5894265971
8.01064004578
8.73997226904
8.27603853552
21.5320022481
23.9063694203
13.5002146968
8.36096896346
1.96251270729
7.58136854669
1.91562265624
8.03372097645
24.2592096859
1.99585621395
7.5763469919
7.89824067984
1.89046277738
43.403115807
6.21180007233
7.47303831455
6.73061997864
3.92907767372
15.4417113354
6.59543641514
11.2866444188
7.67126975179
0.56106396804
1.7631742235
21.8024693505
0.992703341681
15.7414567244
14.0510666426
4.7159602231
92.2843243399
10.3894777444
1.45769374642
4.54305821385
1.49436934654
45.8994362743
8.96355659717
7.59575541073
0.683221750818
24.4411481851
23.3110177756
3.94306579481
12.3766172026
12.7819780036
24.931589062
51.8019921216
0.825692665443
28.3302837611
11.1979038184
0.0739053354586
28.222798282
8.95421955476
21.2144966326
27.1793353789
13.0090882163
6.93646417695
20.8424346346
39.974778077
0.72022926297
20.0399887377
13.4197968278
4.53179542512
4.55548638353
50.8784920489
0.476164035192
4.95366765646
6.51719877032
20.8268807268
5.22895519483
18.2978597977
17.9466745079
41.0821986177
6.65031359487
14.4263415828
1.96630890862
6.43072184692
2.22331385076
13.0144769943
0.515542846332
4.18900825995
3.35687226401
3.32514693441
2.30121631181
60.7564401746
22.8593810628
10.7554343334
13.5985923652
3.38233305777
35.1775020022
21.0315480822
15.5779870832
14.0029506046
9.72599432166
25.5950931366
27.5857356513
3.95393144302
0.440139044705
3.09973763674
0.798444674946
22.6203124772
4.22791949885
42.2285095009
32.1396595276
3.69734741021
8.05498051314
12.4888576663
2.31049710755
1.60677059974
8.20417637408
15.3948441645
8.6229395299
19.080015185
1.72142179562
0.642265809386
15.4554641123
1.12900395474
14.9200778329
13.0701127188
3.59526282423
7.39107018095
78.5498298488
10.8587032101
15.3482046306
11.9205530411
1.93819106846
5.15619872821
5.53933894046
8.51706396385
7.63332532049
22.1535670651
4.98385599816
26.650158908
72.5875003169
9.95705656154
3.6084724949
28.1479048117
20.1887806279
5.30852122274
10.6057553872
8.94388090812
23.4526324271
12.8309601135
16.564572704
0.715753497164
24.6163923925
3.77870650235
10.3264410337
15.9517439074
24.5750035781
10.8183226235
9.78592264321
6.78183276802
10.3434015726
13.2382501451
17.2844771446
0.297730443342
11.8865392706
4.83455096383
7.38386650569
4.97478240387
1.95837469773
0.751967523996
10.32035453
8.81050529235
9.98880407138
29.2788280789
1.20541444495
11.4562343874
3.39061538209
15.1776563343
26.3785609801
21.8687128957
21.6350043669
11.2056916485
0.658417672982
1.45676124931
22.8752128051
6.87538354281
19.783983255
20.923240629
8.67875609582
19.9909239737
44.7066256412
4.77048098845
13.9512284181
6.67331868092
1.27813410571
6.51078425875
13.5180428916
20.9776907448
1.3946204144
1.07572819435
9.34432631387
5.79554475388
12.733905017
6.18203036066
4.68239935084
0.155613454134
18.7214001622
11.0954920486
16.2050949468
22.0607708385
17.4732490726
6.37928150837
22.947723158
26.5141729136
41.3934073257
1.98476985157
2.25529814914
10.2136943409
3.03885944495
7.31815856196
19.3777303612
2.33707248091
83.3517661943
2.71096310267
29.2910051175
3.42523375034
3.45533872851
32.9732993427
19.6663606516
3.80089635947
15.7816371418
17.4339075608
49.2505970302
18.7452522698
9.45804841353
0.981573709277
6.88765529139
2.13230350439
1.45775298543
15.4540588977
15.0596623763
2.20865712861
34.7853974157
51.7852665835
1.25661309502
15.608520401
36.2370182037
0.0688986172327
6.20194420598
10.9973068142
12.0273391771
18.2618197025
19.5637803864
19.7692640412
3.57696264701
6.72240572985
5.72548706052
18.7165063745
4.25692206371
4.91579747571
21.6563874208
6.02071859523
12.8117738454
0.473982895713
