0.105390644327
22.4315997809
13.7976703626
49.8141148327
8.11003189757
12.0931363651
46.5729595113
7.98904957008
17.6783646604
9.98533632573
29.6457136847
15.6126761447
0.538922214256
26.2786498888
35.2920748774
1.05564781947
15.5877709141
4.26845560883
2.69869750352
2.35376594107
2.50643877754
28.4070932206
3.10708096906
30.650910929
38.04421701
0.62672897148
1.55138319009
0.354510047585
13.99125402
28.4722523684
1.793731835
2.29563506198
0.574795854041
16.4302121981
31.5374377451
0.928357042889
62.0754323229
0.619180600166
10.8256983364
6.98695988939
69.7518090223
11.772978957
13.524448385
12.0171628988
33.3964500389
11.1324594816
29.0002655377
0.940916832818
4.51996558668
4.54940940876
17.8665048014
6.94373285237
4.82801165772
18.9983548817
3.38569427094
8.54541401729
9.79896476153
4.27495452216
0.448235469871
13.1848592035
15.347929009
0.852305062467
8.66551885267
2.94554260961
2.99457006332
0.105731909873
2.5185146022
8.23337183585
8.82319173299
13.6770026141
72.5382538408
12.1104374473
0.234523964921
23.7324368436
3.27713157323
2.32217282444
10.7741379038
3.97558287088
8.35304187292
25.8771964391
74.367337932
18.9896930262
6.18677804071
18.0736010176
18.6963561921
0.919951311136
13.4251458623
14.2871580997
13.6278949369
0.0356470796987
8.15259297597
3.60050426422
20.8057932844
1.21642874936
5.95200171985
10.7893152535
1.30987342976
19.4580118324
6.90244067716
1.24348012807
1.71503574565
27.1553574647
34.0025058902
9.8181657173
2.23717555346
4.03992049187
4.2091585325
12.1900830255
17.2191495544
14.3349437486
25.2335578234
1.79813033289
37.0257267207
35.3294586506
11.0466988944
12.399275051
15.8505018426
16.1858390974
1.65090237916
14.0251563833
14.0406008151
3.92957874685
7.14020088438
2.38766836158
6.81504302526
12.4618790429
1.19098295142
12.3026603302
3.75194634668
16.2585695363
1.35836090348
9.58005381184
14.9937731504
23.1649730432
28.265227747
12.6355278484
25.7640513454
4.23795282414
3.42450234517
16.5706599944
4.91810889288
6.46006153408
35.5599054438
5.08248374828
0.244144051682
3.29380269731
8.63059290278
5.71410174684
0.858786205202
34.520201193
53.7672703806
25.6967625969
0.254893509387
12.0872491344
7.97115528485
4.35896371652
1.65980751769
1.75467176774
54.912171272
24.5657571085
5.90878659275
1.01021068449
15.1472751555
1.52086169127
7.95080179607
19.2375129837
30.1465658306
6.00747235872
14.3159677948
3.85065622998
22.4279836518
1.21298276485
29.4318439977
0.566089737442
11.4719517689
6.08477733248
21.6725116191
23.0413393554
32.7807077525
5.89322480551
12.266038473
12.2446104255
14.5502742126
67.3945877148
7.75940340363
2.85700378934
17.7430766523
0.501247775691
3.43844095909
12.1013653811
1.25586200238
39.4955167763
9.48777841074
3.77715530615
64.9725422674
15.3201192528
4.49598460856
0.0544149049542
11.2224524708
25.6414951608
10.1762793127
9.02424783836
11.0596133146
30.3893565437
35.8939815154
29.7433777708
33.5762490497
6.88247111271
1.43870344101
1.45206414663
9.25972026202
1.48303461184
3.47702739897
36.7717808977
16.0255230096
6.76316729023
33.2421997867
3.3889394951
17.9171455632
4.94064606686
0.99766241402
6.78828387893
5.19189151104
25.521237163
0.450692520711
63.678594609
28.7132973541
1.26402969666
9.48767371088
9.10683889293
23.6172261625
7.0609410714
29.833778258
5.47820413082
26.5710805269
29.7454194014
4.02554518456
20.1489518216
7.4887098071
5.97072910434
25.2611597789
10.9518339796
19.2238614196
0.215752663815
32.6092398927
1.09019479789
5.07535666986
19.9381577671
15.7611046954
5.23335621388
4.24083477747
14.6718210475
0.469251900832
3.14377183799
20.4834986962
10.5101017907
7.14859403607
6.96314962183
7.22646486876
25.967985509
4.66350721231
3.17912971297
24.0487772425
9.9048760899
14.7161904792
24.4103618643
10.0044378861
12.3008404697
21.7866290803
16.8795373068
9.85609916497
9.78427108523
29.3779917273
2.31799413154
3.08374700969
10.5335172136
18.6650985255
19.0538794604
6.66695028861
0.369755944232
1.51318429366
16.7085161375
0.656110234339
15.5471821105
1.04248308353
12.3990646107
7.40854456708
2.56499280239
28.6887124341
18.7187642916
7.85264048352
24.4888003308
2.1330574762
8.56723006209
15.0124628226
7.77837167446
1.68911696376
3.67366823366
7.66334931872
3.19332476016
