48.5316160276
4.0818384268
41.3413540278
12.4111119578
70.7056466479
3.68424398934
28.7910291138
33.5999902505
0.483241164073
9.00107888896
10.0348348065
66.9613833306
22.8732658289
7.58401362675
10.229109728
22.9651982746
36.0590057955
3.746613909
7.73370376956
1.33276641677
23.5322828632
39.1392206152
6.39965459297
4.47444750056
50.5341383591
27.158201333
4.59347174981
8.18729437311
5.21993352099
52.1330092483
7.21108191538
4.58842921752
13.7622523208
28.311872121
0.237599718266
13.4798270884
10.2086505647
15.4682787694
1.7373281454
16.598075837
58.2632833049
18.1717579659
17.0831179909
4.87928712062
17.3822499036
2.8249110261
2.8011628612
7.66017403389
30.6886894918
65.2653811968
27.914790121
3.76406748859
29.4554680926
17.8321758838
14.1933841231
7.10409862004
7.0489988655
5.96723367379
42.6586547368
0.0174767325816
2.70822689054
0.0982794197155
7.32194489471
4.97463000997
1.36279171029
4.2589044503
20.9026113402
80.2555025549
2.26564128731
24.8190361553
6.55338377192
8.50645494088
0.221160652391
15.1116917383
3.324607962
12.7726263162
123.740352017
6.68773074731
17.9395609421
6.60284416877
1.95306268958
5.15631158595
10.1024637226
10.7517825191
26.4759185176
0.802510589421
6.53098673005
23.4741132101
14.5173969298
7.21284023619
11.544747744
17.6221533765
11.8110654997
20.12056304
19.4296730883
10.4341214976
14.4421099395
2.85058761559
32.0965804607
2.67358785358
24.5588819308
4.95290344763
12.5818038468
27.7459807424
6.67201903504
7.16176047853
0.670272380143
40.4662592239
4.14075713709
2.61022468659
19.1210163516
5.17359274276
28.0820190993
0.657237816016
41.767363015
0.133525492085
8.06964418875
10.5754078015
63.990182518
50.5116919543
4.60981161228
7.55847576405
29.1887969088
9.45178591462
56.3638260267
18.4851023602
1.47028370076
14.3158185609
20.552220351
10.5309981379
11.2420918226
10.4100038993
8.38051517172
10.2337374898
1.19164461189
19.2395611513
41.6542976718
28.4536753848
25.1578738175
69.6831666821
31.142745406
1.46405928417
5.06766661803
7.1115960949
18.0961990394
18.3228562642
27.8320995423
15.9735592141
16.7937950698
0.327040808181
11.6911592294
16.3004930376
4.0711851343
6.93646825469
2.8151571831
8.11355628321
24.5777224131
18.7836667942
37.5618554379
2.35168665371
2.23536965233
15.0995767011
58.5402597798
14.8562883838
16.8763549788
2.57030268004
19.4242680302
0.520737495024
2.19918281674
7.03199591057
1.93695091431
2.01252756224
15.4408472534
8.65106643718
2.15308503104
9.06814519019
3.02334300846
27.0626899247
4.36428533269
0.614999217564
5.58487850434
27.8633477303
8.7709783443
19.1905205498
0.165260930266
59.201166612
1.08222783148
6.6120743273
3.19850530756
14.1310608551
26.4577948298
46.0547971065
13.0530679612
4.46798598026
65.2464242164
10.005560114
2.12819614855
5.50091888533
12.0359609867
32.4998854919
35.9197871784
13.487126748
35.4979943994
17.159543347
22.7627785804
30.4005651216
10.1863209168
23.7553308602
16.3648530821
15.3804503551
2.32823651987
17.3374466704
31.5523202479
12.9246161076
49.7959814696
3.87912173331
16.6305767359
1.99771790156
36.2273701296
30.3451331203
9.7104112552
30.9337418947
25.3873888923
29.1551027695
13.6303437316
51.4964364609
0.70330093928
9.50989455269
5.91642048745
20.3799031348
22.2203981783
1.90947731035
16.5170464161
24.2635381179
7.86727654334
3.25901454737
9.54028615455
21.204523303
11.3666671169
6.21384710662
20.7849571907
14.8469757144
0.0732312337571
13.6083399323
0.12179958147
32.3483428522
17.354030721
20.3141513968
17.0100446128
7.35970183719
23.0458863929
13.4978939363
0.743425559945
6.26739065095
4.96601886422
4.19785010424
97.7197389738
2.75498693906
5.93943576446
5.130994445
0.437830078748
4.4291354912
6.26754473396
3.34972265956
0.459070257613
23.4437762827
9.58809195141
9.75425868318
10.9020656344
18.0667088774
2.8524094301
5.75953629838
23.4562423819
6.07661571386
5.94288055594
5.95467030161
13.830206163
14.4071684518
7.2293228067
33.1088123922
14.4103365559
6.49034691069
3.8661627412
13.1225929477
0.0695009873479
2.14052232807
11.3121415711
37.5032112441
7.66417721235
35.4165510834
4.90634278937
16.7698836661
44.1565497694
31.4184421443
16.895080865
10.6253544074
15.2468327009
4.93843137766
3.7525730988
3.97459459336
