9.94506284737
2.00781015496
16.1375984388
3.47402860706
9.62838939822
18.9978333949
12.363926158
5.03146194561
24.4440377422
2.15777787878
4.91002391722
11.2934596528
24.5821008962
22.9867368843
12.1500661048
4.0178322644
1.30959194924
0.296608692752
2.29686611186
7.18361084627
4.12384438108
12.1651649194
4.92607952048
9.19170340063
14.1065627014
14.6673993044
42.1307994584
6.27130977369
37.6795374629
47.0875351527
0.993050808376
0.402946120793
2.26802528398
13.37900418
0.969157800935
8.21652549416
5.16761232028
8.97371457722
8.0248482572
2.37599911479
3.84799667558
8.35449729826
9.13345828803
24.7317693559
6.63178802231
10.2862511248
0.978241859697
4.29974060486
6.57704351411
22.8071117284
5.31727390911
45.5987368967
14.0842649137
16.5990497812
31.1522886646
11.4797900158
13.3402516703
2.34539961432
82.9965153127
11.7065647568
1.65610886731
13.7957741948
22.4869944134
3.2877105238
16.5246715628
2.49779962946
14.4884149707
10.7675347267
2.24261270845
20.7939181358
8.34504071882
1.99157102356
3.8088182062
9.65642690149
32.9827828815
27.4845236179
14.007209708
35.2696354121
42.7530113553
26.8170620154
7.19038039906
15.8087829655
9.245809409
35.5974594949
47.474304225
6.97916501965
7.99182795812
10.2798569798
2.7801416024
4.60660354937
14.3688798694
1.56741763624
0.44703771137
0.0201514965443
20.8141132559
9.54615466764
57.9398931686
7.25547408607
6.94386101132
44.0097710431
11.1039474473
26.5058730422
3.9184313452
57.2359808797
10.4238456844
1.59382273839
9.92903933906
12.4913336987
22.6136540232
11.1687055475
2.09950786606
11.2391818355
10.9430788362
35.5624828569
1.40573900897
9.80410480447
0.00371887600597
6.37804037185
30.6438236949
1.41467575086
10.1445766557
11.0549410713
27.4711158129
0.386051557643
26.6172830053
22.1797656164
1.64562533651
4.07936106902
0.545477312196
19.5971109295
0.847573438884
4.36862809516
0.918437655
9.96174991176
3.96753886671
63.8467274135
17.8122826178
1.65139626007
14.8797772017
7.57742990227
19.0713439438
16.3123034272
32.8450834645
0.493663975993
8.86041861498
25.5710255181
5.61588821752
2.07400513062
0.47964188033
4.89417095369
21.9213056671
21.5152040521
15.9527837907
15.9676868576
32.6071601548
33.7791865933
1.96509084351
2.10144216096
26.0910230896
0.754095678712
13.0577874067
6.97424741143
28.516753231
12.5463399287
21.3024066577
18.481089241
2.27762003651
4.6878516435
8.63922108009
23.0691409616
108.933419192
2.81737503604
1.84415742219
9.57619050218
7.19202182981
6.93721802437
2.83302832279
24.5598381176
8.5942838207
18.0805088184
3.12968161093
0.186091802926
14.2583965211
24.0762544347
8.88765426932
2.41029101769
5.45986940391
7.9000628261
34.2199977267
1.67537350411
5.66016885041
4.77259833492
18.674968834
22.3170433413
12.2642193447
7.91703867212
6.49088051107
0.43071424689
12.6233487451
2.78966866834
5.25836826309
2.14955551548
43.6746935234
36.0491084238
7.4669430558
16.4938476347
3.89137093622
3.07554828745
8.07863163741
1.72186659095
0.265471654416
2.41433019049
25.0169684698
4.45489784091
30.9862480005
4.70680956847
16.3628608957
2.65057409728
9.22183829141
3.52992489651
8.5469625534
6.41811714559
1.70618318468
14.2801202521
10.6698142653
9.92767112889
9.69852738918
5.08041163221
29.2241283484
16.717948685
17.0466534136
28.1921944819
7.5717904107
8.78163792493
4.57703269204
31.7943946268
31.0788436662
38.4886339382
3.28679974744
7.49886836502
20.3446521526
1.84534552682
39.1294002583
12.3512489206
0.818800829493
16.595675822
11.0283073097
5.49201092596
18.8352245997
5.84217273017
6.08468158078
5.99900375208
7.6725761299
25.7048278343
45.0621522841
27.9493929437
5.9767927743
8.37775223444
2.72072712279
32.3063046715
24.820024253
2.18375374516
36.6278821593
21.7031139699
10.1248718246
12.5901072592
23.2561445293
7.61580344104
17.4745658608
32.6846545324
25.5289014791
7.69741564984
12.2535711835
50.8079221054
17.831039717
17.9618954432
4.68697279296
2.39153364565
35.1026172133
2.41198378965
2.63341152856
3.78988957612
3.48788040449
11.3255087887
5.80045170279
0.515418752988
29.1045378123
14.758103529
1.94383625657
6.03871102252
20.1590254616
20.6106995413
0.186083503545
20.4795691034
17.3838636591
23.8729610428
2.72918299292
43.3190419057
13.0873359325
16.5909116487
