15.7441174714
21.7123981548
10.4760472258
39.8424077364
18.3207724965
4.18879784149
0.275932436242
18.240967032
3.1848537603
5.75793143647
1.70009862647
0.963194887846
8.97529134601
6.3926610417
7.92406210637
0.954876937942
10.027657987
32.5732906781
12.9688787893
3.04366723954
2.4185273048
13.4310934838
17.3626045186
7.73019970018
9.9989344243
24.1265767906
15.6661246735
5.89970188016
46.3297826546
3.79951239859
0.970366134476
58.5651386263
1.90209964951
48.2629162179
0.300522617074
16.8670993875
6.91219502791
2.85501515489
23.7336727127
1.83479075579
13.8259838698
43.1872693672
0.373519217634
8.70994075672
4.5739821727
3.37697740397
19.5108531293
5.24289404512
38.3599107905
0.578730522064
14.6460898286
7.97449109178
15.2116419202
59.0433486935
21.3931243233
52.975958309
32.8236360112
2.41660592152
0.650238933006
5.78578104544
7.7383954803
5.99539467696
9.15684235714
10.9171146269
6.31211496124
38.7978226398
1.62365982556
32.8746458181
19.5131049651
14.3739391957
15.3858403098
2.12215198447
4.37745986393
28.4501577379
11.8054296488
3.85641680958
12.5389963365
8.72510049667
24.2481347098
40.587344739
1.87642089285
33.4286778851
32.5963169125
8.14057739599
26.3533164376
2.60159105147
32.6296569292
6.89090490869
8.47587795834
2.70934697765
3.06070005362
33.6183839659
19.5358153677
1.29038794958
58.4539520994
30.1006361414
16.6811071311
25.5219160825
8.87226950229
0.697788679558
69.8056773447
19.4267621166
0.0301613063219
10.9240362169
7.26814155887
23.2568363216
4.35239229741
13.7657405125
16.980227462
10.2782748581
14.4556600045
23.382818421
12.3484549084
8.43961391526
2.50363899813
7.50238381983
0.562813840808
23.7263942321
35.1521858961
23.7081381911
51.1777579022
5.74843290041
10.5185724562
2.01848796037
33.0768523129
28.0941343527
2.48960874502
0.255370840451
23.4508796345
22.1229024591
5.83794104568
37.3304460645
10.4879788644
4.43469122525
4.7691014808
4.70520049648
0.157679408826
7.79154092538
2.57880759737
25.3112913383
1.43949162467
0.053789970183
15.2814609134
1.14724542498
5.19388337633
0.434410603759
4.04971222105
5.13897461553
33.5357941219
20.8030823611
20.097885928
34.8755127128
24.2764712205
1.14857870495
9.96470783488
2.68652064638
6.17414522119
32.1822013857
3.95118126688
1.85700442063
19.1651442908
9.27476823342
2.45962490433
13.9801102116
21.2312515102
2.28401227211
16.4186276135
18.9999110578
3.65778299812
18.4381271229
20.2856350198
31.9531462158
2.72215651805
0.882515830508
0.0909898499199
17.9122371154
17.4196975113
11.5781250727
2.80009309032
1.11722792622
17.8861253156
3.07259789985
10.2598434221
11.051719592
22.0157393205
18.6431017872
13.6160330713
70.3841658456
1.73043941745
22.674318235
24.9190971554
17.3628434723
28.8807745775
21.4460402136
5.39527029675
3.07092189533
1.53014562776
29.1063217369
21.2482498231
14.4516928477
0.789476624907
3.26320240392
12.7399864224
5.83730114731
12.8766648309
8.73872587489
62.4406318409
25.1948807776
3.49534270297
25.7369466522
0.834404728875
13.1223316817
9.43697151114
15.8978818135
40.0334511273
58.6829651973
17.4947810352
15.7300918392
20.3488058732
36.5836228754
4.16653846377
6.22005389814
49.7048955223
0.313861965423
12.346094194
25.7541358315
19.7214909322
16.200479188
9.4380964414
2.9947648828
27.9934135088
16.3185561742
20.9508266526
17.0948971494
4.8839957951
1.31585870411
2.98370040194
12.6464329385
0.436818835761
0.624486734432
2.33860818197
9.95276127216
121.110759059
11.04817782
1.4010133425
27.8633439735
0.984783101503
3.92134991682
35.2926714188
17.2940131754
1.74544752072
1.98729040757
4.343747368
0.808086144134
11.4290424708
2.51336094323
58.0561291664
2.63820638661
2.09886037965
6.07538901694
0.219231520549
17.9600005944
21.818296765
0.164435217345
15.0718631072
83.6638066069
14.8657719124
31.0189972078
0.451273545363
15.4874458594
0.961021282775
1.3160288031
0.308132584259
9.89703122405
14.8859053661
1.50354609854
44.1049529751
0.425583205716
3.87764588691
7.57417272911
4.32984889054
2.93489677053
27.7536979787
27.3380263044
4.04359149556
8.08834159313
15.2363431235
62.9393173689
9.31303373254
19.7022280757
10.0635821719
0.29494457328
20.5644815427
62.9779911861
34.2729507124
12.2536242151
1.96747431137
69.8247990865
56.4270751727
53.7790973079
