22.2942759128
3.58734287492
9.15606845041
22.1509500113
3.61464648139
39.0529281125
11.2002134483
11.5940535679
22.366799714
1.93316549864
38.4816003255
2.9967384626
1.027686306
21.4513476091
3.54267449817
37.0378832021
0.133623197964
2.65148136646
33.1919167935
3.7840943451
6.51773094923
3.74638949762
30.2772878326
0.618004574224
6.14530951362
13.0146798678
18.7982222597
13.8254436622
69.9476970432
7.39502424184
3.12782121077
15.7021549889
20.2990625241
1.78011438274
7.02847208962
13.3697553951
1.78363804933
0.806010927128
3.23529922705
47.8427619556
2.01123822132
11.2451718008
16.4871659052
3.90600527413
23.2523235738
7.21911166765
4.08323000089
33.852709526
4.19316604026
25.9904335253
7.89215147007
5.66671723335
45.0214254381
16.0340548467
23.0025841444
17.4619975456
9.74263525183
2.95484563107
2.03282767782
69.126699174
26.2353453597
5.04826556041
17.6910504833
14.4194918529
2.91191232096
0.381397833363
38.1512546216
3.66275957325
1.71316841066
17.3176195444
40.9645719508
8.54949532672
17.6041116924
6.77461854612
9.56218363018
3.91195225708
7.59698172635
55.66927223
2.33355334132
6.99137248931
21.9909830267
48.5615724302
6.26928906111
0.821653782811
9.71538011275
9.54803107761
5.47319209536
53.5908401045
12.2781678999
67.859460003
23.3544611804
4.76733744254
0.238461361017
28.9793753915
4.81972036602
27.8417146789
5.21033265371
25.2065185432
16.4630722723
30.300242314
1.23620415343
26.0334807951
48.2728050258
33.5387212994
2.49906186535
3.22273372521
3.55268700879
17.5530776465
10.8970144401
8.33674994987
19.151989785
25.4318901839
11.9208381944
15.4990321555
4.6670497794
19.8445149573
3.90533871325
18.3953338987
13.2102312431
44.3252098303
11.8405598716
0.967898195106
24.3851574566
0.650701699335
2.98379915214
25.6025358621
8.97515482421
6.76046662369
20.5703039216
0.0976772198606
2.08506800764
29.0733743308
10.1076338926
3.89178751725
5.1364380684
8.25644126794
8.19018363982
0.427087930051
7.03755155059
19.3004702382
1.33013435539
8.65318611024
31.2267724731
23.1030320447
0.738901592691
11.9383037485
6.74240680961
10.8646734619
28.1455056389
0.396173906476
0.836889274956
6.33899950049
28.3387107486
15.1062340523
2.67912925023
25.9997031209
9.39703823527
25.7306940597
3.04213310881
7.73111260534
6.1739827246
20.7707359861
13.6191025968
19.054912863
2.20966657649
23.9297466058
4.58078355573
8.75673400511
3.56715048214
28.7276440849
12.0666643142
17.6805189287
8.37179213757
0.992519450951
11.1254647197
8.58597295625
17.8052501753
10.0652920119
11.760435871
40.0714787805
34.9278210669
5.27008021529
0.734245932229
3.14885582492
16.6137166402
0.878177908877
31.5695749014
50.1532602045
1.71678963175
54.0431053952
0.214847974299
15.0456607818
12.8851038981
3.32580790597
12.9020333929
12.0193314436
38.9312683807
13.7803843699
12.2668339322
22.5960703864
20.5502986026
9.71365625417
1.95335798527
4.36042024825
3.35018819159
32.6594250608
37.454936746
0.176517337508
1.47469399412
5.10800689222
21.8850178345
25.2152656541
49.6535548179
17.4532490797
33.9205304953
0.171692723567
31.580691142
33.7769090497
56.278635952
11.8240957282
7.14591899264
5.75196806557
5.61188089385
2.93608937718
28.6441296029
8.72944748856
12.3211532723
5.18203845981
4.53096769915
3.92965698319
2.57187149368
8.73886290794
10.0576395846
25.6366458301
8.48973505616
5.57386649149
4.74901036031
3.13148876668
3.2189389932
40.2488682118
10.8523639584
10.4853812792
35.7798336949
3.1288675643
3.83755494903
5.5158096716
5.24510382805
4.46121046668
35.7788384554
5.0432131779
12.0961392944
3.23530523284
5.9688116728
21.1628222029
8.55799273412
4.93741135394
2.47891284424
6.26185689278
1.99075331611
1.68451278327
8.05853651172
16.8713968831
0.0819350270786
68.8110002289
5.68691594905
3.31304141326
28.2820625562
38.1505665583
29.9091115613
23.070517787
56.6034815426
40.8070028335
15.3512989221
15.7560850366
8.31461863455
2.97956922899
3.5448043894
4.35161804713
2.11250979583
2.11005738972
0.104357908715
10.0661218284
4.21837057292
52.3241827209
2.84079627859
4.86338261704
30.5187977311
24.2617720132
35.8772659318
15.7862750339
23.7090937257
4.01459593038
30.6951076328
29.8774921369
50.166006243
8.00154165591
3.35731426695
22.0672053896
35.7141180192
10.145741691
