11.9875366986
0.503322726689
2.64666387909
3.3318075074
1.9819375855
31.808425493
0.51622457874
20.170064501
17.9374841582
24.416902074
2.66829295474
4.05258593312
0.271886128509
4.84108144294
9.02587156917
40.545088822
15.2218477239
34.3763331098
9.52119933451
40.8368848267
11.4620411556
30.6975017647
10.2969307569
5.13184655496
32.8662908781
19.9207769671
5.64666277729
0.133678608829
22.6697591032
14.411478194
24.6365022558
8.30743057708
17.3429920038
0.993006592012
10.2413511891
0.111094074163
24.4002443399
8.99012638447
22.3337590773
12.4994782892
7.53720608217
1.96442957799
9.7266752422
15.0586942252
0.472336815699
70.6628813835
3.4993687838
3.55788850952
5.69479129475
1.01943920427
11.0539368412
0.778367761315
24.0909491347
10.827897135
23.448596255
12.9778404407
13.7863128522
20.3683933629
4.78732441022
3.30441557335
6.52848873019
24.3326482611
29.7338060426
7.83259806083
0.00235905074423
3.23191670086
1.30544694026
1.1361495076
7.26082139035
2.80505555272
32.378195853
10.8613991771
6.49780113022
14.2674009364
31.0820901431
8.06847169318
14.7113200908
39.5144889683
27.0240038513
36.2850798085
17.5061692865
11.190358891
25.899181
3.7914510429
33.4522902914
10.7096859129
10.5228670444
0.838409608078
15.2499956655
38.4878239928
20.2163806916
4.89716939353
15.8092470164
23.2046687999
14.7305237718
9.32980514495
72.5829035476
11.3165456044
9.98539126703
1.06896288142
14.230821012
2.22521840666
14.5741075377
5.07465569201
3.7449968593
10.0184399522
5.25682165682
18.577906451
0.290179854744
18.2126380414
67.6216259179
35.9407144913
0.805039612998
33.5693438346
11.5811826956
12.1901524946
3.86285012126
1.09759071779
31.538079266
8.70138732166
27.5955722765
17.8713013811
12.744238787
2.03849170014
0.457038579152
12.166332873
14.5083803009
3.65820821396
19.419117195
8.54072180451
6.9345898673
2.74527533068
0.441328349983
2.50258953326
26.645005874
16.9647809188
8.81270267665
26.4886042977
31.1397510755
4.45991417559
29.2026674892
12.9614597423
25.0020407761
6.9710296255
4.98753433795
7.92260399852
13.1087235914
52.9565586173
15.0764591871
5.84418145249
31.7028214421
8.28977372557
11.9378467507
15.3230617697
2.37309446718
19.2982698856
5.32599929475
39.8336735939
43.7124748206
9.24623123276
3.46301287416
14.106645239
7.18337740801
11.9987372696
3.45685854725
48.3898146156
39.0048891049
10.3421561699
43.5511471296
17.3860139768
1.87691292111
1.30804599015
3.5870562633
2.98062348649
5.89201139527
19.3538902679
0.219416257892
5.76881630885
5.53480288674
33.3882057655
8.90385021811
4.20296734899
0.976028626905
15.8723624215
32.301256678
15.2388107666
2.90780126737
12.0785601825
9.64366585387
22.9330359067
2.79906430971
3.86755311674
0.140068372475
3.37306965128
10.0842142431
8.20457911245
17.4838603783
0.970747601949
11.98397557
22.2698392677
14.8778261473
35.7219204787
6.82604367501
2.68005222023
29.0903579566
3.58842529807
6.01682751353
8.09351760267
3.65526460447
1.47179158293
8.83478908385
13.8943792581
6.48521882684
21.013439895
2.44600740556
10.8415069605
6.4976531651
7.72943735837
36.5814011821
23.905327857
28.1949370049
15.3406165864
0.535756041265
0.705851812691
23.987114131
13.7856431672
4.88197609316
10.4645792917
14.7218227185
5.23643610302
1.6825927232
32.2994146746
0.432897890325
2.90095791759
1.88944938715
7.43813623504
13.9669498763
10.0936252955
4.81930204824
9.53214665993
7.8118013466
14.9662384752
20.8160905561
14.2293530855
26.0368145979
21.49055023
13.3876070828
2.68159914792
2.15883304699
0.0692379014016
20.51584369
13.8572125285
5.7087869049
25.1962721543
23.835519413
7.02738024019
29.049833824
2.68947178732
6.94724014393
23.7695755885
13.0331123231
33.0455923454
67.5529325137
13.8834143534
9.53623442527
1.55778651505
28.3861022576
12.3981471829
6.88585918783
24.6843162746
4.6724782913
32.0275431324
50.1493526315
1.73377346666
4.46122189153
3.53379678086
24.5310169366
4.13069724915
2.71489110914
7.02765812668
0.284231713167
3.15435483939
16.5827392332
11.0185648889
1.53307514512
13.108315567
8.58163161414
2.39339476207
3.77290688721
15.0360483973
37.8806423148
25.7415411481
7.23688279952
16.4415225338
22.958596277
27.7740307879
8.87041916846
22.8581323042
3.43755324498
11.2737632429
