22.8303319764
73.256391143
19.4215013402
27.1568642709
11.3853298464
31.593024314
11.4650282795
3.95811218123
18.9800732796
19.8766664086
18.9886131089
23.4993321319
37.6909114015
17.3967528404
8.39587079944
3.4400562408
14.137341626
2.00059627215
3.08108816749
17.9104689892
14.9884682749
3.3873003545
35.3592695911
5.915081391
11.6785065646
8.99623863896
7.43922680316
63.235321857
16.0512220888
34.1476084405
10.4391213865
29.3160403567
2.18359912591
1.16677477852
1.87486246726
5.81682270645
22.4258287507
14.7157170986
5.10396348141
16.8953276576
5.58386868225
25.0879331039
4.07402415834
12.3413341097
5.27508962349
32.8915744416
6.28569594253
6.93661935455
15.3051285032
6.33524079023
25.4446446133
32.2938655493
17.4748770304
13.1947932899
13.3571247313
13.923788016
19.5331756289
39.654003397
0.496523325914
1.6910844559
59.6281521937
24.6933671003
0.104070012413
50.5974597293
17.988944739
48.2902307193
5.41911328967
10.2664698838
37.6319707343
4.97802692767
4.47483478955
0.173223075042
14.7335072222
40.6986264454
1.56836700457
5.29287859717
4.51824769485
11.5096738115
15.2154640631
1.47178080019
63.5154900374
3.93657895651
9.18567210249
61.4947129158
3.71186847425
0.40421836896
30.844790037
1.13241063324
5.36161754621
0.179965437092
2.15719294189
6.38107343789
11.8297373961
1.82149726825
9.67403143021
15.7372910088
9.61403528173
3.19534449286
10.3438617383
31.1965436585
5.36334526214
3.16362379074
4.72886563346
18.9880135469
36.6763982528
0.779173348731
21.3097497034
3.96583873087
4.44713662538
7.70783546507
16.0374258803
8.66867361526
2.26656590698
15.0008046397
25.1516167705
24.2526299581
24.1719170925
6.35452234748
10.7706138219
7.52001101765
6.41751917129
4.81940178227
27.6146379734
21.8672290573
4.1066654715
5.0548244408
24.6146448492
38.7141787191
16.4806990392
10.1149892794
3.98845714061
5.59867252894
2.14780902263
0.469814526065
6.23302918792
6.27020804513
26.8925394011
3.50359473523
6.62172262786
22.131417306
12.8427829328
32.3244129813
8.00289970728
7.61916339994
5.27363696844
1.36963448514
12.6876977032
17.6800684309
6.0913494803
35.7613648806
1.36565863735
8.83714065411
14.6946425026
13.6266524837
2.65022585553
6.22002491442
1.39726614103
33.1139254479
2.66980408637
7.97525241135
21.9054553117
0.200792535788
9.48903091905
31.8956088754
0.746366832934
9.53037991471
0.922722579691
18.7968274073
9.65402996617
50.8226466668
0.889066553028
8.74072295475
30.1578622162
0.827671861436
15.0466709579
21.9792169382
6.36423965537
4.6532055432
15.8139264773
10.2765944948
4.33728559847
59.641630866
11.2683693204
7.48309105307
13.1016004003
2.04340213432
4.36733650475
17.3753671206
15.6993185834
23.0266202763
12.6494079242
13.514653237
20.6408093037
1.64877512893
67.2878781938
36.6661219571
34.2553609471
4.51289640326
0.117632715922
11.6827073561
21.5824876206
2.07149151119
6.87801905883
0.95083359228
18.1762008658
4.30476453178
1.34913620883
16.4767868201
14.9339789401
11.48066362
3.88183047629
1.90976096361
1.69826327374
8.46920198091
47.3624708579
15.233955876
30.2028040109
0.0668875205979
23.2270362691
8.05407432492
67.2470576461
28.5518339934
3.79271947317
17.3864981755
10.1837358753
6.86151783234
2.00067389889
1.69662746325
7.96799657956
21.1290147583
10.6459610077
15.5509242004
11.5545143895
35.4465751325
32.7967646532
5.78326255905
42.0193225804
7.37703739296
10.458191869
18.2465917287
5.55002031861
0.143774090239
14.2993948942
6.62341166591
34.8400251328
10.8339522789
25.1677484745
75.5348782639
18.1057497039
22.2601056807
0.981439772683
3.47444165732
34.189260731
2.14213387638
8.27412221295
9.02759726689
0.970059630622
22.3821614248
5.84974242485
10.6392484661
12.2932765224
14.0709924886
6.49345095875
33.8025109479
23.1646067476
2.43028755086
1.6579706726
13.8643350247
13.1235532146
7.34424256714
8.94226107444
24.8857664888
13.5564915743
17.3872707518
17.9039756917
3.89584000568
1.06721054479
15.8256162962
6.3904960341
1.27149462227
1.63688773004
11.0241312564
5.70801653841
4.21194455009
4.65229886017
4.84261485485
3.68332010647
24.1049677745
16.6399618212
0.573477278709
26.1724403703
13.4280183984
40.0044632685
19.6691534309
0.783327006376
9.30659625249
14.0701451705
30.8124094285
42.1940714834
4.01689171483
