14.8270539637
16.6963326667
32.7213577614
13.6568525286
2.02206921768
8.67681346382
2.19544602296
7.57532206349
14.5314000542
15.7504576488
57.9318108152
12.8436679445
23.2897055241
31.5720427658
14.7313124788
1.53221031354
4.3300328099
27.1141469965
0.827574352907
15.3354929182
14.48412065
5.2700080971
2.65262775139
41.6867004711
27.4953211977
3.55051705952
2.60646408484
6.56527393148
11.4206730371
47.0743739669
0.543986515952
4.63521130837
3.5185590638
13.2209655495
0.0313434630106
5.0845274102
10.4828990292
2.78683077197
4.6395137128
16.2407390081
20.0473981045
0.476783840768
27.3664164228
3.32536523862
5.35942368469
11.7794754894
31.9107919751
11.050970706
13.3714977643
66.7517588772
9.81615132531
14.6205681002
2.17828668248
14.0563309935
36.617675791
18.4349816524
22.7043660362
0.620505258275
23.3153356412
7.13292470134
9.4546280425
78.7474280368
13.1485578912
19.1765111451
8.49873435382
2.15748045084
58.2366544275
14.1952616326
18.376438914
84.5727269235
10.5402342846
45.5006839041
2.99530465036
3.21695073684
14.0801303178
6.75387779097
1.69651665835
53.0255846543
2.83182537156
3.20316700162
28.3631199631
4.92915197035
7.16124823013
10.4424054424
40.7996589669
48.9266251039
3.41511694292
3.05729413414
82.3926424502
1.8349395678
7.20587462146
4.49297327581
4.49166744841
20.545317953
5.1786339162
10.5334987831
3.89319862306
17.5838611433
10.2756503292
35.400966654
67.4029649221
3.10878717548
55.5010144635
2.92413005027
14.2625116331
12.7441494816
4.46950314206
13.0205580752
25.3288957482
0.125169814592
22.5788099333
34.0008859847
50.1799451655
6.30139713519
3.46250137981
9.22751943298
36.6764690674
0.427904309852
15.2166359691
2.70174800836
13.1047992189
7.56187339755
6.57124813959
4.37555180657
14.8283501885
0.639486367585
4.41912427742
4.37937708626
18.8976263415
17.6916874263
8.15085021532
26.4204617837
12.8224495857
14.60523902
22.2429806273
20.1355885111
7.37087741639
3.90736268459
7.00463677824
8.89988188887
12.8954495369
6.44341766114
14.9622691243
8.80713061379
1.95099133714
59.9353628601
54.1781309959
5.04749783453
39.303454452
18.9305020033
21.2527382515
21.1844433059
26.4641676664
40.7001074027
7.47616941182
92.2003342671
13.5289944356
3.78967301321
31.1181950526
11.6503978241
18.1612483726
15.6296534748
0.327210986499
31.1155815783
20.7841399783
17.9501268909
16.3139325431
3.11337978813
1.74734622286
1.37054752415
11.1257027813
25.962573098
2.89482645544
7.04824737654
9.31606187107
1.73373448443
43.4462662081
15.4207976264
19.9351644061
17.6374064604
0.512005661611
47.4445051385
7.08418379427
6.65168009152
45.4970509947
4.17232819179
13.4055796879
6.66913270982
5.49368582132
9.61733973512
3.66576697104
10.7954212347
10.4670054696
16.0106745783
2.58593306454
1.41447549152
59.8829964786
3.37215684669
6.24397946919
28.5045329828
5.02916126073
17.15720801
2.18484609305
24.0268001932
16.8870415185
30.545552914
49.2859332825
25.2846984249
18.0674407307
10.983439838
4.69864194402
1.26649779518
6.35151799716
0.150928662046
12.8987928409
4.4313629817
11.8878601083
0.481950920718
12.4188584493
14.5629864141
4.6137279541
2.05805672688
18.8966262889
9.47980252077
53.445633361
10.7017899266
16.9536256966
55.9475475358
11.2553698505
14.8276363776
4.21347726492
24.5520457763
19.4468942368
9.69839119488
39.2689515284
7.87323897297
1.20425568175
18.8302258217
24.5932608626
14.0242076613
30.9696555317
7.83036559427
1.18284691959
6.85544324412
6.75932410356
46.8395927015
3.12582919016
10.7969567885
3.17148911145
6.89591057917
2.8335669571
17.9053491229
10.006153147
17.1840920499
45.0345031422
2.11501709536
13.4911701123
10.9072463806
3.10538380579
6.72971774059
23.837615101
33.4000065922
3.03631946371
9.86421583978
2.35254629515
12.1127188006
2.3776539422
5.12499730705
0.63322620831
9.72708115368
47.3182127149
2.73273618484
1.50186813864
26.1328796923
0.383361368778
15.5362177107
10.2537688874
11.8519032203
8.14206988892
3.84692363201
5.89413838539
3.19171543856
6.05972269499
22.7617248528
0.89406801109
3.352131194
8.08328875896
1.77552107311
6.62295258293
2.96384133364
9.72565595376
16.381996983
18.1051509781
10.8893947705
5.13398522989
3.40508659871
2.08712844807
7.32649936918
17.740056697
4.9029015697
