8.45663364267
10.502983049
15.0442711262
15.988620227
1.29832977455
2.89346310283
7.8681665098
5.11358228902
12.0692912748
3.17377088036
36.2542094528
4.34450526839
1.46021672695
80.6220196951
25.6366826968
2.38525178579
4.99437891813
4.9501640489
14.8176021294
24.0937303278
9.53007133093
21.3882404351
18.8829415883
4.77001907155
1.5064869681
27.254174117
17.0214264489
16.8870076086
13.5485994995
16.7849517793
41.0065092438
78.1484312685
5.89956984438
8.68691457297
31.2334220453
18.7154300992
5.36597464904
0.341245623053
7.45717867291
27.029630122
18.8872290351
1.88805490706
11.0514642405
10.4703131272
3.27859168416
1.00818008424
2.31910719693
25.010699988
19.8906354901
5.3151906896
1.91930545273
15.4699017177
22.4845765723
4.89298107011
3.00177087561
0.0835626798917
6.70738342806
13.6717693792
2.75282492357
26.6610038867
18.48157881
10.76420483
11.3438431719
0.758284397028
1.8212629803
1.37253871515
5.00972978802
16.850927384
60.4082576179
5.99647982523
17.231057503
18.9736609741
5.82247704003
21.8940542095
4.00376004162
16.5621135928
9.47003915865
47.8267613229
46.1426445459
14.1636403108
50.2352172469
0.46312323785
21.6222684604
7.91777611103
21.778226193
19.219225045
21.2011698655
10.8948693056
6.74821001247
0.964464337263
10.2248376144
4.02765040765
5.49916309216
3.48184923584
0.0907277193029
6.92402768066
6.74011558379
1.6541284498
6.57224126745
3.75564192249
2.02741204475
33.961034588
14.7617770524
12.1171206568
10.0817991283
18.6363532174
7.18181509542
36.6610333769
40.7540058294
23.6904277538
5.99720469888
20.9139179092
4.41273110302
2.56609229427
12.8838416649
5.56396811547
26.6110538291
4.12579547545
0.571587417857
3.29867249989
6.29184074021
1.90619291863
7.00732249579
8.94929417568
0.627750722061
7.92048496111
5.11280982143
1.79453074356
10.3447964868
9.44912666687
23.0240061508
0.171240654824
0.251926469007
9.16179563663
6.87429737382
2.47392343219
24.3164770802
5.68546718608
14.1916229266
36.9337700804
16.05755385
5.1312143977
5.52050241037
21.1726360501
53.9639218311
5.52096452702
22.207420836
10.9980288505
6.49095819804
7.15263592995
25.3011412647
6.41999940192
31.7654929295
11.3025611916
7.16257101753
11.5879789772
87.0690324744
2.55906187119
27.5178401437
8.35926085333
19.6595475834
0.776961744835
22.8842684121
3.82712709821
3.5427338012
24.4262541981
7.18052152804
6.8935929504
3.16568093694
30.9316832457
10.3960334101
9.26618516236
3.75486076206
19.8271038382
22.85596685
11.1743540871
10.7439202384
6.54491568637
1.03664852119
7.37480016985
7.0427098768
4.81414089834
32.2552241367
13.1800926517
3.86322470112
6.96888531456
31.7447226744
12.9572660243
19.9239281611
0.403814919195
5.80886463971
16.5098706838
0.196017097223
7.5683856815
12.7247591017
38.3074626029
3.58825317446
1.6095455748
19.4087088183
9.86641808411
28.6105670827
12.3996097423
0.115952835474
15.7489533468
2.01133758841
18.1121364182
3.42577239626
12.8835363068
2.05667135225
4.39300132933
47.9558338842
56.7929468852
12.6518443666
6.05227782192
11.1714435302
0.319950839954
24.7610540385
24.7064358502
2.34316651161
3.79609218956
18.4412576158
4.26656039847
6.23002305222
9.05359653616
17.4009671761
0.58677019595
2.11748507582
18.4320877903
0.762617419159
10.4154444529
27.3945118378
29.3336238996
13.9633809623
21.428080949
7.54627746442
4.70344288434
1.3581285693
26.8626175645
1.98831805847
5.802157548
49.6997339325
4.92914672874
11.7915655818
0.802690691536
12.700819852
13.7271804322
2.94380701954
20.1908260308
71.3036890095
25.5206491115
6.25604922564
4.96047183968
26.3068234522
5.08281976944
2.84172461322
3.46976155176
10.3534628506
5.68737255702
15.6672193693
6.75209159933
14.3929735847
1.84011685688
2.56299310641
3.95773531198
4.93498894273
22.4453836308
51.9937271853
30.7540369433
30.0433529507
0.347448646606
2.9219493463
5.50239686206
5.13583955822
5.07840196551
0.556264376102
29.8005134844
68.9425423577
9.65277574443
11.472971644
4.91257419902
0.969981438765
8.96874416305
6.4613197273
1.10463668128
9.99266542171
3.49324883205
18.0872497092
15.1685271263
21.0175879998
19.8579945753
10.781397634
0.877305213963
12.6422765026
29.8208905722
29.0541479642
8.46529730506
28.3254595036
12.7283665054
0.995522363542
7.41302277182
