19.7189339776
10.5351517888
1.44516754432
8.27390026631
6.83629912235
6.75891193936
5.76618044054
0.654839531385
7.81337027168
15.32945983
4.85534800763
11.5577187008
5.87038577432
19.7196575624
14.3617362311
6.10685911688
6.07838311695
23.4801418404
10.4153556624
2.07131104051
6.70608701558
19.7880270177
16.144631639
11.0557835307
45.0760064478
39.718197392
10.0184707959
10.0230933543
6.72524146128
40.0658832921
0.567617262834
8.16587358209
21.9105151893
34.9098896858
49.5132555133
10.3214741937
3.47710025996
11.0355701599
0.584812305733
0.787053845548
3.126295729
3.17978585525
33.6113192415
27.1244544042
20.8207921117
2.63553424817
7.3298269005
20.6869184218
25.0753114824
63.2818561111
6.13236169783
4.71472805186
6.43233389108
4.74686258359
17.2392931886
13.8745580772
3.06945299494
3.4009720454
14.0421961088
15.2719792534
8.91185103961
27.3582319864
36.509967712
0.212774881478
4.48082180356
0.565758776153
2.76711296683
51.6597255186
4.90944534255
2.74378440053
12.0040998715
17.6894522064
40.4895167812
1.72886218809
5.00363592914
0.279393844976
2.29780466128
23.2956207151
30.6048233338
0.586549363411
42.8470417759
13.2180408618
2.22928061672
1.11609744187
23.4076210801
45.7466808126
1.64716027984
12.5959410799
28.8009945033
3.28432791016
28.3269146477
21.9793703466
0.830314544087
7.79976889476
0.29414698839
10.7014237235
2.5727356732
12.2155883112
7.68198903955
2.49433414216
3.78530956795
7.74059943047
17.5983185856
4.36178172267
26.9229866373
11.7626185806
13.585642339
33.1042113028
7.6899465403
17.0110328982
2.08835829494
3.73801647368
6.79094050446
11.7211417286
7.45683843106
18.9182424752
5.40590137182
3.7041564411
8.33804747375
10.398900427
3.71732825757
10.2034711796
8.27161180413
3.73657358937
12.5381043528
6.90349229732
28.6733676461
5.91122602029
13.9450949182
23.5173715521
8.99411616156
0.100513283072
4.76723523249
5.90748564173
13.5443287496
51.1187234744
18.9226286522
0.337522576848
8.26507223823
1.54348907014
0.166014576125
1.89684317193
19.1296624723
38.975942831
1.68600786747
36.1897325159
4.73504428665
6.84666457471
0.725164650802
18.4760394131
47.5084297283
12.65038785
12.2976133491
5.47056231202
74.6742478524
4.36824064744
5.68802211411
19.4258263945
6.72646038993
20.9205315899
8.245162337
30.6869042033
0.075043584016
0.406435280732
48.1274767585
15.8104615088
0.377387142138
19.3533718073
13.5483254721
5.62045503583
34.2478805623
18.4614061478
30.4087860358
3.12790402401
8.09558252515
5.66445086827
3.80896559954
12.4464262139
13.3070492874
28.4164445472
31.8757486264
3.71251809291
2.2221635079
3.46098425929
22.142534264
22.3846619803
18.8000200883
29.0966210783
0.297592695426
5.27527294146
2.98335206296
3.17385631292
28.9105184787
2.84465342759
7.6781778292
23.4813445585
3.02437225063
0.14592436564
2.19019221938
17.6795179543
8.40888505534
17.84995387
9.8918816281
0.433703443791
1.87419051226
0.714511927417
10.3554394201
47.742145922
15.6896908054
6.59650786568
12.5265800991
11.6080073496
2.48980421534
1.15285821072
7.57724848056
14.320775008
6.75965339141
0.0571998280595
4.9033028555
33.3340363157
9.47074970632
6.28973052488
25.1231896902
9.45197257627
22.4802067464
4.78320355474
1.73277146175
8.69452808651
9.16393486916
50.8340950451
24.788340483
1.45297651259
44.1052723611
16.6634615801
2.92842916135
2.15334861779
21.6235535595
7.23554550983
13.2771882699
1.15487041828
0.472529148807
8.51202467912
11.8935817021
0.19675818552
11.4301755332
6.61223323071
29.3295395643
19.6610721087
7.13431959622
7.65443879373
14.5243835713
28.6132281582
43.0308072907
37.934617837
20.9174373514
2.01543662454
2.57255669362
12.266286092
13.0144586641
31.9929787961
4.40464479372
110.436583467
3.94163199825
21.3234819522
0.339843842077
36.9849974137
3.26510126191
61.8633259261
3.04175288271
7.3930946158
10.5492016874
1.96057502612
5.17815797324
9.61077364596
21.1184121485
13.2170203744
4.16913637622
2.40518876924
5.32127007238
20.2139003324
0.340890102454
11.3817307843
4.82116779389
30.6559789733
1.59420529719
18.8884072306
28.2317691491
34.8455733645
20.1825551972
26.6202876851
1.26181191552
24.1238801866
7.12210381564
0.0548305264435
10.1771858083
0.836337506987
23.2694596585
7.92957211483
2.98358782707
1.84721425262
