19.4255834423
16.8385794262
17.54534682
5.92055272721
7.67288167209
0.141543036535
2.86327933295
2.97073983876
3.99704057742
16.6516864639
5.18514830599
33.5725784022
26.5523309917
9.50459120946
6.31079062792
1.51084111589
0.142212426247
1.60929021109
10.2205089278
2.21092946367
26.3183916471
11.8358658768
24.8929107351
1.17999340501
47.6978220224
14.3952795575
40.2516682112
21.6755652474
33.6720892697
23.5239466794
0.454864309626
7.36988337095
4.08552726696
5.7421691792
35.6664049239
3.13627441195
9.26701498385
3.16379057985
13.1409013601
1.1182704157
25.218342193
8.6395074835
1.64239472381
7.37010685468
11.4688136442
7.87266176744
24.2500804379
12.6675199448
10.9675855192
20.0109511926
7.30675853883
1.59002354037
5.0905321872
13.1535382989
3.69247788222
29.8762282106
38.0273631327
5.86425157376
5.04976585358
4.77498995492
65.207569467
19.505665642
7.07053288499
5.413885803
11.8893074478
15.9108625174
0.826103318445
0.0468539238238
4.34780855884
13.8794416221
7.19924232195
22.7547960641
4.01635028504
20.7497003438
10.9033076453
11.8876614947
33.2463046974
16.6758203249
4.21713829427
34.4980115752
52.4324250598
0.72449692183
19.0778511854
11.682360589
14.5371550992
0.33327124864
0.767007294819
87.7096027131
19.3015159647
1.26444634485
5.23395473574
11.4099138776
0.427224243292
18.7467496542
2.82131963025
21.9135900521
21.0260323129
15.716891708
6.37911144986
67.8251395516
22.0477069726
35.6883419167
6.62453188415
12.8570459354
2.22640930473
4.52435703814
3.20912563683
18.0090058474
8.0527529384
5.58281642373
11.588778219
59.5842554569
12.1767242107
57.0741622081
17.1189691548
27.572614615
3.77591829498
5.10165897306
52.008121862
23.0910046148
15.2817583081
91.1211420531
8.62777346901
27.1128362495
23.7354625152
10.5411762107
22.3120753547
30.5582194826
8.02524338789
22.3546113685
8.22052426446
11.3706500335
0.477837988481
2.45330924587
1.00881161684
29.0655137419
4.35951774446
40.666822966
13.3402127675
12.5742073153
4.22333311236
0.63482996882
6.82295563502
18.1482880947
24.9662165635
9.98192796354
4.64638463904
15.4084176641
0.893113853549
2.04394156214
3.45005763335
9.63309916558
9.82759289005
4.21781799111
6.34763686307
7.53644812981
47.6420063828
52.5065159689
41.8679679843
56.8005060679
12.9550486209
4.33573236597
3.84570723226
6.1073444743
11.6489886014
5.70750759025
35.5377174371
4.06687080487
8.14089830182
31.4070524354
38.1482486691
37.9678791362
6.18561040917
4.83058771555
24.6096899084
14.5397437574
8.03123333189
0.919630531624
20.4352459289
2.77229570462
9.84267711354
14.2103824918
4.21956589234
14.8947394383
7.13621967558
32.3883780183
20.6814009975
51.6242397462
22.9686333409
8.46718561181
0.423089493253
45.0274873285
2.2176602296
16.3250461973
19.022466281
3.88714651498
18.0718724593
12.4987746583
24.7144532215
14.1077888373
17.1528948112
13.7487070083
4.28424492496
28.7788690891
17.9554152216
17.9400353467
14.733937804
20.2689159776
4.032241856
5.57070641914
7.86907057391
15.447365197
16.6446386148
4.11229427186
39.8546255513
5.55544672247
0.607888050449
57.9541710014
2.09323213272
7.36089172243
7.6100702395
2.15571806035
39.6758997266
0.255132343414
16.522822603
33.1441854935
17.5458039579
14.9129061303
65.2424199217
13.8740197449
4.45975461957
36.0481125254
23.8414605745
9.73358218634
5.94537068215
2.70232425974
11.0132535519
11.1216284347
7.46298023222
6.5600924187
7.90947801071
34.0885896671
0.465918808137
18.3819518669
2.25444559444
10.7073319069
2.04234909609
25.4788454243
1.6796409766
30.9870640884
15.4745004578
20.7311390473
20.8712602287
1.478119317
2.26136749496
6.04374029308
22.1991699614
4.46822928855
7.23652116719
4.29319978275
16.779035105
13.6915157915
4.33097538512
8.0286364767
0.523013337486
6.93631039059
1.93018843031
7.57417266898
9.38479248514
30.627248304
10.1705841761
10.2825316338
3.14050445059
18.3589189324
10.3789715993
11.7740764159
6.62053160809
5.50145087212
9.94389322786
25.0635694032
10.157674955
18.4892920961
17.4238747243
7.61087480228
36.6013060693
15.9946058609
18.6365739264
2.19753439019
11.5395243326
3.67510862008
12.1906956803
2.32805270562
7.96453530618
11.3200681933
38.3550284308
0.53569045129
4.13686641776
4.84562657456
5.6252515249
18.8289285297
