27.5905760877
13.2141868669
27.5586916141
6.71363075809
20.4081133489
9.55531509058
67.8748017215
1.4647189499
26.1255655949
20.1283662391
23.6080759874
38.2618753097
19.2636543237
0.511340991139
44.5627367381
16.7686186685
1.50084330496
11.4966590534
24.3752990228
4.75674301206
13.4683373947
5.6227787109
10.0182723976
25.2716859168
14.6123402959
1.58692679921
7.60966078444
18.7141109202
8.59235895982
36.7850950829
36.869870589
0.671445908147
0.0644635547881
11.6505224872
7.90080500425
4.51531151079
6.55193411424
14.9763888168
4.14730410741
14.9458795886
4.40899905503
16.9770553804
11.8138588978
1.07613432676
56.6426181853
33.2201198076
3.81353090933
8.78339562881
7.17869986462
35.7670177871
0.00959783146874
11.3284285509
7.76129360095
9.58156418713
30.9385258096
4.75268233122
26.4084115829
15.4481982379
12.4998941193
57.7504066689
5.40217015618
20.0800032366
0.4320224152
1.99196072983
0.100040416525
28.5897086321
25.9576054998
28.9663658087
10.1387717375
2.81820076071
43.4448753208
4.80605944982
1.05537248576
2.46798090514
1.93563295533
0.488724484695
31.1301039838
43.3319250865
16.364530637
20.4655992791
57.9425493053
5.30243105124
8.20396740885
2.46991686443
15.4252873816
22.5084295101
6.05750060185
15.0529642725
11.092837284
6.43625967623
2.64158926303
25.6661658892
39.8827997051
27.3240067364
1.47284775359
18.1070663303
3.14926521934
3.11290157823
24.3074095131
0.343189075731
3.97661739825
13.580823868
3.83866127419
9.51752012278
24.6881229568
5.89393909418
7.19729579558
29.4383714555
9.36159125931
18.2398285873
5.28573957861
31.3097485503
1.77192163639
5.09515176409
19.5214530456
9.94561987807
1.1580256087
28.4282956865
27.2078503025
6.61483217157
27.5855709761
40.3220784646
5.82669609173
38.3225583856
17.6996701446
16.2273874278
8.12690073457
4.9792045046
9.65511901729
33.5061958157
25.0111119174
2.61068875076
2.60618127358
25.8907603804
11.2951297237
31.077125046
9.38634460746
34.1316214729
2.65292238137
9.0530852322
8.51386105713
10.9538242931
2.96532800198
0.824416720783
36.5248476705
6.90950415789
41.4957383418
28.0844088129
1.35640882437
10.1004910069
4.24828050061
13.7934161673
0.0447976871752
7.02791563493
27.4700287333
3.87821308441
3.36154578006
25.1874801308
18.6329209271
0.083953100533
28.3075464222
3.46111824575
56.0363797529
9.40543614783
7.55517148
6.8632464282
16.5009571663
31.6591040874
4.28399681515
37.5807943542
11.1296577813
28.229390506
53.0462798007
3.82754996952
5.25655337569
1.25495912184
15.3965098395
52.4388389772
34.6640422376
27.5382808039
13.3706706433
8.60662294268
4.30923312707
7.13685599335
12.5436219367
18.8276010302
34.6039106913
36.6140058117
26.4245299914
15.45337337
2.27583458366
17.4737975741
8.91077607038
3.13255313973
13.3189338762
0.853487850064
17.2860137861
3.66638206287
7.55529559495
4.81889681941
13.512303481
21.6471125481
0.661842161294
85.7133090387
9.82751263883
0.655260131606
8.46875955801
15.3459718372
4.34771257545
36.1831666279
48.3900017248
6.01894161055
6.13719881594
4.25595623262
3.09364723124
0.540561075839
29.3588672273
3.23779799261
12.1079681567
14.042664581
0.29250600847
6.12399324618
19.039943404
19.6147438797
5.70677560853
10.4889310123
0.443264851241
11.9239144424
4.92384537252
14.9816612649
0.788600631556
17.7658234718
30.4718406749
3.21764942285
4.51711701396
37.628476387
28.0184519419
13.2643687922
25.6157766206
26.9510478693
7.04682799355
15.4533088633
3.08261165456
29.5552158006
16.3441986335
7.09245256024
13.986223495
15.6548051223
9.43376523834
7.61952754086
8.80837954885
4.84035280749
0.886062247085
32.0635827181
14.4025227246
10.9093451084
1.93887986894
1.51483015979
16.2396171707
7.90054313074
8.84517862407
5.49450136148
67.4663967907
10.8644960743
27.0461234191
8.18390120322
17.0700248153
0.687469301467
22.7060526334
8.88235761716
0.235244742928
43.2064149406
28.9835562467
3.13953010614
1.1732865834
17.5126286941
0.26657294272
5.220971472
10.3094663733
6.56171149467
0.843187628919
4.37467801628
42.390757599
8.32445528515
48.2883157034
5.42517082874
0.959462209588
23.8648120667
6.36597762191
3.15516986984
7.17691138842
9.17365186417
13.1269969853
43.1186554852
0.110340730158
0.318511298421
11.0964001815
3.10314767642
12.1164845989
2.01112976097
