10.3378393869
7.29238757526
14.9135668157
12.3983341307
16.2283782486
19.3791699146
16.577246523
7.07818992171
14.382985063
7.09085384559
7.35681265472
11.7735453709
12.5852556582
3.19135310869
1.66934303658
16.523405747
21.8005083864
8.70261883278
10.282317706
5.37882942065
17.7596470461
20.2133080974
4.58495435699
7.91334064749
7.75144292423
10.0010464397
15.7283114163
5.73006169682
27.1874790982
22.1378166724
0.226669075819
39.908264348
7.20426406027
4.29518768246
0.158158851605
34.07425553
18.3599870837
14.4329243698
11.2959079654
12.1121245775
8.87299132085
5.79596567517
8.04375894053
17.1436162194
8.64510604031
7.33876988335
3.96663998411
6.29011908487
13.9925498594
4.56374586479
14.9016218037
3.02567005902
1.48924716389
5.38253134071
8.2215640182
1.09021425278
0.5933547644
12.5379263663
11.7489374561
2.06165818131
20.5802646501
12.3113130409
5.79444579745
2.95706125387
13.6666915182
19.4620811179
4.9724427432
11.53005019
8.77161161781
3.05837699221
2.21071795694
8.94993003697
12.5525931151
16.7504874837
2.52752969704
18.7169582151
24.0016860641
39.4836173013
8.29868479686
10.0926254872
31.3464357416
50.4590592631
10.8899806929
20.1986975237
7.34275497817
0.28935755
3.47859967827
7.23565724615
15.2262522822
29.3941863905
20.4567006656
20.4247485871
4.93281858992
72.8966275649
4.57388189666
13.7916816382
5.90346730151
24.9191949576
19.4335812558
4.87368637301
7.09389480799
14.4607530716
18.4890361449
33.7406202311
39.1660266918
13.7228707208
4.21143627263
6.71189401045
18.928616816
61.5850272871
52.4165897932
3.3711765849
12.9900080658
24.6821251037
59.8857377587
18.6020851289
4.52212744681
2.06612925697
14.8601608287
10.5068529028
6.99433551766
2.27198833106
2.5845298913
5.79087638028
43.2837940927
13.4119848792
14.1868609597
31.7865110447
12.609804604
2.68591432175
18.3878496556
1.67706217369
4.89757843827
0.973792384804
12.1811061499
45.955084047
37.9103233767
17.0463486908
8.52416473462
10.693329706
2.45160882698
28.3387822253
19.8398682275
8.23991327213
3.74918362498
15.905042391
51.5208033888
15.1150748387
7.87675442219
13.4466855719
9.17569462491
24.6310173529
1.95557013957
12.1033505208
23.4337093103
11.0843661956
1.84794659663
2.04888119728
52.078857607
13.5150945585
4.85925802015
1.43403072968
18.7603853317
60.5932943042
19.895772604
12.0693099757
18.4347226648
18.8439341268
54.9651548727
7.21564579728
6.08522672481
10.317229671
12.0600547364
8.76955179466
5.95330204874
7.50471765907
0.997300633078
3.27441637484
14.4421645606
14.778008071
1.21500167557
14.4341450222
1.50368630781
9.66007565237
1.23789364948
0.284042556984
2.23590139504
57.735867331
3.02769455129
7.04453924196
23.7841135926
11.0832377045
51.582243197
0.11723890677
8.20405011744
4.98183054815
48.520720004
36.0583010986
1.45540326768
4.37654093617
21.0535137155
0.629023880052
1.07840369953
0.0254464746081
24.0915272023
30.3250261277
38.0690521383
15.0274388109
45.2794563282
17.2757091379
0.864892496262
23.6600184162
17.3344479401
0.663355876497
16.7453581169
5.97672792958
1.94302906019
26.6051137456
32.4856223651
23.0892529508
11.245752873
12.4974650575
13.6830852353
3.82678505956
0.412452923586
20.4860786314
9.71138974621
7.36341866846
8.80791582791
18.4423973862
2.48218308579
8.88486691089
6.13084316175
10.1061041287
11.9201673299
16.4977074521
16.485944031
58.4103661147
11.4211937574
2.25556978698
16.4201782581
9.90541733541
4.01969922027
5.78100075839
34.0145465243
6.5095583279
10.433806365
11.8003733952
1.51078674975
2.52666470838
12.5654239765
21.3172258505
66.7227298036
32.7765764787
22.3451654942
6.71406031113
13.6298529434
1.44471778294
9.91165550915
8.63361515833
11.0987325487
0.866692227328
16.3418657481
59.1464738918
9.61171685764
10.3531282997
6.66671926616
3.79427853535
41.5764030429
4.46911821412
26.5631546833
18.2129044412
19.8844969017
1.45935686709
30.8583131254
31.7985540708
8.01411006112
28.6274926356
47.3116069489
44.81453201
28.4172010822
0.48857629082
56.6117703393
47.5094044427
18.203186078
23.0919211171
7.42358657231
13.5716176525
25.7886452941
1.76010204915
13.9674373082
16.24007165
23.006419244
0.550913741828
3.21386340923
0.924530802609
10.3562806129
22.5497425703
2.38736046898
27.7177365161
