47.202039983
28.7147878872
1.79940859851
14.6867468437
9.84000419864
24.5060663075
36.3442619529
25.8320423474
19.6262856899
17.8796843097
11.2469121466
31.2265410812
27.8774305354
25.5428755421
37.8668789354
14.589361132
1.26166074226
15.4400978569
12.8700777332
10.6861297048
4.86123713199
1.00972748837
5.32481878278
35.9911926916
15.0458793877
20.8665500042
4.06527605604
19.0110430026
14.6816498783
12.48610644
20.7451171973
1.56922680864
5.18229431993
12.5449697277
19.021535699
0.910657025173
20.0435747381
7.83400726268
5.38896292725
11.2094024919
0.781366924965
0.465434367366
51.5401560098
7.96364896186
4.44080366465
10.7920498961
23.2207671635
12.5573223512
6.84748345213
2.25491013386
1.37142127647
9.96099997283
10.9369273571
18.5717806705
53.2477326696
32.8675292928
36.1000830752
21.3950445174
39.012924223
2.35435101403
15.4064592724
2.89775036784
12.4184647509
8.00728708947
0.817933700506
31.7637774167
11.0645879512
10.2891482057
30.4253625627
12.0853898949
7.02099471129
11.9876002151
19.3977989791
23.1696391192
32.6152748103
15.1433214304
120.604567964
33.3619775034
19.4978554777
20.2769486759
1.69933560735
3.46062991881
40.205600177
0.081904874082
56.6740780715
26.2034182281
23.4863728442
50.1283680981
0.634723205376
13.2992339928
3.20040752601
51.527607136
16.6095130344
5.90567024591
13.7989031928
4.72633543852
5.2638154363
0.0439605655072
32.5483662847
7.87126638043
27.3332796103
18.588883373
32.1607446921
13.5973739361
37.3360203886
34.3625282875
20.3315721327
4.03380797197
8.10184288798
19.2000418907
7.26898123261
24.08051403
28.6791991534
18.863566368
9.67532993054
17.3629369962
19.2719534545
33.6626978352
7.53515891859
4.79755704059
10.4298742082
6.4864624671
19.6993748911
5.90441479388
45.8059485931
13.4964705113
5.23074003252
3.28953536059
26.2376149912
7.76920076802
71.8995649578
6.92868909367
2.57522090456
0.183384567544
14.1455562948
29.0917314891
2.47018679832
3.79906655347
2.57291555175
25.3701061757
59.1894739641
42.2544586194
14.9736856785
26.8030168427
45.6998058278
5.60523472639
28.4012209959
14.8284255269
6.61583335273
15.3197312419
5.98882179357
6.04472723113
7.00223725545
16.1625914563
0.338758263617
75.8491152613
3.09921684388
2.31268753693
10.7147531815
61.3388933833
5.16452010045
0.0445563265313
12.3426691525
20.2260810139
2.92075586662
1.14090351578
0.668003551752
18.4989291587
10.3453953343
31.2577459195
0.595580329655
43.5982528856
25.976992382
26.0084104613
7.19276270749
10.9654055805
12.1600305307
2.38134456301
1.7447365826
1.86872228806
39.1612733532
22.9986654364
4.22465752538
12.7955083257
3.36249185444
3.23448228555
18.2442037647
14.2429080326
38.6167991856
2.57249073765
23.6402467784
22.9217490118
2.64078878554
22.2374723808
5.53078654366
10.398166691
23.324046051
12.745837155
6.31442979282
2.11560833024
8.06465726881
56.2345655375
2.95026279825
12.4518972189
11.6191769215
53.3781137781
18.8443878878
6.59686621286
1.46528720838
11.0617406915
5.90104215348
15.0458976467
18.2808681956
3.35014269651
24.2756180931
2.19035316918
9.78678916756
3.74161335602
6.0134147343
4.5205082688
10.2126767876
8.40006129599
4.92799272928
26.4249601363
0.0659754458424
18.1478143528
1.62018075031
4.9932587852
14.5669729965
5.32094885915
5.21823522784
11.0300753281
5.71307463928
8.68510130785
1.81278190974
0.505289955814
14.105444306
1.44681480148
1.51767003026
11.9567030969
8.57119724658
2.68977383863
19.2767977192
7.3126518445
17.1563325401
22.5615625156
45.7096547642
4.4994858952
6.06040318189
22.3789398406
44.7054932595
5.48526044418
21.9702066301
1.85632969012
4.47783801394
1.68577935902
7.72606846298
9.37973549183
0.538763091888
16.9364836913
6.45424690748
12.5851427216
5.0829497182
57.3491021189
14.4288636323
28.3555657705
12.5033534506
33.0266635097
14.4349802861
11.604763625
44.9120179146
18.8091001068
8.32429753658
15.7954410172
34.5824695124
62.6915471611
16.7754964785
7.44515240371
4.05906036091
41.657914097
5.43328993169
6.9162287754
1.19791558205
5.99832177296
32.3094679624
6.09617278447
1.34683661325
13.3464154227
15.9458670218
10.4284262338
11.1173337318
25.252386143
43.4327879815
4.7463925362
0.232812698237
6.60139224664
6.22319322568
8.05845766557
42.7612470127
32.847154403
