10.2526632217
7.47264770892
26.1241853457
18.8915232738
5.89144892735
9.99686338009
0.66661550947
18.7346385203
1.04650989251
0.530494947728
3.2857438325
55.9246116308
26.3454457999
10.431666596
46.8151506304
9.54372749393
4.4275956169
19.2255615362
22.6280923628
13.3518643519
14.6355349543
12.9727061006
9.45902814293
3.51023003524
32.0427360548
34.0938480977
10.1397528281
6.56512985237
32.4967290214
9.17375754101
20.1204680655
1.33344678827
5.81530636589
3.13490025891
3.43755578063
4.40364034404
20.4363899028
1.08632337625
7.89066653824
2.77969051022
21.3364443256
21.3973034079
1.63725151437
0.228797804783
3.60912460825
1.49631740921
27.4882552893
6.47568476562
17.1253844004
59.5829490794
16.9728214018
0.838987651665
29.0232573489
17.0912784274
48.3574071773
7.02479772539
2.38650075475
0.681041415896
29.0733796038
28.6771902655
49.6293564406
32.4228404993
2.91117269692
31.4345340948
5.89207820343
3.61722086341
4.43924059625
41.5441060659
56.8930623463
20.2303319089
7.12421976002
1.63977573412
10.94668045
8.00348223264
9.32420333608
5.20403173298
10.8071823152
37.3406904905
6.77002755504
5.61011863553
0.428584465568
5.29644820534
9.40955452009
6.81944127893
18.1831667484
3.82817420045
9.41340616266
21.5248290695
1.38870085576
10.6984727816
14.214651713
10.9506809566
9.78458374385
3.49521377389
22.7598297935
3.11944374754
0.957229781861
15.6749877535
5.76156525064
24.3253827394
2.36358681673
5.05682440103
10.2158009772
18.5530946889
31.8960818036
20.2501275512
13.4910900244
0.819137220005
20.5154117612
22.6464931
66.9395995177
25.6840915856
10.6933484214
32.5230563423
2.54769502427
1.47605022205
4.81679939327
0.871851722417
15.5350520815
28.8850366207
41.9891862589
0.948576440521
7.30952764872
3.53959636359
28.7248970797
23.908619447
4.71962199288
2.3098170969
13.3491814307
10.0388285736
6.2048839316
11.2644277721
25.3971265718
3.85383974631
0.206029726508
7.00694210787
0.654410921126
1.68221695546
26.6187924765
10.117093885
17.287092734
25.2805814051
16.2731655333
26.8210322265
4.59383422623
28.633787695
2.09157944711
40.7128367174
16.8576429876
27.3923703081
22.0684266188
13.8112223065
11.6323159069
10.8085092479
7.71585382185
42.2989856925
2.52970177595
4.96480178392
4.28165410719
7.14060150544
36.7925370919
5.86045884516
60.3189067461
2.24121330842
41.6754271176
2.49504269551
3.31564554192
17.4872570119
21.5460891805
12.4880515464
1.29370150766
16.7118489152
1.9125425876
9.47271551591
20.1934983787
10.2839732152
26.9753966906
1.46017371098
12.787203281
5.89372178671
5.45049011851
28.787298652
13.2121385028
12.7993451054
3.11833786119
4.08854963955
8.14613757085
6.87953882605
7.6484362349
3.19181839058
20.6639991029
28.966640218
6.25795571611
30.5237549591
37.0647611161
14.6479256535
52.9047232781
22.4829391267
27.8214960356
20.8136334355
1.85326586648
3.34760814106
23.4473618275
28.314352386
18.1297214909
0.555531864135
8.31166058234
31.7452141667
2.41204393085
19.667387354
1.78247290836
8.91366356526
10.3768666841
15.8003526957
9.42502134986
5.52062243674
16.1543518488
8.3222024354
26.1278192416
6.03876795353
64.1332567669
0.542110088155
4.38306117502
4.09595160061
9.09526113601
2.52964561265
21.8905039492
16.8242252223
41.5642419143
20.8265969478
2.46949710592
29.0899627548
3.24816366421
18.4731041738
23.2290875649
8.85247631332
16.6352110186
8.77646782438
4.61979751674
12.5899588562
3.48205850049
35.4228356791
8.25657664023
20.3735365125
13.2225259932
11.8345081141
4.86103825833
2.3911489796
41.8736386334
15.1575970934
38.5865202821
21.1796298085
9.05231054777
6.4310021279
0.770617486769
38.8987428892
3.51213824044
9.74292416138
42.5343127697
3.0616912959
11.6981490482
2.42684137315
0.159697773256
14.5065817193
23.8912273066
5.1675388905
43.6025035225
3.51379660271
20.1043781713
13.0339579263
16.4573965988
19.8442874381
9.35218061857
10.295220847
11.2511846499
14.6004415758
7.56456230914
0.307088514136
7.85740734147
3.48423328922
7.67228455456
2.58222985925
25.9249789137
6.76689141553
3.91269129828
2.97992823754
21.5799377027
2.4864280238
19.145837217
64.040819946
1.19633233845
18.3704001281
48.0564661228
5.73389983096
4.41162223812
13.0485155524
2.98548831295
7.98792124443
21.8864798284
5.37260422616
