4.06607506904
48.4045747451
9.55701307759
13.8102411578
14.9207126408
11.3786531464
11.7332193316
8.54489915894
3.38135139473
49.4047782284
3.07507040599
0.256207210104
0.78979291622
9.4503661553
1.77431854763
1.67355589689
8.63103092656
0.187015312949
1.77439128501
36.5719882477
3.88825800529
5.68560177725
73.6018755189
3.34127150565
0.770760432674
6.31291464163
12.0118684536
8.90175345568
30.3678272633
3.56498299474
2.53402821881
39.7130627359
35.6997863083
26.3803424458
9.1096893807
2.46696127623
17.3103802746
15.0776241804
2.64642059734
3.23849069379
11.693258348
11.7407933725
2.14712558412
26.4440949118
6.74759966238
21.1830230454
46.8648135082
16.6596613012
8.8853514893
8.5775399773
18.7249095697
39.1780200476
12.290752283
6.26858634036
7.28418820785
5.80400161068
8.33694507277
16.3768012326
51.5852020816
24.0642528617
8.50249758672
59.892860459
7.69453147013
0.328445475111
11.4318546642
6.0113385552
15.0840354284
4.93925336107
3.20287667742
9.24153941714
43.9849230227
12.5100205224
9.37216822358
21.4628293665
12.1970455208
3.50554489292
67.3092709202
1.64239731392
15.8516484056
10.3856925937
10.7800955866
15.492500888
3.66536984809
21.659851807
34.2751563555
9.41861445601
1.94529769597
19.9185984147
12.4774888296
3.44120938194
5.89657032708
60.409147052
2.5436744137
18.8898776496
11.8881836716
16.8354829324
1.58541442166
19.4615206248
24.0784167307
24.7065876045
40.7235785153
2.57384854615
3.2819856449
17.3432793839
17.2275950535
0.870048047987
5.54904766408
1.4543496691
12.8422304096
9.32560262217
8.55604439254
10.8439750249
27.9989493899
14.6865676377
15.7329432805
12.1292398197
11.3228791319
42.3516326409
2.40647691814
8.44713559314
37.932135264
10.3226446079
4.68577835517
21.3563519861
25.8552632393
10.6215210616
50.8050340763
22.6550119114
19.585336224
20.1316574649
61.3930027815
1.13329270043
13.6274507452
2.3501854365
5.51591446831
14.4022300228
11.4425467736
3.08556483665
14.8136602962
2.00832619444
8.46526325147
2.70580913385
7.04124017978
18.6884380531
0.429183119632
19.7226726686
4.93926228805
4.50099546862
23.5080547398
0.392961577332
14.4026024011
17.7729967287
1.40975957066
10.9233041047
0.475162846857
32.2172751876
9.92685054558
3.10178565101
4.3347074093
57.2660942733
50.0113890875
54.2614377238
35.993049791
8.3474663336
6.3220172378
12.5857931524
3.49099990029
28.2416504813
7.75042266737
2.43043253761
9.11762246275
25.5196691026
9.87114988015
15.929384058
12.8942419021
11.5593079658
7.71008164103
29.4352634732
17.567642475
5.54849807927
40.1268689354
3.41342269574
11.9292771656
3.38759511564
4.54129825894
12.4657700067
15.3773435764
10.6244369617
7.67546862507
2.76995798932
19.5232242126
46.9053360729
25.6392718273
0.697065622772
1.98309447852
6.59160780713
6.14556510151
29.1283712808
17.1359911913
1.21728318305
1.24394548283
1.69602294103
4.64673630243
1.77684912256
2.88903982139
4.90256825202
15.2250739568
15.6941301291
42.3316600179
2.12785466765
13.413471241
2.83263479339
17.1798457032
17.0202830078
17.9887843249
32.4896112318
2.05967347584
36.3602779436
8.55502244095
1.24191147002
0.714949285593
3.9640412385
0.358724075688
9.01174906625
32.8962988216
37.3822498729
6.148021763
3.05383451203
0.194975090643
30.8866671153
8.83595254361
16.2235385585
1.07284213434
0.311214149959
32.9130541645
9.10927220345
9.62883358332
12.2242167888
0.234169165739
15.7819909714
24.5252520903
17.3105163246
7.76854151728
2.89296166152
20.9592743668
1.07328209193
13.0500003232
20.059533369
52.075419158
7.10505585302
2.10641147321
8.44958642117
18.9651128742
4.55027097162
9.93986388458
8.96683677161
17.6653081327
13.0691276026
17.3296799331
14.8662010607
32.6844043779
43.9463699616
6.37905651713
7.80544314814
9.76209961933
19.9243324285
10.5516511278
14.0541907321
0.253487979697
42.0962265534
0.148027226641
12.3522942123
22.9871584495
6.15056221342
4.18154601326
20.4977213402
26.9630223434
3.78639474227
13.9335068507
0.89543405792
9.94867895848
2.35229370689
7.43469761467
8.25911414951
84.8508617349
3.44444296069
9.68614274357
8.7064058706
30.5763557213
17.4476475637
29.9152844501
6.46989227638
0.473405646702
0.0603869475385
8.057567755
0.542578480711
13.2227563932
8.74830076198
21.3400276322
29.5091728479
