19.3496593523
27.6418738443
8.3207715165
2.0733120163
7.55541511276
5.26040923333
9.00084906966
2.17440848713
26.6764018224
7.03011972652
43.3525607515
23.9265729256
39.052475862
9.08540415522
13.9124942841
20.9060505931
38.5409438923
6.49392382875
11.4182380341
32.6034716351
1.42134387432
13.2271059224
12.0519825244
6.11951320334
23.1514172637
8.60962170975
37.7757246856
14.6279317071
35.8759770064
56.2680670088
10.7907729729
15.5638422625
29.104911302
2.91708604574
22.9937523752
2.4900258162
6.00612609345
11.578815811
0.879308701077
21.1720224793
21.7666131221
46.5827569889
24.3432962128
31.0187945308
20.3058043372
20.7498528999
9.00490295272
21.2728778894
33.0780392899
13.5716898911
0.981123088524
19.1416660769
3.66749948422
14.8159470669
84.5956607566
12.3543993048
7.55774742506
28.898229783
31.9583591533
6.5277498497
23.2262398746
10.1592829167
1.28842332254
24.043272309
10.0406666562
25.8365479496
0.536580800194
45.1029452103
3.07796267221
0.178576724578
39.981827421
8.19453012382
6.4932003663
9.82386893475
2.3582042642
6.67071560822
15.9951001751
15.6139819216
0.886783351213
0.114972612812
47.9414103181
6.63843482716
2.42743468438
24.0476261284
20.5740160526
9.73382280228
4.03116667135
13.2489043654
13.9974228459
55.0359324094
20.4374176238
67.3499691739
21.8893646148
8.85299009902
19.4185867772
9.22653756167
18.3640918279
2.29729211697
5.83429052668
22.2680705726
8.38949665433
0.881022805424
36.2168402066
22.4831831303
19.9929208832
12.8791109305
10.3223862792
8.84862158179
24.103469147
9.29679016114
1.54473870451
15.5726521217
10.5950715534
1.05879419738
21.4692202552
0.586138515614
3.82512323384
16.259920783
0.368456321508
0.249433031291
2.41591954332
8.55683717443
40.0658020049
0.179050821268
3.01886408895
1.87947462851
33.5956987377
28.4269125824
9.31710338097
15.001123919
23.7315053217
0.69232734883
23.9374799509
4.94033226158
19.7693677182
1.23025289172
3.91201573827
10.9890059923
10.5653426499
3.1922524149
19.5826851273
4.70355334098
16.8661114905
2.28334469798
2.87316721925
39.9140618497
36.9187721057
12.2683744767
74.2464778935
8.70228623431
7.90464703585
5.89772093573
0.130607877363
21.6928409048
30.8904327954
6.47423089859
7.16223497452
8.68614222239
10.2845163028
7.58032405684
21.2328069424
2.72931824831
12.3363907312
1.1995522374
4.92387370158
8.46099311011
28.5145187084
30.7188998367
28.816438321
1.2401316857
29.0398439213
9.81009365368
17.2576658512
19.0219245581
3.09469535308
12.5057088239
1.64350063453
7.25034094118
12.7403299154
2.96077566551
39.9144313587
3.9112169988
3.5324632954
4.19857365112
2.49586974933
12.0612575263
3.71963330989
20.4053080763
7.16050848721
5.67306836228
8.55054801771
10.4111633295
28.9985152387
1.11565289988
20.1656475329
35.2897074079
8.3805348834
15.0180344262
15.8044017677
20.4892501229
4.12000751644
0.341165884546
22.7903072514
42.6386561036
3.12934254853
1.81517495616
51.4152739034
2.58196604471
20.3287954566
3.97370271995
5.90842638965
1.34470570434
1.65367820788
16.16869867
26.3341179186
15.502069173
1.22218953477
15.0015187507
2.25978849385
4.03038191526
3.82438743088
0.723050589647
13.0158190022
4.86442996121
15.4944075971
0.0739906566438
1.48927959062
11.9924696052
10.2584434647
12.4101047964
17.9882234308
0.338002012651
13.0355848679
14.2050247211
6.87137321768
7.55302104703
19.4733082119
25.980328473
15.4024110578
13.1899619919
3.62215505653
5.18223451782
15.4540896962
2.84071706452
31.4274849779
6.48215155817
18.7480847235
17.9173446126
25.2185076362
19.1562146025
4.08892096154
4.10963833087
11.6668463639
0.788001058771
11.5621846971
13.6346495713
65.0112770408
0.0276196363915
9.21645986685
27.6685907914
11.4880727796
1.05876375612
26.0761300238
1.30908619941
1.12953714396
48.3234514171
6.13344523017
0.549183609173
10.2439327362
12.2268627764
34.6844523013
22.1400035482
1.49009767024
38.0231292141
15.3840476406
12.1988965069
1.29440166689
29.8332626068
32.6666125947
18.2663545828
10.2992884682
11.3583344647
22.3246920463
14.5354559359
3.71938872599
10.12647053
1.94463900732
27.488702705
41.8387015786
3.82056865689
4.15378894882
0.643657193545
18.1005544265
11.9118006726
32.2552063055
0.575681384538
85.0459565748
18.1994698956
7.42652235315
17.047941646
