17.0533168519
4.45607281226
2.09006626872
51.0816023931
9.42080246014
39.2745135315
30.1221283004
12.3559707347
2.55737601133
17.0802061175
18.7567362156
10.6332578365
13.089302083
30.6405095041
2.74373237579
15.8073421832
0.286405617185
9.20950950092
12.0775753747
9.3906708125
9.64625322795
36.1980669465
19.063515911
43.5525230875
14.3267185735
24.3967613386
3.6747775509
18.1974968313
35.4274265924
1.02668828296
7.34336406436
1.83460604351
0.874098707889
25.5667888379
0.946596527331
23.7679070158
13.9217862609
20.5461091554
1.61378727269
0.138952835896
6.56692594477
15.0958555825
5.22941320093
0.188049251952
13.9335516059
4.59642314456
3.18408142577
12.939018975
63.4073709747
2.23552668363
35.3728989723
10.5194974467
16.8368897975
12.7811044519
41.8415591919
1.18322908748
0.612439048578
3.08143605878
30.9934989095
6.83121758643
15.9078513201
9.46180710519
4.37121137334
4.18429383179
16.4751067487
21.8396884266
27.1225525868
10.1734494987
8.57903308461
6.5641394871
4.06486859029
9.33615700705
7.78937987556
25.230292684
9.94254069422
14.0447430626
11.7785927308
28.8062303034
4.70524174409
8.89269784847
11.6291439055
33.1849831665
1.06871033344
8.78263962499
5.47177107801
22.2684190033
10.6784104276
2.61787161045
0.239797499213
41.3783874765
12.9624950061
10.0070949141
13.5119123737
2.11486256373
8.09087593512
20.1275753432
12.81069849
48.8733155832
10.0377345817
1.79023181203
3.33905813337
4.92979124618
4.13160789731
8.25913791148
1.10144380144
9.56941933407
38.1847037052
3.94886558059
8.6451168672
43.6459687885
8.96566966378
27.0242316565
15.9115085587
12.9440816134
30.3265293718
46.4406809288
26.8457043007
7.65880598095
26.2610201305
18.1089512004
12.7727635729
4.64801403076
4.8041696997
4.96263855501
11.1655062083
25.265648683
2.15088521252
0.319684020928
28.1005661338
5.67947396366
33.9836324796
4.90382847719
2.69535740786
18.1358651925
16.7028094042
3.89989554259
1.61063597506
11.9585592332
19.8996610361
5.52912508534
4.76031284551
1.13152126321
2.82929462147
8.93141685847
17.5545239515
20.7754138836
46.5488153265
55.1400033558
5.43831125284
61.55663908
6.06103474717
38.2580546423
1.53729650959
9.67608585224
22.1224974778
9.66420200643
32.3374972846
1.26711631558
7.2927315371
2.29580585342
7.45607756509
13.7237074842
26.2521234035
4.47962125029
1.11526966135
0.510754029293
6.51955313448
6.29318007735
37.5382212838
5.65571609623
29.5146952975
11.2969935552
3.47554577563
2.00438566652
19.2144886816
16.2518045116
26.7924621666
1.16887618313
36.7569726934
7.19320220207
1.49047815825
41.4941818745
20.6915921058
0.406310929819
65.0594310974
2.82922739366
8.48844239098
2.25616892474
14.7450523479
0.0773846173786
0.472060851404
37.9566570101
2.87176354739
0.826071758662
14.964430252
42.9097189973
2.14002708404
12.9968533599
24.3698890748
0.401762826615
14.7864735935
9.52649573942
11.4542160504
4.73303445669
10.2903215001
18.350767233
3.25938315657
1.664858031
40.5363192338
22.7876150241
0.444249221795
1.47584807237
16.0296710041
4.49689758233
5.754238565
3.5967463027
4.05606671903
36.7535011731
16.219292997
33.2215709638
19.2053406196
16.2237166796
9.84078310814
1.43102647798
22.0620823356
3.36923520052
25.2096801587
16.2424075863
35.5884034281
42.602486195
5.35447243024
19.3185428844
2.19121075257
0.153523329492
6.7284698257
11.4857098253
11.8902415488
35.5152830618
3.23656534244
13.8800871701
39.4055288402
2.53272230091
29.7453014236
15.4913158001
6.61515638221
0.370560381967
0.194960713938
19.7912680215
31.2727402728
5.14346971028
44.1827602724
0.73508460345
1.42817426857
2.16249724064
40.9699856706
26.7175100988
0.0803490345649
1.55986967609
1.11043819044
16.1472915581
5.29602139323
6.27919153584
7.11814515524
3.62630017883
33.6673149146
18.4524502949
14.3248038774
45.7764330707
24.4700725614
17.2394594109
35.5212423806
1.74683589931
4.35145866448
10.6206367971
17.3677757792
2.1397360992
34.7207107806
19.9842461092
30.3208117339
1.97673477141
30.9876448742
11.5688013656
11.7692545673
7.98025544149
14.0416789748
22.5773988724
42.1339621248
0.0151129149719
21.3915265801
13.6158720626
45.3368306382
0.165457169979
3.01795492412
8.22241399497
5.27049212511
5.08052499314
6.72445465639
25.5037192384
5.52918284301
1.10491131229
