6.15732246859
7.00077806879
5.75070752445
19.2322223633
7.22870303898
0.604729221221
1.91064442194
0.109987288911
4.75900756384
37.5306793928
7.35086299501
11.6054417664
16.2625292402
10.1067064769
9.73591234403
7.10347465747
18.624531879
23.2113955235
6.04720605837
5.92386065211
12.0126905331
16.1327431155
28.9967249061
1.4446325131
11.4263489585
13.4616506031
2.27409640374
21.2384385836
29.8228605206
61.9287714987
6.56289682148
0.150746050026
0.293652315089
14.9114880772
9.09450754384
11.5568765118
4.45665827893
40.9882197368
5.39603750589
7.74859865619
1.04900715166
13.1121059181
27.3834373019
15.3947449488
10.9563656403
3.64919386856
1.06594025531
3.05813594793
12.294456735
10.3796503955
29.2725977436
18.199899495
16.7924424542
16.1699883872
24.4288943312
0.91046136732
0.843721158579
9.54482091078
25.8060776298
4.51102852451
2.65987296718
16.6800695077
6.39490873374
0.975944430813
1.08613856222
2.4499092985
44.210912345
4.93412019186
22.6079501753
4.14895222815
0.52621588764
0.303485272027
8.73738893299
12.6311834029
13.1475766678
20.26948816
0.0845776395769
10.8490201823
1.39501851926
34.2448725273
35.6913521716
2.34944537922
2.28362946064
43.6036108556
24.5911539115
3.60498672664
7.79149209712
12.0957080695
6.22031050318
13.5512053472
8.43691332723
26.9346491019
3.7920752882
30.8023336191
6.86412547849
19.0939782504
9.34415349652
14.6248866602
14.8476035051
11.7675619033
0.0211073361041
18.3225768529
6.23708349546
1.8803888889
9.41906190875
0.184551109216
40.3214982537
0.221024928555
4.46973703449
3.98484927936
48.7393624354
8.50321512978
8.26339335381
9.59259659175
54.5711451867
40.0365559126
13.5694265158
9.69704135376
38.0719596372
2.22035155943
1.85069125886
12.6602968816
26.5707905385
21.2757339834
22.7971373827
31.3071290969
23.6959072203
0.397470264907
19.589061148
1.54959857412
10.356962018
3.44490925662
0.391336104392
1.7611089608
3.61129795792
23.5494688494
9.03268034964
10.038036605
11.621498934
20.4606256845
5.73783114816
9.246490187
6.51008995591
18.1688267945
33.8212852831
9.40555170285
2.27374428158
1.46233423445
11.0303309352
3.65267937796
23.5985627666
2.53613657256
6.63663118924
12.2811144624
0.600812664827
38.3003451485
1.39283865466
0.175985253101
5.79809490775
59.6284701024
6.25415784119
23.0375089659
26.9854209738
3.32817166042
15.0278854579
19.697869181
12.6799615266
9.0623353873
10.4037464168
22.1556471288
2.7526018475
23.094602524
21.7848973873
2.40322640589
25.8370101595
15.2289616394
10.9503176369
7.90446288035
9.01250195764
0.156537410606
9.64678393107
3.19224988659
16.106687719
34.5746629415
11.5426047429
8.50382374545
2.36330717863
15.8030274825
4.50510031182
37.0195124542
30.3534505264
13.0936074442
14.9224580513
28.7491854453
50.5162363219
5.87590292877
12.3830509741
17.4596992526
8.79690265521
15.7611547202
1.72750730078
14.2789577734
22.4849830606
15.5491496707
8.70091828321
21.1752624772
7.84674205274
4.283633828
5.57250499074
4.98939762511
0.693090276573
11.0075034347
5.18023552205
40.5854016569
114.823525138
6.76924356273
16.0892603316
37.5288607494
7.64592040471
10.7516081114
6.13579380569
30.8578057074
5.39855437013
0.210602968745
1.26166355872
5.75899283594
15.2744920512
0.162163574287
4.5606560257
44.3510467555
58.7451846529
11.6231382528
5.21356649615
6.40848436046
14.3313159454
27.0345476167
17.4642577592
6.05677712633
10.0967993962
15.2627950614
1.48084002906
20.3484497897
22.4991542548
11.5966710716
7.72916991983
62.0443314423
17.5881052573
12.7839806924
9.75413900671
12.1426282557
4.27014987379
12.650792058
29.351293115
26.4254989845
16.39203581
19.7673131332
5.94991892821
9.64994873744
20.934011792
14.9282021783
17.4016861056
18.1805728356
3.07450503615
23.0924118456
11.9381211355
18.0533630351
3.28689097832
13.9084389713
15.5956843574
35.8470900363
51.4551777131
2.35929559355
74.1640232449
4.46995343922
7.60943594436
6.80824329244
0.234015399145
12.202333078
14.1869017654
1.55784109361
2.40668136589
22.3765140815
11.1046491428
7.70784293691
15.5420333876
2.84002047832
23.3080241575
49.7838971997
1.84983233622
36.6510505782
5.0363372116
26.2163664597
17.2370587106
4.29863797944
24.0551669058
4.0038988562
1.99322269199
15.8349241667
13.5856650739
14.8290827534
