5.77638996613
3.00261792036
5.94370656386
19.0351658927
5.0091561699
19.358990486
44.1887769635
5.22685482748
6.2040819034
20.6882577748
0.0620096480921
15.8452383768
11.3456377879
4.12336186078
17.0659298878
1.23255060037
5.52985163665
16.421005838
5.70341828838
15.5504785642
15.0182553376
7.83559877214
4.18156860201
0.609963345341
31.8841632647
22.8072565914
1.83198642023
5.00797524532
24.0263869246
7.05338352806
32.807684628
0.704034525948
4.34585938027
3.70814199347
7.27125562125
0.101703207448
22.737267851
25.6948955353
4.68949885266
10.8322099504
4.54435438006
39.2413332619
16.3588228571
4.68781597461
6.92902132034
1.50499399781
7.94007628039
4.0882671435
12.3611295191
0.940196090104
20.2943036409
5.27817956439
1.76110107825
10.4378204216
6.41123346685
31.3164724607
32.2607426029
12.6114995299
3.47528107472
9.79219435836
55.7580969128
53.1044078988
22.7197490882
0.612889313459
32.2212571635
2.87392225903
32.9754794737
5.14061179154
1.23535635967
4.36335577868
2.00461501215
8.63559171393
9.73911349563
1.77334653368
18.2279435651
8.6262317633
37.2846624404
30.3369986885
13.3949905246
17.1568742212
63.4484679084
9.45480576312
106.5277458
30.1795035804
6.28192442197
20.3782736549
0.0571975419796
2.54147622502
32.6642216956
19.7722010296
22.4901838954
18.2989582406
60.4677975962
32.6958951299
2.09688218613
1.02846913672
5.82339192073
12.526150271
7.6661478843
5.97072868042
5.9464239336
11.2959499224
13.2348004342
0.314261739032
1.8597359773
11.3746500685
33.8868152137
10.9613829221
1.84559265227
16.2819565934
3.13759165117
8.53208623949
10.627432231
6.84829372855
0.0743984678931
27.6418141989
0.802941914528
16.4519406974
7.63047727088
11.8474773327
19.6399449273
31.7175813563
4.11513090285
18.9158057901
0.00607374115439
42.7079596697
42.9607238761
43.8398596909
15.1943159863
3.32745247231
6.30963460085
22.1984991775
12.5030658221
14.3878497019
19.1150956434
20.0758190275
15.8669203611
7.91968262668
1.78444264666
39.4716545253
0.082734682767
6.87784850379
2.15289562302
7.21366172369
20.9033491558
25.6979427001
0.77554507871
1.97925592419
6.08706277835
12.9450490697
9.9711120881
10.1845681559
8.28562499156
32.5834129436
3.04959537125
0.36561062168
15.1516247615
10.3003695808
63.6056916277
10.9140032425
5.99923336002
5.71684462382
3.70307073941
2.6369069055
2.54176982177
11.2738063694
18.9340259522
18.9776228165
3.50150009759
0.78043655403
23.9290138322
5.28055694581
23.9476894031
12.8148705782
22.6518481709
8.81026887003
12.6742370433
7.43351319564
2.73759718691
39.309159182
14.0589385403
6.9745305962
19.0013820853
5.57685953025
25.5472778249
14.2538643961
27.7025922832
24.6982203622
10.5474553021
1.09772077049
5.93859253589
1.73019845927
4.79289138811
2.20137115295
22.2567640895
21.113382134
32.4781943423
60.5041086012
1.72355291157
1.72268598537
14.7385410044
16.4087540822
1.65148878401
10.2489004519
2.68543032148
6.05014697008
5.40976561264
27.5255855893
1.28129668684
104.546736502
6.59401389847
19.7192585548
21.4617256712
3.0637791942
2.99190535473
6.43774734812
0.423420416007
1.13293753835
20.1096090376
12.5985649714
9.23670819161
2.32658501734
27.4749821264
14.2673021925
1.51177536002
40.2129342888
11.9332825924
5.52215221753
8.23540370563
4.45786332839
11.6587613817
36.4265532992
0.853864903238
10.0255565299
42.0133721084
3.03980538312
1.44521945038
9.81473895396
6.42671207593
11.754813259
1.76242959749
38.6524335824
8.22408811877
3.98048801081
2.08230738975
27.6177256869
12.8841998915
6.13026579057
21.4260585821
17.6728305363
7.75899780879
7.21156822715
4.76738330907
1.72695279364
27.3154250225
68.5094490033
5.07084754073
30.5177931991
43.6119956686
20.1418804811
4.07319538731
10.5651283655
12.3465910234
69.6086451954
11.9179636053
2.82508231429
0.417595622633
1.85932756993
14.8349385001
19.1527788077
0.286563228502
36.4433820219
34.1833934561
10.5135272672
4.24985045776
2.95859222397
2.29211769313
2.16734293488
12.7650013659
34.0556223774
18.2251578007
2.58562634983
8.58994792175
20.0107688557
9.67372711909
9.66951504503
21.8056152615
20.6765116513
5.14708697533
19.7271975545
8.97853752468
0.404910857124
31.1662544695
50.2469071583
0.165412208971
5.24116317372
30.4515283214
23.0871278945
54.2966205147
16.519957067
