33.8120857107
30.6707032698
7.3311027475
6.21124076891
2.84261800453
1.52803347394
3.75107960645
3.71199040474
35.4503244425
25.6402550931
4.98730860137
14.4937310871
7.77556650304
23.415159001
11.0231670233
8.1650795767
10.7523984011
30.720751507
13.009233191
10.8014517266
27.2881121732
19.5381970635
0.0756250484438
4.15800599494
9.14934808853
9.36429936316
2.45028279116
1.89695568341
15.3723136023
6.62668278347
25.4892574263
7.36692148155
0.172139618355
2.82647114261
24.558220298
2.37251181261
3.17747859744
1.58118252213
11.0579735469
11.7355225369
26.2247072406
8.10366592877
16.6182800797
1.03013325533
0.0358872534673
22.0729878802
36.9891676953
15.0781635153
12.6166960927
5.62586525319
2.72883650391
1.02914009901
12.774267403
7.74674351477
17.5182268818
11.5158899037
10.8441117114
2.7228540239
5.60970981526
2.08186231432
1.34480789416
1.79129501117
26.0560798513
85.2031051142
23.7722492396
27.9615530002
13.8985099033
25.9000937786
20.644449431
12.1634667782
3.56264603686
6.42096297509
21.8925127161
3.23081431291
4.88389908744
35.7280767302
4.98436794435
2.09791981874
51.3008331432
12.596018996
21.4633650685
6.84116580793
18.6970925627
11.279777023
18.1837462771
1.31575279995
16.8112450703
29.1012562204
15.9661159998
34.415329829
8.52335997876
18.4577176046
0.761051954987
3.3689382213
12.1770480401
8.59178645531
10.9407560862
2.3180211571
0.932731969664
20.4219559542
16.7805602809
17.3163511865
25.5321695724
1.76786766995
1.88597124518
47.7172002576
28.7408845801
16.1996851313
14.0377940405
39.4012670141
32.0937291921
1.13203871139
21.3349214036
12.8913068776
36.8875261063
14.2926643822
36.1586561106
6.33159583427
18.0909400565
1.64084790565
10.8209200316
3.41715347464
15.3279858305
6.74924418888
15.7939961464
4.19073851801
11.5347921665
12.8614933574
12.7198125584
53.8664590072
39.425398261
29.9514210606
8.04476816061
7.35698549885
1.24397456108
25.4060431366
1.17270944366
1.7549425625
12.6209865561
13.4763079196
5.33239942856
0.950004071116
11.1508544354
8.29777226349
12.0813835172
2.52429580546
13.4605940934
12.8748913328
46.7949351734
14.4517030484
10.033436581
15.7828474854
11.7129696851
13.5785970883
47.4732191008
2.62572035246
14.1986005913
8.15923401597
12.903719632
3.07129401565
9.5929852076
6.43375692524
17.5061668687
16.064670329
14.2304795942
7.29433588956
32.1155069259
3.08277029219
17.7347728616
43.6274590897
0.915246927024
81.7720826875
34.2828891695
12.2710062622
39.0227807466
10.4458313429
7.1705745987
13.7863756185
6.55292953136
13.7916519462
3.00336479687
3.19113215021
29.3613056251
4.28830204722
2.38509678857
2.49647059537
7.99652323628
0.377612363534
15.8928810307
2.66028043164
2.76514640302
0.431598979268
15.9390561408
14.1919808981
16.1911836922
22.9545207538
8.41829574914
2.57250721982
12.4716524366
21.9344629408
10.8082603623
13.4580471974
1.56270498699
38.8325312465
17.8654307875
13.7971006786
1.95726007164
9.25483413578
64.0356893336
18.9203395908
32.5886700095
20.3398123772
5.03542723255
47.2670222689
28.896786718
19.4263069903
3.94001725646
0.163770638915
21.9274763138
8.22440806056
9.07190048147
31.5546478254
3.50652354792
19.8952583315
19.0310621864
14.3923913358
7.37963965735
64.5399886047
4.56834284535
8.79278925892
12.7771099699
19.9428229441
0.638700885583
17.39738767
6.3869052827
9.03066976244
12.7986892994
29.7061007108
19.4068428689
4.5188412145
4.61169341744
13.4122329613
48.1796914913
6.53171091209
8.4520516718
0.316125686982
21.3100295894
32.016583915
9.05231089448
9.60365990153
6.74992534527
11.7300994434
36.8809562993
8.07068818355
1.27817056864
31.1208879163
25.3652267259
10.89943842
9.76659155477
27.4404888254
1.44490342037
13.2831473858
12.1907837511
5.37374097292
17.3015974109
32.5661984007
41.9644719998
18.079385147
6.16093060855
4.42325150443
15.4357852487
82.1084332414
12.4894344343
4.15993272962
11.4122136598
9.52704582097
12.9470642475
24.927518013
9.28001727834
11.271108978
13.1095200927
16.1461824205
11.3112229779
1.4263645417
9.29598370605
0.520187280366
12.6642765068
21.6868657822
24.4474520064
7.45816127988
20.2091326318
12.0573230637
19.5070836884
6.31956155881
24.6689736914
18.1647281793
21.8591554988
39.504753903
5.61125695664
12.1993774811
