16.7019371163
17.134940564
3.19020682489
22.2207599308
4.70437059396
4.569525216
15.36351868
0.158949945433
31.0696934493
5.86290301547
40.3229331597
4.7952536489
34.5633659848
4.94442931057
14.9107005964
1.0432207345
11.3235062111
16.2917636188
7.39699819281
25.7049257851
11.1006730472
21.5987966217
13.1922455161
18.9312727467
39.5723232401
10.9712959771
26.8083979773
57.1055631782
2.01998298607
1.54162104344
2.58172273219
41.7688496828
8.7888335414
23.1921947666
5.80219472033
12.4377570871
37.9823400528
61.0385137759
28.3965344092
12.9228994808
1.98162296771
13.4024489022
1.35365366868
2.83649910885
10.1617934915
16.924230821
1.54412475455
11.5958283121
9.29073558256
0.338789958283
25.0676974156
0.173175228012
1.67641854282
27.3342292517
8.72249774324
6.17865281132
9.12710345037
12.0259513439
27.1207447989
18.9290503629
19.1115045948
4.84381811392
6.79435886061
31.5236177609
4.30523861083
3.12052496935
0.512085996542
14.6665759472
16.2178921525
26.236597749
1.10986097846
7.90083643855
7.28042865876
24.7841068508
15.7208146918
5.78894206641
7.71647930162
6.37304592672
21.1021403114
4.31758334181
20.2858966512
3.82235826173
13.6919092219
20.1759676775
17.8416408556
39.3259104024
39.3736850231
0.423938014271
19.3267887348
21.6612035258
3.43360468041
24.7602843136
1.50166012829
3.52158085507
10.4764853877
16.3885599941
11.6189582476
9.8195105269
29.5299505108
2.99076740458
8.09740374103
6.62157517601
39.1685024585
17.7194167152
10.3389410052
32.0184069677
18.6708467264
18.4064800517
62.6096875089
15.6085383522
17.1674905414
13.2014134498
15.1710603714
9.37881500913
10.0460181382
15.4270101284
1.88915149674
8.44509411159
52.812046558
2.49397935209
4.51911442648
44.8613071978
4.33218701447
16.2269179835
9.44800263515
6.38067326148
12.4550359734
18.1285368514
4.84294838734
4.335330756
0.384519326016
21.7406227146
29.8402460274
8.57237317148
12.4589601673
9.66844695287
28.4386447296
20.1370131115
0.0532796461959
16.9665993459
39.5657843793
12.3510314414
2.93678683873
17.1588797022
22.6116432725
9.54676112859
36.3131514401
22.7791995929
2.83555917989
19.4162598849
12.6363305948
28.0773041196
0.7313976554
27.2252357109
0.0144865741747
10.1908374912
18.3351286849
18.4282558374
27.6863240199
6.90174852192
5.79375675045
50.7227773715
30.7391576975
36.363169597
14.4081038731
24.3325023971
4.43957348433
1.55551437065
29.0484998525
5.79145245303
14.1918725896
17.4828235552
29.8438366272
11.0915335302
14.36000788
24.4547748925
17.1176247926
40.4845323607
15.0050426244
16.8802558832
18.9305285894
16.8441586156
3.0733109137
18.5669835502
14.2711133563
3.01796391348
7.58824728684
11.4136863365
4.15263502847
11.4857405837
38.7011765681
1.00015599783
26.38083992
12.4332718013
4.34467850005
13.3888294324
0.358509966093
1.86063829704
13.1668084623
28.920618942
19.6269366935
24.7882871712
10.2644858513
5.31947377593
35.7006656605
8.45326893269
6.22594768181
2.39373938797
24.5071874327
5.69198787038
11.9925768544
22.2990922563
33.2471272993
1.8299461272
0.371926239236
5.73997155805
27.507819786
30.9890690042
1.39706975058
21.1708446472
47.2348686133
5.26943037764
14.4640359382
5.28140611037
7.31795891566
6.87423333259
43.6417485119
13.6668194918
3.65873544506
3.69447972115
39.4269464967
0.338575956942
3.71900087712
11.1028725961
5.8608513277
7.39816077016
16.5961236448
19.0891776954
17.6453398046
1.24678071365
8.51116959003
11.9005223958
9.04065896103
5.11697418523
3.65755923921
9.46815717367
3.817449278
2.46705384618
8.14205673901
12.0015351308
2.62780905691
3.14978681252
3.91917474693
4.77587595226
2.0680059895
37.0712506688
10.4517640829
8.94772535793
55.1473537107
11.9798564562
3.81556856657
2.76862461018
28.0438026488
6.95657287223
34.884037498
6.02424825375
48.9391399266
0.15988166585
12.2635270864
32.7205466515
1.71490441031
62.2575311416
0.0860950856998
3.99116136241
6.4752442188
40.3575794305
15.0466778201
1.08386180638
6.1797150159
47.9994771626
61.1287557497
3.43879277834
3.28258522953
7.30078155725
12.7390948744
4.40591461201
17.6678068325
9.57946622843
55.6435241621
4.53661287073
1.56071732251
14.8393106634
16.0535009621
1.42373859481
9.16182036606
31.5187926574
0.174569155896
10.9885145567
21.9059761983
3.32319348876
