8.18741154521
4.52850968314
3.00975297982
32.5797259638
8.58185367734
13.0950458077
8.48813792868
3.15227480985
6.92372780569
28.0227701127
3.57849706862
7.19619223459
5.24707208051
120.502966776
14.3398917783
20.9373768782
17.9940631403
20.9517188537
8.5951746769
14.7544990009
1.47515756203
15.5320712512
20.3125780956
19.0510423906
7.76395420056
6.77165399201
0.328045675963
42.946773209
1.53728534893
37.6646044655
6.37524033189
23.6248405077
1.94262973652
4.9000277396
6.01846007565
6.55928888886
7.95761795508
23.060721987
0.462128553879
4.05655411964
13.5065216125
40.4263087293
4.88234278028
8.72306686092
2.74491986631
10.7775534158
19.2327489255
20.822781803
16.6215617487
14.9429179256
2.97538149404
9.69133666216
31.8071817419
6.51204608454
4.5702990551
18.8213071474
7.25119815585
34.9168856899
16.2000437733
16.1262014013
0.437124987394
21.5565569032
13.025840375
7.69472539357
5.94160230716
49.0886107245
40.7992420784
32.2685350814
1.43988605296
5.89999732585
10.4367052222
0.776241720638
12.9916119543
3.82952319706
0.991344999749
26.0225935186
17.4538753954
18.0556449558
26.1353018646
32.2885952053
21.7066166727
16.1503093156
8.18472103779
0.969783422574
6.80985466243
20.9207768343
51.2851156006
7.82498488291
20.6753355776
3.08062263484
10.2606277736
16.866142205
9.11978934949
30.9691373559
4.77446870126
1.06075470897
39.2219962935
8.13755447683
5.47458056248
10.8282803885
12.1721174473
12.1415351754
29.8248029612
15.1893083081
15.0958731684
1.16034271692
42.8348883417
12.6533580836
4.02835709255
1.22347910908
6.91457553298
2.80403969534
10.1594816321
30.8583834033
26.5641777184
10.6572174132
3.21880785062
2.2178146648
9.67791197107
8.02974676267
31.490361237
44.8223384645
18.0792389536
40.8766389546
38.3822646843
21.6408905839
16.5466594657
4.30224082388
9.74657677653
4.04550771574
15.4730062058
0.314742384936
19.7547486172
7.3824357485
13.9865670199
18.0131575744
1.71097677326
25.2296510974
4.52196950853
0.146995391154
10.8933405891
4.42245213855
20.5585090454
10.5026330013
1.61840750543
12.8865115217
47.5450738881
2.19918133894
0.511949931776
31.0047554926
0.0455023501626
38.4332137994
19.4642037992
3.47855664706
19.2609795401
32.5550279417
11.0184705532
28.6509029883
46.8151778231
10.345330732
17.0367241887
7.20659969395
18.2692752815
28.0486781753
4.76241432152
22.9209935528
7.78242932629
1.49229859673
15.9833988708
19.0285017781
4.73346993077
2.23879191502
25.765083168
15.9873849479
10.1872008983
7.00813111197
2.50755377563
3.45840793507
17.7557143441
3.80421084981
2.41898056678
22.2990773372
0.247818955297
53.6696344573
4.91620217322
2.68222810268
9.42304464521
0.976776218791
2.98778501877
8.23158279673
6.66365243531
0.0643886656437
9.26839151525
44.5548708876
10.9661013635
6.26064848314
1.35487248327
2.5810594114
7.5200880236
12.5241203053
9.78873165351
16.0227661349
3.68874954164
24.3377747002
43.9357416397
33.3120807182
4.21937376804
3.72301498357
0.76670579747
5.07694452734
4.64416640019
17.3468465685
8.53860722175
3.72543121852
7.25317096208
16.7573287501
4.67594050122
3.34259493159
7.00629608178
20.417478793
10.8565642245
25.4529677687
17.2443939487
35.8792089159
13.6595577105
1.67131761687
1.53691360207
0.350109353206
6.81958524195
19.8861892435
6.19949138333
3.08250619499
19.0523534497
5.73430715974
14.1228021712
3.03113967655
5.91713988688
32.7676067199
32.6881265189
1.76035301814
8.28344940325
0.384720575121
1.80870164245
7.28529561939
33.2616307394
0.358257702376
5.68380696088
25.6904925005
0.730585364929
8.96371052879
5.23843072305
11.8318088141
12.805609555
10.3394621821
4.88104072004
10.5178331122
45.8174347911
27.8261790174
6.39329609281
7.07128698412
0.276341073946
24.8574589068
35.8595101543
10.1909228634
19.6008272041
0.603612796183
1.30550138866
2.00631241655
15.9022833466
14.9571774268
7.52956438055
0.220906517023
12.1361835363
4.27712249307
7.1491294778
43.2558920853
50.0613538892
6.59296456108
23.8177754419
8.14462307302
5.59192087666
15.8508939638
4.4706202695
18.149634817
10.1089841311
3.83327035125
19.2101003059
6.29126751664
10.3610740237
17.7857387117
1.79414260458
0.8406344345
9.51701196296
16.9676868689
1.48804917243
18.9661940491
1.99549162753
25.2737999335
6.67528273723
2.7820826559
