14.6638423072
23.3411580012
6.69957274506
70.2580725393
9.95923181789
7.03886265429
0.663279273229
6.52371328477
14.7064655325
5.2996483041
35.8338224561
20.4250974844
7.91756363827
0.137905526269
2.37863726873
30.7750066997
41.8252361079
19.7381217574
6.18776518509
5.34513853212
1.95158203873
2.87257387524
19.4054282899
19.1758899055
11.2359969903
21.331527868
2.5749357271
2.26744891321
19.0180465325
79.3832121824
28.9614885958
56.6162590691
23.7273604163
24.4610299096
31.0997563602
2.44394528133
7.95896434653
0.822341305113
0.929369218133
6.26665003265
4.69957499145
4.65473796925
7.58778618669
15.9458662474
0.640103006594
29.2109114196
7.18946585593
2.56541733133
17.5737144422
9.44710454598
18.8390191563
21.0067522115
61.6182284219
53.43564279
60.3417009552
4.83302376272
8.11685969543
36.4060857728
16.617854312
0.434604898268
4.95255763421
13.1265617517
0.771564477524
16.203433161
4.16044000653
6.50405939131
13.9593474823
8.87968484059
10.9115879805
24.8339602806
0.628881505534
19.3786025081
7.89776012168
69.4074002641
3.62120569225
5.36666084945
2.54512167677
8.95794455141
17.4025878559
10.7608882391
2.08484727432
1.69956099943
9.29917660428
4.47755914332
1.37566723197
7.75191646899
4.43778151262
16.6988685099
9.06084396003
49.6920072526
8.89980156094
22.3042530807
24.0328400554
22.8424609278
1.71855560838
42.2562771402
9.71937434957
14.0831906355
4.10345600653
20.2032527845
21.1009232741
0.939142270271
3.72761761976
14.0075011036
1.68920111744
0.524557088842
3.92214888385
3.41902243866
79.6919283276
7.30998257866
37.0766244526
2.65402037754
18.4005673607
4.67176023321
8.85648829889
27.9563583009
19.9854800562
4.81488114579
16.4098871072
33.7529098996
10.8837146818
19.6197450001
17.7863349292
0.272615635518
2.83076042261
5.54651345784
14.6423614672
3.41410414372
23.928877195
8.22736465862
17.9975510208
21.6897182522
0.458060887625
12.1968524209
6.39586437375
31.4382441414
9.63163858467
3.69411540926
3.71074017685
11.2210738888
0.212061137764
3.86186720753
14.6423713909
7.96356986337
1.33900847094
34.5307528131
10.795013057
5.54807087585
19.6447558082
4.46010994001
27.9165572397
38.1069078799
9.03757969398
58.1021816575
0.171318419569
18.7969658183
31.3732623548
8.58100779516
27.920312584
11.0727377508
10.9414032351
11.3612313177
0.441962851168
8.40306935329
17.0984979809
15.2379173056
1.358777915
7.91020537603
44.0662502614
60.7617218437
1.2012379743
0.561775406909
1.86816388219
2.04437781028
26.9064645251
0.0103314558672
21.6691542987
6.21848657458
4.54666497487
13.2228719412
8.47318802975
8.66492436564
43.1676340922
3.59676497351
26.1482173945
23.1220393051
2.9803878447
1.90060899491
2.50274270579
20.6804811811
16.0836550624
21.5543591134
7.10903117636
1.17439512095
23.251230606
10.281126225
21.4293501729
1.42914952923
1.48384460046
11.6312594644
16.5476694607
33.7373653708
60.5374954913
3.03711971403
0.896649575431
20.831165021
5.63985060196
51.876249075
0.998242613507
2.79468561342
12.6434200168
16.8698606718
1.26656502849
40.4918469389
54.4026365163
41.0654622423
7.9816251029
4.55930838362
10.0084478386
10.7641878675
23.7987159501
14.1199792884
10.9090414777
0.177776993644
9.92178677834
4.24101567406
22.7436052803
29.1503567789
9.82264354066
9.42939167318
13.4128943107
9.24023209298
2.94381036146
20.2412987741
19.6472793222
7.74022422944
55.7805144041
5.89452544971
5.96072702989
18.1621527246
23.1731750264
16.4103171112
11.0820296831
7.5102310355
5.91139149583
28.5388091867
15.274970455
5.72135233367
2.28132225329
68.6226503488
4.45943728412
12.7880476575
3.85216081299
4.09406705749
0.432433997971
2.50248906789
8.20670669951
15.5108120219
5.52735163342
5.65857942758
1.48992238981
1.28921771736
24.2280871238
20.7362108582
12.3733290555
27.9276721673
0.620467591064
5.43312331048
4.04954966656
0.794226075581
13.2532630968
2.5844717951
21.3242180307
21.6438716162
7.22194489182
16.5116800056
66.7657827867
45.4989434847
39.9241039122
20.8851667092
21.2118780003
4.5358075079
2.26118739482
1.31999771595
2.482635306
20.7986247132
6.81093485069
9.95194521047
12.0732039264
34.5960216019
7.52800845639
6.15185510443
19.9530533339
23.2564616752
30.6433969984
50.9748072693
15.4858878721
6.92437971862
22.4830062312
23.9288859091
