10.7098200662
43.6631470555
21.244231348
6.35638037899
11.4042717854
9.78517764736
4.34676018207
18.0682447011
0.966925989555
7.31992274563
26.1858026067
85.9081672826
8.56425727377
2.01964296165
10.7123028056
1.88629413435
5.8837922095
1.32490178012
14.7813697324
7.37389359454
28.5155422448
29.0965671823
6.4831157611
19.4851314036
14.7761317494
14.3839559096
2.23597598996
14.7382987529
4.97748600831
8.30404991747
9.37763000442
31.0459240165
2.64720829483
5.63040204312
20.8292231972
12.5196463865
8.1293118676
18.3226741395
16.857165405
14.4899338979
15.9671149239
10.0347127818
5.28736809884
1.35190439489
19.3556380606
0.258867203733
10.3292925676
11.6992830072
47.3253264173
14.0582585177
23.4913404711
5.99345357404
1.3561120066
14.9817383682
18.8855482638
14.1806671979
26.2739252362
14.6546911252
16.6139709917
21.1230996187
31.9643466264
60.8791428649
3.95889808638
11.2202916243
7.14957980025
0.0929908597507
30.2467594334
15.5538759124
15.1836688164
2.46957539218
65.257036392
13.3204479792
8.12985034682
16.5249048311
11.7999940737
9.41786295379
24.517014819
11.0016069244
20.788422846
36.7421653692
10.4667498727
0.380414276334
15.0756548609
48.9409393547
24.2868753319
14.8620396866
16.0519969323
14.9441107978
12.9989195077
22.7965810996
0.833327118392
14.8721980771
8.97241259804
22.3528133932
13.4975733252
2.77943180591
18.018839657
10.6450454309
24.6435302195
47.7425574379
33.3212988999
7.330728738
23.4584485467
7.64319328469
9.70808979332
34.142111981
15.833192141
8.43071181818
0.665863232842
22.8538144432
20.8395905948
5.53557144131
4.17593915716
13.3673717628
8.86361205905
6.57072647437
0.762217922485
8.24451090318
14.7911243204
40.2864248361
17.4716091467
11.0549490233
11.06693008
1.04169185505
3.18990659004
70.3176314077
4.25875333575
46.6968681205
21.7705282021
6.91915721995
6.44005445147
9.04514460641
30.468023966
2.7403165972
37.4473324098
25.1924034245
9.1169360778
32.7175085344
60.2973029404
8.31903788411
1.17612250329
8.1317724572
3.79242254299
9.58368158906
8.10271515226
2.64859953074
5.26883462289
2.13681186387
3.31534992616
42.7420789921
16.7938489776
15.8094324607
24.5306455475
9.90074151406
4.08787540619
17.2758242335
3.50946654697
13.79369172
14.049856118
1.38828036564
37.6368285024
9.38940437332
14.7964375819
21.17137678
2.04577729042
0.970201088253
1.87889114596
3.76288573753
29.1662207252
16.9069492602
2.76825970507
2.91063068167
35.9905391596
51.9704349265
1.70207208499
3.33180272733
12.4923340845
15.4932177957
6.47598533637
5.95695514786
26.9398112393
0.244732696771
5.91910113043
8.84985760077
11.6138148753
25.4488040417
4.34664004291
20.1114519314
3.13220630921
8.70395444301
6.44455738968
2.22108995007
0.390335765875
72.5920803307
1.26957487457
16.2499974903
1.16212816427
25.5513953755
0.170432773423
3.47336047398
0.455406011052
3.11299539605
10.1797505287
11.1170386273
3.99834844944
1.85617251491
8.97022985039
6.02742912697
19.2554233508
0.970027845554
22.6163014805
21.9336723542
12.7401175206
18.1405475892
18.820821932
26.1619971441
15.0183579134
0.969962844447
23.7718184107
38.1712442211
10.1625295357
2.7802896542
10.7463065852
20.0287731543
0.775739319118
20.068019599
5.59361712787
20.91414324
5.90992663526
6.58510588499
0.397600117527
6.08892581515
37.2470528067
0.97520800089
14.8148166793
4.53676664436
37.8521089126
49.9752758428
46.1669652617
3.39383468147
0.139843683351
34.9066444806
10.3149233293
2.57798052931
16.094475939
22.989297177
26.0025966892
31.3205155687
13.7489448878
8.71418976769
4.77850669902
14.3288231566
57.5536804961
32.3123291376
10.8594966164
0.811997815348
13.0436105433
13.9367660935
8.03392059112
24.5510146597
2.49710710117
0.104423232399
45.8356733777
8.21977983696
17.6063111461
15.1927664066
11.5544549158
48.4840728708
4.39424680241
14.1268649027
21.470946634
4.68478824788
12.8439077654
3.98671833204
15.7913468322
64.9041263561
2.7456303236
23.3851683755
3.76004803437
19.2059153512
41.2214673962
8.43303443153
21.4013374743
23.0000554719
1.76410913274
59.8176486681
9.80178676181
0.953831540171
22.1405523633
12.5670781796
3.33280423016
3.22075548698
24.9626189014
2.89417749098
7.64300921196
2.13399265949
1.75933349448
18.0852504936
11.6222811675
3.15804840129
