3.5662450964
24.030833987
26.6911519354
7.11452479757
16.2826338726
27.741817238
24.8704797759
0.884455849624
2.20548040935
8.01543409703
5.41056760852
8.35035108223
37.5435045284
10.4065284069
7.15918552107
6.33848459799
9.22259206989
3.7527462214
0.829778119748
8.61739966878
0.0562488351781
6.8313710441
57.1935800877
9.08838320478
5.54823303612
6.89756244063
25.9593774145
3.32062106255
14.5482982557
7.41211063405
19.9937109347
4.83257417216
22.2723700811
0.421831205745
8.21924792005
0.230207997659
23.924892178
1.60518038073
20.0270456357
7.83718994133
0.946502402251
38.3031695906
14.411711267
14.0416974039
1.24783043373
44.9536768908
12.5119252837
7.42531591963
12.7347010326
29.1339895409
6.9519405888
26.5219762344
3.71335479099
5.16416673929
13.4719266837
1.23314553975
1.99147286415
2.46511322019
3.97195993218
17.9206926838
17.011290827
0.787987858437
1.61599392797
37.3671817803
4.6920389173
1.00294283188
10.7563252358
4.81310244688
15.4200506558
7.07558790001
35.2815374689
36.2339630104
7.29970098439
2.15537039529
13.6877003089
26.744241488
44.040579799
14.5749724603
6.74446589177
0.281693442059
4.07741526928
4.16441452258
7.33923873425
3.06609533894
24.8303754051
17.5926934241
11.9233124418
3.84763188746
24.9690021418
10.3103888237
2.99782185806
2.42925121222
15.5673315637
4.68331987011
17.0747921514
9.78491311681
36.4966676985
8.85159811421
39.6754274484
10.5607426267
2.79603917357
24.5283883946
2.19075875575
10.3127455471
5.76595793704
12.6920088614
24.3697838396
5.36607988177
11.2761258144
2.61608641911
8.95124917716
2.78295942766
29.315909159
11.1696182214
5.29336683377
9.35958834245
30.8947026413
15.0147140816
1.45246473505
9.65137328371
2.36315856079
12.7410548998
1.67471879139
37.638327454
3.25851301567
0.0113271661137
37.0449550505
3.546430822
4.89252909149
9.64206596102
82.2271987913
11.9438169392
6.84762800795
6.24756053587
1.18309834754
7.21805277644
0.264315953643
15.2534062063
0.742926789947
5.4638544078
37.761947754
45.427330261
14.4776822018
13.429724311
23.5216427908
14.6271624869
2.87073927657
1.60801827494
2.5817706374
23.48837616
24.9053618017
7.01906854311
0.608345657642
20.8652041676
7.46872136528
5.94051278732
15.2513042315
9.27955064257
56.8908506357
12.8222283774
4.48843612356
0.792224470092
59.6053740931
8.9732997034
8.94849455061
1.08602409804
31.1617172037
9.68446742013
17.096067641
7.19024393043
1.64146469113
10.5304670301
10.8534716384
9.34866370657
1.19509320362
13.1374998722
14.3549377249
26.4318830834
11.04049073
1.92830923893
89.1900515686
2.12681367575
13.0283927449
3.29898473311
28.7513985232
5.49853342351
3.23198109623
11.0900460407
5.4628763326
20.3287242176
25.8946004371
109.710711102
36.8806425044
0.209004858817
7.64711170263
18.1905203815
0.192132499142
23.7060712245
37.8045171597
7.73279124961
32.1229983254
0.778371097318
12.7802345121
0.7338102442
107.869916069
1.87939037054
11.0504655888
19.6855126533
18.4973535488
18.3043084899
1.10214178451
8.71935903567
17.9602957665
15.1249864767
0.377568233848
35.0848518052
5.56815085931
15.454505042
8.31332687318
56.9270896054
14.6871417457
1.8415187808
7.08521229551
31.185319351
4.44273342332
4.76684950696
12.8870821607
2.93610706423
21.1113854621
2.62879611286
8.14331817473
12.1383306397
10.4542358045
19.0158870933
8.02724178388
14.8779616661
7.59827808041
25.3174220646
18.8853312815
3.63300439641
9.96134626556
37.4599500902
2.78358651686
98.4213646706
2.26089877
31.3256813116
15.9687356376
9.69827550862
10.9217826223
1.3833786894
2.38285626021
18.1782384215
9.65181156046
13.1965679619
0.554678939139
27.9845780904
9.44882156671
21.438295026
22.76010894
28.8934233878
39.8553383224
20.6274490345
10.5608411902
13.6055027543
12.06007307
4.61749761401
25.4457296151
2.9032918541
23.881946009
12.2241777133
17.7121136289
1.08305818763
6.38406477826
11.171947322
5.79399849356
12.7790339776
8.17419910394
9.59647029992
13.7075556238
37.9345210874
24.86064902
1.75475816696
35.0359012297
23.1318280018
17.8903852637
30.6308641852
23.3254330365
6.03337588045
3.52146726438
24.5989963228
14.9603766132
17.6275050575
47.2579331337
8.10852251801
3.18542857565
13.3894698211
3.42847365387
0.749018378821
9.759900891
0.775419496757
