6.54827716874
4.43999802321
3.05002207956
6.92870904951
9.25377140385
7.55632040092
20.1460426899
1.00407910351
7.12365943783
12.2315087179
14.9359867811
54.0033046046
2.78341181932
17.8965989178
1.32251616812
8.44612066417
5.16141108812
3.88018635585
2.38223754333
17.1354095321
9.26422004979
35.4803623947
3.32137206007
32.8994424941
41.3961207515
15.7040179566
32.3978195984
2.23851558209
9.45307287757
10.2502877365
8.84824281752
1.2566510412
23.8728424718
7.44617681916
9.13888801211
25.2151808425
39.1611100577
10.6143905432
14.4396520174
34.7032650096
29.3408625735
4.8774010765
12.2195045121
9.52550056847
31.4908731174
14.2457667929
14.6694611541
33.4218306625
0.436600473227
4.09560751129
6.51716430624
19.6549399271
3.31035620331
1.73233138623
42.7399899037
5.22281013843
21.6127616856
9.26867693678
28.8705413896
27.7140531204
6.8333795607
11.037298267
1.61122373471
41.586430664
3.43949776985
8.31824680912
1.64697619699
0.825397510685
12.6453401614
2.58398363719
5.52376555899
0.295870928594
37.0492177849
0.86392897754
0.536590513069
11.9722105134
19.2677568473
3.83278524702
28.3173049194
19.2736761409
4.69545563441
10.3770989904
28.8313498736
23.7476512217
13.649476339
32.7670205381
7.0922661315
16.8687758827
0.920935254724
4.81196716838
32.0237196733
10.1848057225
30.8263337679
47.9401057943
12.3939933143
24.4338669484
2.23187572225
2.84288690336
1.24518453406
16.0984798669
64.2442998631
3.54079344265
8.07252696188
36.066726414
13.3190415164
14.1885134153
5.02653243541
12.9071303481
30.6706800552
7.06389965875
9.27147603572
26.3084114441
20.6752858369
0.831664074845
30.8289215313
2.412385122
11.3893881939
1.34215363284
0.787797956109
6.85629146688
23.7662346484
12.3878563647
31.5847471953
7.76683954115
14.5717603153
1.43809929839
0.782497732503
20.9657723972
27.926250729
21.3413423359
5.39032072117
18.9237461013
2.2459840686
24.2317555562
0.0981234052873
3.94793449255
2.31901608693
36.0625112839
45.1696847986
14.871167446
15.6006760642
1.13632166009
7.9744725273
0.0444255250681
0.608737259961
32.9809033649
9.97537750007
0.929855696947
9.70744698558
13.1741006115
24.1200708986
9.63985752764
35.4365185317
8.20578747252
18.5027960984
48.6390570102
15.0228569584
6.01653919273
12.2028060617
8.64927777118
10.7012617887
1.52234289552
6.2882717102
4.39722516902
3.8461371156
7.49624991228
38.114833474
2.30466143806
38.9480673183
22.2540171784
36.8308109219
5.68909243527
29.318869366
5.03156180818
8.22443623446
6.27398124848
14.1089343036
2.26310518874
4.1971912321
11.6217623674
23.6801193807
37.811356133
4.05751107902
0.450472225455
12.7997330101
11.3401799887
51.5128261718
17.0279280054
19.1495067204
3.76290172915
6.45286560612
30.1788931523
4.85332775382
7.41256252733
29.3937553688
4.70436566661
11.7537618297
8.36477769075
0.0449405551002
13.3059271233
69.3658947843
17.2465308987
22.9515596546
11.2215078156
7.502682841
12.1111571672
7.16836258677
15.1789329512
23.0535461809
9.4324742543
0.962784547576
7.5770768505
11.3045723566
9.91457933911
26.208617982
29.7251523508
12.5897529977
30.8240098655
5.50024993314
27.685322056
6.89920221814
15.231829277
22.7295180113
8.42209238671
24.7935695374
1.32651525023
14.8457970225
0.194507505544
28.0141715529
2.9375848267
1.37685869552
14.0883746998
4.20780329746
9.89002987389
2.73242958357
16.7023729948
16.871338415
40.2398874528
4.69194216979
11.1371748507
7.93642249209
63.6006641749
20.2331417752
4.29608385438
2.99889361083
27.3111745775
28.9899888048
61.0958178353
2.04596010396
5.22596033616
16.6774259571
0.321060833068
1.94436394904
0.0518053418496
9.2944691099
8.86668490009
5.24717428072
0.240338915139
25.1494343786
12.4507079318
26.9517043389
35.4600159235
8.84424299806
3.4580931677
18.7516295362
4.60197649489
44.8226394727
20.4266038707
35.5038649304
0.962986485357
18.7296370804
1.9518116221
9.61754872848
7.8130212471
2.57387331893
32.8167987723
21.7261095428
32.1486143438
25.771248032
13.7693663721
4.89872870686
16.8837523323
33.603658788
15.3964123592
3.90988693197
4.05814114207
7.30284245788
24.6657558329
1.05978578884
0.909047910823
10.4157329026
1.39912034526
4.17339020663
7.98489831133
23.0946587512
1.68672542311
8.75145146099
10.8898175621
3.67730403443
11.6703352938
