7.68276379502
10.5573580012
4.67742397391
0.783230310952
3.7988992834
18.988764355
6.46153263681
7.53143773228
26.8225976737
11.0950410355
13.3289233878
3.48068637099
0.146199921354
0.343178597549
5.93485947749
24.5726645326
6.37605336779
3.60374541655
11.4155193465
33.437542164
5.0679214249
1.75373005133
11.7361356219
8.12201036433
3.43504869928
5.80027686744
30.0978940032
19.9621233315
0.0646749631789
7.1844802264
5.06457213228
30.9958605012
0.359264649298
17.1604830451
26.8286431412
43.8889126712
3.30099272593
31.58244861
5.93370173813
78.96827105
20.0354873438
7.63697054853
22.6825711973
8.21854130846
8.69681586397
14.641302549
1.1674873975
27.3048391231
6.97883783582
26.3186115309
33.2128389105
1.5721421142
7.18520478613
21.3128055806
11.4266250514
16.2834343246
0.436656846063
2.02983647635
41.7923236597
12.3908821459
11.8882950709
12.8500072718
3.20350190343
1.2819183074
1.26265398329
6.16670003992
15.2057395929
0.633772547557
19.4299337965
6.18369866456
1.51433678326
2.50178262407
3.71693148873
0.155676281823
0.0329893973462
35.1262461583
7.47927162001
2.18762393337
22.9278960616
41.8104887932
19.3774615759
34.6587872443
9.79611423552
5.14056033211
9.45714857143
15.7508834296
31.6865774056
4.70390951527
12.0388522184
7.38698456789
10.7896190244
24.2402308308
27.0974610093
6.49467975334
3.50863014357
14.4327503781
5.33084568006
33.536638556
4.55938636656
36.1835662586
10.7282592395
1.23072218317
20.415100253
15.0440817924
5.21299965252
28.7252355632
19.4848895835
4.28530646746
30.6794342778
21.3717731835
6.09539175233
11.1924460571
5.15190069378
0.991215699857
10.7394660276
28.5558428826
21.7559110978
40.4099333353
8.09205433528
9.96015543124
8.68359517381
10.2922963095
48.3396501264
14.5927406036
28.2357870069
25.066718735
11.6953623033
31.6158257527
21.1322943902
22.1031314514
10.2410523422
9.44535323869
13.9471204587
13.9915310319
9.12499020124
0.364538975173
10.5710026513
10.9783639181
3.17199840581
2.07778586212
16.5062693719
3.94876226513
4.06827141552
35.6784667296
18.5772710844
12.1591580036
11.4996312285
30.0826998114
6.3266366347
25.2105344204
21.2649637472
2.66567818454
5.41149514858
11.0443538291
5.44512919805
0.0348714320485
3.15010693144
15.219003985
9.59809024453
1.98137292655
4.39286196756
7.75192154392
12.4975800548
22.8837255833
3.42125599827
48.1388996242
32.1977327223
3.10812969462
2.54063596932
4.64706557841
6.02647948474
3.97634685735
13.6811101212
0.292030561028
24.047989581
24.6788687593
20.7399780684
9.63418867045
9.11677854219
3.77188069812
13.5154726395
0.264223524096
1.53790866523
5.98078273057
11.7595355773
9.67902173857
17.3862818797
11.1679314298
13.6553769237
19.8120434464
17.3481487576
23.8612926102
20.498502141
17.5212036343
1.78772038599
16.0556702474
19.715944078
11.9515142323
3.14832853889
25.5216094416
1.54863250193
40.6849185203
1.12831430333
4.36983758106
71.3657462139
36.6447616382
0.831582529497
7.01321501149
7.03420588768
10.9812641572
7.72691218642
35.8534950449
18.3634905472
5.37137898135
5.01473584965
31.2498890985
5.5410693057
10.7473936879
5.22326695935
21.8483435463
3.04352673153
28.302381431
22.9761720574
0.55919826617
16.3285611694
5.75335982242
12.2611010501
7.05719158651
10.2690240491
12.0786050745
3.85700829223
16.7415256978
18.9976067823
22.98357397
10.4167585111
30.3668692018
15.5023806821
1.18992414471
8.19123563242
9.67457079107
10.1960368023
0.471867255226
2.04686336998
36.8294381294
4.16670352573
0.758602052342
2.04949332542
34.7642152559
5.84483192167
24.1058935689
53.1007293149
1.73171048994
45.2978870402
49.376614274
17.2277230753
18.9582080603
18.1326662231
37.7018847255
1.8491647119
8.35728004357
5.433445017
0.548128245857
20.5936082739
0.729175864457
18.582256365
49.0727469908
3.04575115682
18.844676334
4.43904687136
0.544029084227
17.0424123348
7.64554860667
4.71024017167
19.6919151027
24.2123329905
23.6634400061
24.1071937436
2.5594799767
4.32388773217
3.1028124746
10.8131240937
3.63980598866
12.6157491353
13.6823054838
4.3758291345
11.9518705261
2.02384495967
14.1450250349
8.86468575399
46.2683990623
16.0574735412
40.2715210084
15.6674405459
17.477499874
5.29732539864
10.3749369803
4.34124566982
9.79654115916
35.3601112949
2.65901645633
