2.83151923218
1.69590107351
3.558512137
1.98982374171
11.960966451
1.73545568779
53.286775321
9.87237835412
0.64581058086
3.88022611758
14.6970304636
1.29816941799
14.8317792239
9.14302876772
2.06344221105
6.63012373535
1.81850616252
2.45326022626
2.49051334877
10.0561387029
4.32736664104
8.77460764096
0.77340278627
5.16944852231
8.87208025432
5.99016089177
12.9501405463
0.326117799359
12.2225527082
24.9519458406
25.8362956386
17.927470233
25.5158392578
3.17483601416
5.44545070589
4.31164000361
27.1283780355
22.5013716446
15.6552891791
2.06375325062
23.3955887565
47.1874634264
1.45324982384
16.7612418907
18.6175427217
6.98342769974
8.59279012638
24.1449149862
18.5539071183
8.87629997181
11.3998255169
21.6598396715
3.08541943012
42.9111830934
11.2884285075
11.0938728721
10.5409654465
3.88061809858
10.6651409276
34.6218201507
9.31380502468
24.9761129692
1.18459000012
17.4021869448
5.93248919571
1.04550790091
0.173401568717
0.566784710414
0.426364093135
0.532167438368
0.106146524012
9.07461987654
26.6848038916
2.08460683006
19.650420296
10.7529993052
24.8212325515
2.89856985488
7.35011629263
37.1606577214
7.20762396467
2.29427165105
5.49422866842
6.78434229489
6.87793057346
3.37877105717
16.1154885892
15.8053107968
3.07869640853
0.759037461978
23.4884466614
17.2832145327
9.08761742957
6.367962118
26.2767487837
19.8047643534
1.5482366154
48.0194477759
2.19266054052
25.4172080863
5.12162977099
12.7550428943
41.9444615515
20.5300307848
2.89445554407
2.8016252274
1.01615368061
13.7223279794
40.013004311
2.00599323212
3.41449166031
2.92105415619
1.45602478257
17.8448586802
17.7263559049
7.84521458822
25.1628808779
3.83299714702
19.8114411707
2.62308374863
6.62296239439
24.0161909413
13.0643925576
37.9657321682
30.6891706384
6.36274978249
16.6780192235
27.1432578465
5.85538801887
4.38339649613
26.3548565758
32.0370740016
1.94086248552
33.2379719608
35.9920820203
11.6202316354
16.2299653315
1.17763571537
27.5692766088
15.8543608626
9.01716618958
1.12945188788
24.2334014609
4.46510811996
7.31066728578
4.07900844577
29.7546011802
6.96061107004
0.803265517152
4.00810442001
0.274201872949
16.4968866122
10.7916886481
20.9013013686
16.8462655605
20.127226918
46.4430746831
15.5983880647
4.15233620776
1.18776919463
21.8511588206
6.45666781628
4.47785474248
21.7671995526
2.02480784604
5.215733705
23.9445542776
3.6328843762
19.4602275494
3.26499168178
27.9112726635
52.2137604756
0.776035819901
10.8738150078
12.917541994
23.7086825614
24.0675890404
5.37479780729
5.94966301195
30.0422489031
37.8474248149
37.4627636192
24.5768978247
21.2784526726
0.0789409222392
13.1178082846
62.6403697706
21.5809278159
17.9825308827
11.6877816906
24.6721012193
9.42132807255
19.9666235223
20.4048488165
0.382806979649
11.7578997899
6.98537073756
0.442122327691
10.4562599364
0.387692142956
16.4302132694
6.9787627566
35.881276416
33.4478090883
7.11671745768
1.73544586116
1.72574400664
2.28243189713
19.1365521114
46.710816826
28.6272743347
12.7923865793
11.3991035696
16.1568058674
33.1307663221
17.8697766715
4.00217196053
11.7772939029
3.87208779508
7.93182531455
0.219986831678
9.67449534345
34.1973273509
0.109662134512
31.3046582692
6.70130457828
11.3023779645
10.4030893813
4.21602698166
74.9790779182
2.67483792909
3.32952211124
9.6338643109
20.6513801413
2.63982084098
32.7909072572
13.7191663795
7.69809093392
0.675997013152
1.81981798176
42.0656415971
10.9685561324
9.93662022223
79.5494218428
0.135906639688
6.72101314973
16.2471034006
15.7969697084
10.6266035863
5.48524936978
6.32325756777
8.95707146059
22.3623765928
2.320344115
74.0840941722
10.1058630439
18.7997781996
6.247131216
4.24297074769
0.784048868571
11.0443733956
58.8607759604
6.0183724495
13.61917319
5.07880050357
20.628958176
50.2719758479
2.9701403675
21.9703337294
12.1562252864
19.9664968921
9.58757939225
11.8311612821
1.19790576017
40.6749964536
61.1035725523
0.721100134247
28.3717438485
22.7309972077
9.10539864583
1.87265380112
3.73230537074
21.1788365008
39.0954305563
11.2931138361
1.70813575249
17.7135513579
8.34114341602
13.8978480212
6.11596936301
6.77189099003
5.35152798264
10.8530329227
10.0567232576
5.86183865206
3.28590647084
34.6614953836
3.43355907477
43.5888996876
23.5928361179
