1.18430664961
0.68976481045
3.35099200768
4.01233923043
6.44328421143
15.3679553678
3.41129997732
13.3041949036
30.7731206613
11.3847030658
14.3777874617
17.1833506114
20.1933766288
13.7210112414
29.0266513833
1.20162876418
19.2195990833
22.3245359019
20.4853261362
17.988825961
5.13377529504
0.136681423651
0.184780658923
6.87839613718
14.1136500549
9.84965347111
7.03690433826
9.36575429819
2.19437714698
0.274699414169
3.73655169163
10.5454336947
12.2721359441
11.4081496969
25.1766369635
22.9055478652
28.160941062
16.5993094418
2.45121519625
18.5595824697
10.6439987017
61.1028496959
59.6358713616
33.2584645045
20.1708293909
3.23831704016
14.6788063059
20.6797549579
21.0257227182
17.3590628665
13.1858766141
32.1914237216
0.582530695713
1.85020989474
2.1232177552
1.248584233
3.13487681577
9.77536749688
13.3777030397
4.87857644029
26.442663145
30.1064172197
6.35789702522
14.9939906168
15.862938358
21.5068322246
27.8046478249
10.649723129
4.91455798711
0.142378500125
24.5179351439
9.91235461339
16.726238845
29.1850170958
3.34663635857
17.53778337
6.79772871444
5.09497697805
7.07436606575
2.77976311276
28.0859946707
22.5822379678
23.3222512354
22.0942827516
8.76267532677
6.53402476746
6.13893762798
1.94421841826
11.2259498134
5.04692676429
12.0543390795
19.5503636155
18.296922077
3.47017498598
6.14684254278
1.64073896561
5.26555851725
23.4953171157
23.9122283373
0.722939410477
50.2433343271
1.41157417393
0.867227996948
26.1259328907
0.84120461726
8.13275664685
2.2507308102
18.4049698129
31.9028259471
13.6989482643
4.84119631311
7.89506539266
19.7478167998
3.48349618858
4.60995947508
4.37235051958
37.0295799549
8.64726222756
18.1888208305
17.9096589159
17.7949981261
7.79592956749
0.317378241105
8.96353727941
1.38359820074
11.5220666492
17.8210272209
25.3391993866
1.63435924203
2.40607128426
13.673300545
10.8443298447
22.5216055563
7.43761818554
9.43645262382
96.5631759328
4.02900583008
6.45417133663
9.2226876066
28.8521449547
16.2309770018
11.1393467938
26.9185591848
3.86845586265
16.6094424726
0.712477461885
45.3802653783
2.45995561503
11.4176680138
17.3244941114
12.2795399301
2.47920021488
16.0913137184
13.7751983986
37.5656011988
16.2163671992
21.9472675039
11.897738662
1.10103413159
56.258812154
19.8470390888
9.890885103
14.1996702294
3.99248094981
4.56996566389
7.52646836637
3.20014641966
3.60734475412
4.25504162028
36.0373890384
22.2050305269
9.78678177928
8.17830816964
37.0630059589
30.2153638434
13.3588803324
5.60656209125
12.5217187588
4.08015399412
1.29669938802
2.35424347433
11.9586797887
8.76192301006
36.4344577988
10.4963278742
4.55032099712
1.5914458866
6.73303291239
44.0383783588
4.14512827433
0.746724671928
3.57783058677
20.1319201852
2.6274645215
22.8351575188
7.28208926182
3.24164582123
29.1590929617
2.2641500809
3.52351917195
2.56586362045
0.33018600369
4.55949160674
0.292654197464
8.69946092102
13.985499947
7.17696691943
0.729541476906
27.9405506837
18.6190843278
17.5959304174
17.6599622961
15.6863535944
0.197423862434
17.990767756
7.50179923935
11.7671292165
68.6184495591
0.63753109725
53.9029817078
10.0385603397
17.3512977625
24.1459017057
14.0833224199
0.015666435532
39.7653277837
5.00401307201
24.0842956144
7.66841448804
3.23990426669
0.822944251243
33.7212973277
13.7761453406
72.4577615189
14.6175241008
29.2929156724
8.54847288015
14.2585141146
3.92181524661
9.18322016776
9.19824052866
9.61499231654
20.8191447929
18.6398445241
52.5118345537
6.61934538764
20.6790437053
3.33125640975
12.5252486319
5.30429478523
0.498131675098
3.04415041229
33.7874378821
9.75343652226
5.11626933193
13.7411525087
21.548417949
15.6049003709
27.2950960563
8.39963177582
22.0122737363
10.6356083971
21.2100356852
14.66232356
31.6556171719
4.10538558423
3.60373983552
6.5339958389
4.6031871196
2.65417473544
6.82692973625
14.801580445
1.36159616457
37.4322946123
24.1513687369
1.12488986143
0.687484608086
18.6003634228
7.44698438165
21.3989720794
0.631640972318
46.7078484858
2.07428925428
21.3804387613
2.81458004964
1.27706220265
17.0611062534
25.4117417379
3.99476235283
6.3924773802
0.564375777995
21.2915563219
51.9113658563
33.5484925571
6.26806291632
5.17498833809
39.7411070353
10.7249257446
20.5986250508
6.57218701502
