16.4999912108
16.0200901249
10.9545438071
6.51368523971
1.73818776846
5.62818977142
12.2554334982
4.19444892328
25.1291921148
10.4531271531
8.7946458097
23.9524023601
1.74714722173
8.47364764744
1.95191699064
23.2027062447
5.35525704884
30.2398499434
21.987734274
18.2991014659
12.4358558068
29.8612801086
0.764800591194
1.07446566736
6.41535626208
2.59861290951
6.98449985333
4.33841752191
36.8920571653
24.8204800752
17.6772173419
9.6908994605
20.4813024618
2.96037642525
3.11126889477
16.7147344146
4.64196655565
2.43891853107
4.44206687385
5.07279235082
3.18073427664
28.8320816152
5.69627369172
2.96059167708
27.7714590051
7.31589004556
9.96157155193
2.94387355885
0.770997847585
24.6183005884
0.762094570298
3.8923612703
1.00898638564
3.98115756765
20.5556773826
0.273494851814
18.2901756067
2.82288293517
23.3992175213
3.1413870406
11.1879349416
15.763308249
5.76461682616
2.51230997311
40.0051565605
41.9058544871
9.50377995442
34.9371603287
0.597242456249
13.0779128893
20.7017527015
16.8083992804
4.61505731943
3.34207387129
10.2290987432
3.65217961039
5.57219631606
5.23746069338
3.44322964988
21.210518371
33.6253019286
19.4348150734
27.4754646429
2.57088183699
9.06153578169
17.047521624
6.14837337854
1.70708604514
9.64015947351
8.38903396226
22.8598024692
6.71359193933
14.1123558434
19.398905933
19.9303697415
0.435301565044
8.58575296875
13.1466294131
3.35955076381
0.222210738126
5.19610474545
16.212548587
16.7840607504
15.2776832962
34.8551118813
2.89979047483
41.4049419284
10.6328084027
32.72656934
25.1144177824
2.48438126834
54.6305564533
0.513106537749
32.8073032967
2.73762537692
20.911937833
0.39197607935
3.21319261708
22.7442588208
2.97170836152
12.8103459107
6.25389776687
1.25777170684
2.08373017348
3.92972129984
16.1224408442
2.70903887259
22.7672753831
20.0576892107
8.48957576007
5.02383384558
2.65218958408
17.5732554815
31.4425756402
8.3010690509
95.0448640565
1.29069470389
8.56262325712
19.3763091316
4.78021706629
15.79484543
3.96835040825
3.81177134287
3.74588852162
1.50180091527
21.1678423317
7.91150047262
9.54656954022
1.97630104711
19.6326491438
39.6013120869
18.8061194754
13.6075652514
72.1264989575
25.727817406
1.07012592994
13.5937293408
13.1551234387
6.34671065155
2.41823389459
8.09391733088
24.9736931426
4.62457374207
35.0228712914
6.77971392257
32.2487436703
14.2474148503
19.0994402601
33.8354957014
3.30114587422
1.38482478512
41.0929872119
59.9908790558
14.0071758963
3.55392848077
40.1940825817
16.86256987
18.1620841909
12.42600796
6.95266645663
30.649975481
1.16011427204
4.3559837563
2.63835578376
16.7538189605
22.4833365351
22.0563717397
2.02478642196
48.3298834584
1.37956840919
1.01967880007
23.7209018766
4.24716401292
13.3929632032
15.7703436051
6.27856861599
45.8496538225
7.90446100648
1.46877677612
6.42656660162
38.1395450159
3.42978817877
11.0026836293
42.942830862
28.4045187544
11.2949883953
26.1804493626
39.2551702982
4.74141052859
3.8858816143
8.62836300923
0.037120617075
2.7224912107
2.61250900406
18.1398393723
71.1464693039
17.9505822537
5.13693933496
21.7309579875
7.30092177369
10.3798290855
0.514653736628
18.2028297417
7.64862885347
3.84717326037
10.9253355337
13.5311781866
3.1030762879
13.7934204533
3.71715603864
1.70299464085
39.6077512845
25.1944743185
10.9245446004
1.05349907407
12.2288809067
0.0953270121261
1.73202487746
1.50336262375
24.8472699733
19.6502724501
18.5763577164
23.1435171483
4.36909191665
3.97438557414
29.8742405499
13.3044065601
24.392984313
24.9559954933
14.310983426
15.3620522096
19.0167249329
3.75445230075
29.218879329
21.376864877
2.99069206408
3.4228021442
27.8429381458
73.1199292546
21.4975847042
19.6468584782
8.03634249293
20.0593154415
24.5894057617
22.9689091506
1.47606921499
16.8709956251
21.4308607096
6.25055228824
28.9530173196
17.7001929721
22.731788305
41.288324267
5.74290922279
14.1381636675
57.5891217616
42.4179008867
7.88263277364
10.5737153891
14.4549196257
7.38844322612
6.78415251707
0.380623537424
35.4069778641
3.37243499802
30.0885615167
10.6734839628
3.04265176454
4.60065926049
12.2970156533
28.7038592183
6.21693613024
11.2960531539
3.70113340778
7.79461371478
41.4170755098
20.7487300275
11.1142762659
10.5909097792
0.126071379319
