17.4025372996
2.42898358023
17.3315516087
3.40501228312
0.0839844339027
3.30360571128
16.7268600602
12.6971537914
11.8709442305
16.5872281982
20.0720807283
12.9576521078
0.77539028402
9.65452848671
5.11359398201
24.0019322345
1.76661642121
4.3798569125
29.8869351143
0.298582238132
1.88570346111
9.50167288169
0.151811992417
6.03979681001
24.7721385701
11.735836353
0.873056582577
13.4630167284
25.4439267535
2.76201964726
51.4165123092
3.26749713385
9.83400380313
2.47506969536
12.4607749376
4.08833405153
1.89917641133
8.07083082663
13.8260092609
7.06370299623
12.3549483838
29.0722489415
6.81911621544
25.1878800531
31.4659349189
0.958652107403
38.8024465497
60.3695279258
2.06006993515
20.2135795159
0.329136899043
2.18856140834
0.631545518177
5.43443733863
11.6710802647
4.46241681937
50.8608193059
0.565833634871
16.3952810943
0.178354035033
0.677958425691
2.75093087224
10.5543114209
0.823975737347
16.8205141978
0.264699134967
0.69338536245
2.72283217484
4.10065146582
4.80615489535
5.88115769626
15.2442342046
13.1850357769
12.1466558891
9.13677989319
1.28173612843
4.36627419474
1.0255203718
18.7173625581
13.1539958201
19.897283352
13.1962838831
2.81500543031
8.88509714115
1.16568743127
9.82612589703
3.52038772513
7.42790513583
33.5453803625
14.3325297863
0.640813052052
7.98874199599
44.8934934087
9.30996424676
20.232407734
10.7651561424
19.9882532564
9.17852893865
0.475993199924
3.95420254442
0.538972731665
10.9403452777
1.24135120879
21.8592416824
7.72503934086
20.0919368455
44.7445320527
46.4437021497
24.1540666709
8.18496608204
2.6641984207
3.94812853264
11.3633482668
13.0035439889
12.1818112931
7.47228712299
1.97603183293
3.27161377873
3.34192514219
0.156161378086
6.71065772011
6.24232133557
17.8825975896
15.2073149253
1.80500290055
9.20043817344
9.05840535962
17.5555906149
10.8821407016
14.3316175223
19.6602776819
6.60305550351
21.3038247612
8.20116241264
2.97470590567
7.90953586002
10.1860274852
10.5384664182
2.368549794
36.3426326681
40.4985055133
27.0276307934
10.7010267675
19.1467832887
24.4006085595
2.39292462478
25.3927327387
6.82125231342
6.56855313088
5.48167725506
10.1254237396
22.5098137299
18.4187087444
10.4788444899
8.9177464845
5.06463697088
5.72409645154
57.9875708428
93.0488150436
37.3398344789
57.1123655457
6.31938125332
5.80619072669
17.4423132609
19.7127806172
9.85007112512
13.514715474
5.30650546717
4.33997155063
2.46513825207
25.9219500105
4.2407459647
13.2146363878
55.6581949502
1.88484466656
0.9459828438
5.75965402955
5.10723891612
7.12811017431
2.46398546706
0.781358421712
14.4753827527
32.4307260719
24.1607809509
1.45781291766
2.46406281157
1.41955998755
11.8076165967
4.50600409112
8.80262646855
2.10553403543
0.709473388534
3.14556037548
35.7866659547
4.05844473262
26.5512697277
23.7916096135
8.22010305362
7.14925764241
61.3864337546
31.1232089705
12.6644923177
51.5513839008
50.7752024973
76.8333428325
1.48596390128
27.1707397157
15.2191104425
50.8459311896
22.9129328537
2.5095278473
3.0583735093
4.09099268513
9.12545747308
17.9265139251
8.96536685252
2.66653859235
30.2369151208
1.41209142795
8.46874835294
12.8593275158
37.0797233262
10.108606398
4.91912039496
4.42423962258
0.0825603264785
8.78851592891
0.708258383805
14.1147299232
0.22525768702
23.3511040468
13.356665336
29.4793520675
3.40565390729
6.70777646814
0.270804160073
27.7923341888
6.90825787444
12.5205334003
7.6821693308
15.8791787631
8.70018900275
1.39666899688
20.6845404144
43.5882295458
12.850505328
26.2343063937
7.84592193477
9.32438905242
6.5355266323
38.5115504681
31.3990405233
38.6611364516
1.89200017093
4.53623121628
2.61196745246
0.189431041694
1.58941834976
11.8565463094
0.723231856689
33.1048714921
11.0258746292
9.95932987405
8.88272993088
2.4661742595
0.923520931602
15.411620918
22.7804450921
51.6387295646
1.85978858859
17.2393502927
1.93674159055
14.1316036364
21.4655517371
10.0434485626
20.3421622704
0.760493551717
35.6496654522
3.40967957038
6.9654624544
20.6063864517
9.65358528297
4.11650823732
27.6359901496
1.09022789123
3.47661025802
1.54726857849
29.5365585983
3.10020856845
104.221416549
17.2329783713
8.50583732068
16.2265743157
0.849628462678
8.17267103594
7.25900114493
0.765738484298
2.6176818203
63.9502132314
9.85593366177
