19.2357040914
14.9977529091
0.254824512548
1.05049963934
16.4671530658
42.557174183
0.214316565743
23.6957197882
1.48875954799
5.06667104836
8.08903982573
14.4648806716
8.71208659366
4.80962080584
4.69677527956
31.2226726682
0.503240965381
6.16063962033
8.99755078586
36.9465454637
47.681496232
24.3968120868
27.577861172
5.73538442421
21.7427069275
10.276122446
36.9504049879
8.21477810209
24.636340216
16.1773269622
8.40580620339
17.1116112962
1.46903562917
3.49032090516
1.55823462021
23.5426865007
1.57641254083
8.02991236341
13.0331223805
2.74153486571
58.3520600582
20.2551888248
3.48779136642
18.2916585482
8.09683324083
31.8625555336
4.01037376688
9.94662772917
2.50207741465
2.69124947564
7.60075608226
3.20139537302
19.3141113981
1.80643247652
5.50175275562
19.993571929
46.1778357756
4.47226329996
20.5710669558
2.09638764688
15.4731298907
0.0421455339985
16.8583996824
7.36861902113
2.50151926277
5.0273188646
14.137953864
6.77729411871
25.7779711035
2.69940385178
22.9108355954
9.61889578995
50.0144370417
7.86001464365
5.69817880795
26.5039342764
13.9952141753
10.2024435327
0.396538957067
14.2066521017
3.37221523672
16.8688444305
8.04266210372
0.110121373596
13.011952993
23.2480497771
8.38288682893
10.8336846751
7.56311081334
20.3756823346
33.6367922356
27.1376797608
4.20561812982
10.6330562315
21.9686843569
17.1779284632
1.44304115382
17.9136043753
5.74549341529
11.1794309292
20.2686734954
0.178914817939
5.73603939151
56.3917761386
4.88417861227
82.967783467
18.252178196
6.57961212493
6.2581330829
8.26406216539
22.3766007627
2.92506391271
10.2765858743
7.23375051807
13.0212528887
48.221539325
14.6474607329
3.4729546979
14.0793086395
0.452681410347
3.21277922509
3.16471616001
39.6672197699
22.301335237
92.8678208196
4.84911706819
7.0674043955
0.662206006023
4.09902445856
2.92618922852
4.84734150097
2.78847509117
0.713543898184
3.98864482472
3.97968215152
1.99521781261
6.5883279446
15.8657052971
10.7436026911
11.219996135
2.54299097377
13.6041657182
8.06827471533
6.24795620149
13.9934988185
2.06424806494
19.7555519091
0.566723007543
8.46511588905
30.0186329679
3.9362657131
15.5225645295
0.227879409508
41.4114279592
90.2390016422
40.3801512909
6.09940710819
27.6745003406
36.9720303471
7.93710872311
55.365734681
36.3790520596
3.44353826392
8.35358409682
38.7096239936
12.6581360512
1.80103911094
3.43848682055
2.38097844162
15.6761474303
6.39712264117
0.703773632364
14.016416829
48.9034269594
19.4869800853
7.80639676568
7.0889865119
23.8257622272
4.95244622595
3.97737520872
2.44773915975
13.8099497949
1.58156965491
51.0505495531
8.31680076178
43.4472892044
8.95531398401
27.5297916758
22.651813603
20.8875534357
12.0052105237
4.09274678716
18.805232316
7.25773532049
40.9476106668
45.7742224314
30.6972508762
4.17826975775
12.1653977005
5.95461464824
8.81681434868
7.19464766174
6.10392414596
6.39644196083
9.68059999733
3.30810434552
3.48849229909
3.73886056489
6.8074917353
3.83378681814
14.8357615628
8.40794842502
13.7315468495
10.4470152968
36.6357356675
23.0650174685
11.5240540168
0.360989578894
3.12243755193
64.8160704782
5.47328914999
12.0376953606
41.3451687518
4.00986962497
4.31944734803
11.8355111202
12.4253228867
17.0086581806
8.02776530771
48.4736043904
22.4123136006
6.01826668078
4.58747998051
2.83579393447
3.46952926546
32.4122760381
6.44778133955
9.83457192235
23.9435982493
12.5001399132
5.47079519777
1.21963785316
4.6929836555
8.52928195533
3.2955347067
0.836438894446
11.8542975336
0.928238216579
5.40909707293
6.17756528475
5.69496718308
0.384297999726
15.7503111489
9.80127082026
14.0388325181
10.6889770307
12.0637493193
49.0267519156
2.25820886538
9.69908374067
26.898137695
0.35085644044
14.0495847343
19.4163641216
7.9844807959
24.8511677626
7.96874966005
4.3966339968
62.2836543942
39.393759904
17.5166362652
25.7618404002
53.4458814315
9.74582113943
7.10548623463
19.8859003471
11.5136694206
1.38821702202
2.56899960647
0.00618942252366
3.33589123984
3.49079861492
16.1040614947
5.12397083998
16.3069807078
43.0616213992
31.4522843351
6.88021767991
41.407490415
5.79081467358
1.21996629224
25.6025062862
4.8860479774
18.4834320557
16.7341252332
5.85625996558
45.1124994328
14.4407166062
91.5859066271
32.7001660105
