0.514252510802
10.808813783
41.9510055705
5.75997143126
5.11512437441
21.0215698366
0.828570380588
1.00336301129
16.0217196385
33.7139159918
1.71025089099
59.9115989058
14.9684134325
2.14754509165
2.24943904671
4.13131001605
65.8724812683
6.13367045056
3.26378776394
14.356175895
9.92873692289
14.4470025146
1.61621012385
0.72458069274
9.1088110626
5.56277040139
2.03750216064
29.5968943951
7.42127083497
11.9677387863
71.2104053747
5.37521854085
15.2976861138
0.257104785671
1.45206386026
25.4838575296
72.0001438521
7.89558344028
0.73802197619
30.5896823362
22.5486678495
24.3122137222
30.7581645575
8.85859337701
65.4937265967
20.00043662
13.7294451086
2.11459761839
2.82167298626
20.6988035662
3.65430492967
3.01301640631
24.3551172733
9.65516860123
9.43426746206
9.6576843478
17.9099118935
0.481384014909
11.7161023434
47.0375566331
4.44051548195
6.43150035791
45.2318436774
20.6385343363
0.339826193974
18.4004104295
63.0225291931
84.4574788594
8.21349273321
0.376508874908
2.12145600908
6.35190822947
37.3624866775
8.30494265658
4.87082811433
27.5949746285
8.60166686979
2.6531528202
12.9429679552
1.36788181644
0.45435147499
69.4921251434
23.766716262
0.626437597982
35.5359405264
35.7088915848
5.62945226043
31.9052314095
33.9148727772
33.7457953313
11.718193013
77.9167702449
7.8936422622
0.358587550745
19.0872923498
2.07516937779
41.2146508314
4.51904983359
9.1845189923
9.56678327599
22.7833651309
15.9511864492
29.6630208195
11.6489807429
8.82278027121
12.730608
40.7527551589
43.631729303
4.56432695545
35.9920781804
12.0856857138
1.76050271937
8.24928719745
15.3248770087
26.6578822795
9.69897014791
15.7719316777
34.781633553
30.4371857373
9.54751334882
51.8757750261
1.81544833769
22.2522275431
13.8686297354
34.1575348694
10.737238539
4.5610145313
42.5761823875
2.71333620667
11.5633203565
0.834202425565
1.84056485981
7.42710580382
7.35810431967
2.73138199734
15.8274976299
5.89710910487
11.8059043641
5.283483426
1.854927587
61.3936360693
41.1797916394
9.81111556126
20.7059971921
18.6008788033
7.84931207109
5.51585460463
1.81360303314
13.6673253705
7.38946539618
70.9092761346
27.2122854248
3.29314910679
30.5742763769
17.2304271428
12.3380202799
9.03590588718
18.678833664
8.13145335982
0.0724093455811
39.8110181883
5.10893874021
8.86230821184
10.2046944554
8.53748026604
4.34479256089
8.08289403316
45.7011032863
3.03790583349
31.5781341182
8.27655702473
15.2007361989
5.51561420299
13.6783829086
11.2860143491
28.3895002279
5.50800608108
0.22305381322
3.15704315161
4.90467834536
6.60411540025
14.5280963062
16.7096581325
3.61018547917
3.38980485773
11.9411647326
17.6316482164
53.8289019355
8.64698288206
12.9536425434
0.137186426731
0.893892354089
6.36463254044
2.75379822899
8.06294257354
24.0917795258
15.9286555934
14.9550949999
19.8017885191
18.7260485438
0.864556194095
17.5448639868
3.61881266035
2.31343535228
6.78693090727
3.21665702263
2.05807566153
6.64280354042
14.6249145767
0.126736838367
4.40501946973
24.5041811458
25.2287974777
14.7057299303
4.19665618386
35.693084269
7.19495090838
47.0835608013
1.841588194
37.1538564403
13.2097250424
9.51445808675
30.4269659629
20.4837217421
62.2762184064
8.96779274238
15.1692244188
35.6645113752
13.2623251046
8.57845441917
1.84766955831
9.81483206216
1.15705273197
42.4472431373
13.8443444419
19.2968212848
22.5415356453
8.5424448179
1.10638074449
2.6708657094
26.1350017189
2.7738751418
18.5650459022
0.448856285906
24.7402864886
14.3095193621
12.0708180771
8.69409082284
8.82297874223
30.0242580981
5.78585646444
3.6297000339
4.70396752831
2.13176100793
9.08244794824
25.9647081119
6.32509881102
5.66050396825
18.8331561192
67.299380922
17.1257262796
36.0391341595
23.1725669206
0.483102116121
12.4173402083
10.9668506804
14.3108145474
26.751220129
1.98498315115
10.280069004
9.3000275351
16.3267298996
4.50716769058
4.55671459118
20.3822799312
14.2410139091
4.28317879127
8.07748874219
10.6935182143
8.00970960235
3.12298228561
11.1170328552
6.73887527356
5.46221025711
0.0936615165906
48.5695429108
43.3419933907
0.246980052009
42.5527197508
11.894035663
0.0307447251002
9.12224626914
4.93888195763
2.75795241482
9.43724619612
2.44714247977
32.2863605657
9.93428800285
2.07538039156
8.60999234602
