7.86745058613
6.73504439271
0.0086025045083
7.69561817223
6.30452996223
2.25946491027
5.71535883877
56.6788944039
8.56851825425
7.42416185693
8.04143563047
2.55998543013
3.74734901213
12.4194075014
23.036670077
2.44806357566
0.562607570917
3.21894323628
36.1144408528
4.18537733172
22.6554747654
10.8936659292
12.7200895505
13.8921514639
12.3418106688
8.04488424752
23.3332360577
24.0542359984
13.8723837786
12.7437526153
47.7763991223
5.97664877749
31.0868141562
24.7861187691
15.3668769913
27.0549222339
18.5025818491
13.3673660348
1.10395064808
1.04447507769
18.2780731777
7.11395775025
13.4731300574
1.27259883583
27.599834276
35.3824400962
9.04480941012
2.69087027266
42.9382058344
24.9557412121
24.1055645795
9.41618594158
4.56799044345
0.854379480128
33.9594825964
2.23209795065
41.4456882478
18.4117244884
1.83899221576
1.1770367031
26.2383916213
19.3580491857
6.99823628367
1.10303134896
6.92809006008
4.51637116727
17.2047216633
13.4528294119
3.24810273095
3.7213181025
18.2838328592
17.9769151311
28.6673590753
6.63889644999
19.8420354982
28.5564585684
3.05456460303
3.24588537942
2.66910964214
1.04079281149
0.356847435595
4.89329027813
1.51543588599
10.1897781393
4.82773322418
37.1400835989
19.0340907773
10.1801792094
2.69700021335
21.7571582542
11.7419252398
19.5211661114
27.1074061016
12.8995032597
22.3524814826
6.0345919626
5.50309568572
25.1250908426
7.53807900103
26.2812423947
1.15949161255
7.98988409226
27.5296412037
3.51746777717
45.2826355274
1.08546378352
5.15618084741
10.6380132905
14.1786239834
3.78262142827
0.696517957224
37.9449562178
83.0387216005
21.7110396603
22.3766993289
4.9767489534
8.77635552261
1.99702974691
7.94663185691
25.7499951391
13.1109084686
58.7189507653
41.0301784925
43.4498253739
7.52569825491
20.4992951902
20.1540836767
18.7590364813
1.75695633656
11.6786495637
8.98379904039
3.36574784597
4.92429116793
8.51875849904
67.8472577997
30.6159830882
2.34256437525
61.4641022978
29.681497265
22.9844432169
1.1477418299
42.0868186626
26.8496272985
11.3501395648
43.271450135
25.3584037502
20.5646537863
0.171018871797
0.70056884066
11.7014731594
4.81363108938
13.120698715
5.81372690467
22.4501560582
0.29384372273
15.5836794587
2.28102019813
8.25031422573
10.4525086364
0.302259456424
8.05631153079
16.260720931
9.2431635951
9.93188829489
7.21342997524
8.41184554799
0.418233694913
19.8224366515
8.722479857
9.14260972041
2.88466866753
47.2910097511
2.21110701353
12.0380514835
10.9712892268
24.3151206361
93.4969199143
26.5133654897
4.58457373692
6.47891641641
1.00386704857
45.4125419012
3.45999400098
4.59231546635
6.78406410953
15.7518580029
5.98752211754
9.81313826426
2.24147610752
12.748476538
5.5725869679
2.50446973588
19.1617757264
1.07969726462
33.5391048515
5.04146440642
5.25053806704
23.770365659
10.802695018
10.8566237493
7.11477849668
35.0358580793
10.4324133347
34.6450974757
3.11085479474
2.12762897202
24.2488223508
59.7425631121
21.0751930543
10.2159858548
16.6657238852
4.57598373096
52.6256102024
5.33181160474
6.75557128946
4.54639232682
10.9662768997
7.62135200507
9.10959950339
23.7825151375
0.0519262978878
1.30964980142
8.91521952387
4.81444753667
27.6750149768
12.1800520302
18.439110194
11.8559276981
6.74631735014
7.5470738226
3.80613190574
17.1005588715
22.7574337582
10.7135576757
5.45286101139
35.7839689758
33.9810172831
33.955545447
8.04651925767
18.5974260096
8.38177477018
16.3826895417
18.475243265
1.41016909462
9.85443190872
14.4553682048
18.0034716975
24.0024275552
4.65787441521
5.50692116108
6.16131949999
2.34122996692
15.3463172716
26.655106723
0.398091610565
20.1408010469
2.36435035361
20.3101985901
23.5011582517
18.9489484385
23.1912920963
5.86778878462
35.418029066
16.7366449036
26.1250604262
0.615851861881
43.7300442483
3.34266551535
5.08075404724
7.84599290902
15.1203003417
19.8636753431
4.72171724992
8.33299719884
14.527125759
20.1460877872
14.6481686215
5.18704932736
34.3258894111
24.1616540087
12.1350238303
1.73683596144
12.5825569741
19.9101833741
11.496453775
30.6283071955
1.12286945229
42.1399613046
4.71401498133
0.757362039247
24.4111427398
13.5996030361
19.830489795
28.2490025223
19.6568888172
17.2167356973
5.17245988783
5.76397693034
5.91738152817
3.82479916392
