13.5277205852
27.3195285228
45.4756312754
5.69393164277
30.8448787298
23.414855641
3.29013684417
10.3403118804
1.93453296801
1.94619233634
21.2229430483
21.2474477507
45.336519536
10.0998364112
18.0394386353
48.419642719
27.1282754491
14.8008779742
28.646217422
2.65305460756
17.1561077356
2.72511441508
1.02628136456
14.1531315853
14.4568856458
5.1660686842
2.79004602958
7.65059986743
15.8731623598
5.21714698901
12.4041104549
4.90035295705
23.8087236556
44.6743484974
36.3697483172
0.375066990895
10.5187585406
43.7736081806
2.71671202872
0.312442494346
1.76758803202
36.2732961175
15.902365775
1.25546569858
0.26076834442
6.88668907675
4.89142707751
14.3992670743
12.3486801802
26.3622135173
7.38205295311
35.26042291
58.3377111237
16.2229727361
2.25520873346
9.69219043604
9.50902214828
17.4440374887
2.5804007533
57.3334768288
21.4322550283
25.379436522
18.4982033447
6.34024360904
4.45661443075
27.7223109572
36.2103186181
63.6905311343
31.1091518031
35.2502345809
7.11034153797
15.0055370212
35.5532699609
4.18158096638
19.5744588442
22.2838332512
43.0990059523
7.76124673493
36.0451972707
7.37037859804
3.65619450066
5.84845429175
29.9844961306
8.46637086315
13.5417943466
23.2794466247
0.613713474816
14.2338982183
13.8418105911
2.19490716108
17.745264263
5.06000774112
16.8748091385
38.9108026576
29.4580962529
5.76469460422
5.26566698614
3.73992033895
12.4598948525
6.73803869693
0.690512600178
23.4041164442
23.2196798639
4.98102389705
27.5901768849
10.4500504807
2.21246610497
16.3772294882
3.63023476028
36.5658851294
2.97680980102
32.8321705263
4.88628645402
9.93909104526
55.1005094622
23.7461722894
5.13169693003
10.4886885697
0.232246534796
6.36583148871
22.7758823097
7.33926967548
20.0517398578
15.1534167761
30.0573328445
10.9482193089
11.8824376034
6.92296383376
33.7639595129
8.93964732607
18.7123994402
16.3118160168
0.401720545576
6.4672505065
0.711963577328
3.74980108369
1.6503109601
8.66443875394
3.52935031228
29.9647368339
5.00663109523
5.61696231358
6.43641717226
16.6563369704
13.4895679884
4.37381993941
5.41522972444
21.2376986752
13.2848758344
18.3558602653
71.2449449929
0.401156889072
10.9234127235
20.5973515961
22.9433502936
8.16096646842
15.9460217725
28.9148709022
33.6303115547
29.3894333928
3.94385169345
7.5160201818
27.9032077866
4.85445225795
19.9005049965
32.4517098778
11.3634204066
11.7437724245
0.696581662856
4.88327105785
1.61370845609
9.49981096798
2.77751804883
13.2421041499
6.45735813712
3.21481760758
10.3117376397
10.5773424693
44.2512656136
20.8606622682
12.6363937386
7.8347346051
19.2642279603
38.2595396036
4.08164571524
11.452333716
24.7632955441
0.388744852137
62.9228007621
9.05118349819
8.00792219253
11.7620184671
6.41617052518
14.2516285334
33.2748580873
11.4656038326
36.0290287578
5.03872822362
7.12510025763
7.01216811565
7.09853243132
13.2500344319
3.095282595
4.30268277497
1.7502091352
44.4885036211
16.4227608796
3.37157773808
22.0584609767
4.92395820508
5.93640998898
3.17221454984
13.348139544
5.58457695431
14.0043270728
3.12613934737
2.75076665373
7.800637734
18.2983525568
22.1256706423
26.344889919
5.86491403806
5.28365049499
9.81562289478
4.21741834953
8.87921450066
10.3950744988
7.78896254779
9.42886695595
13.0066987307
8.54806779965
3.92533884845
10.0152607245
9.9390114515
10.1924732337
1.85525031653
42.4954090009
0.246619989835
9.15670723469
6.69539456273
22.9350048277
5.12128388085
15.1722910109
0.888588789524
2.63571548141
0.15102300161
19.418534982
1.64460569764
3.54040005034
11.2570494202
22.0412373634
3.49333132913
16.0832487134
12.2615358102
28.2127337046
40.807691708
20.2183507408
0.182283076336
6.8461279288
3.16142476202
8.54420652961
34.4067588658
4.93757229635
81.2716784579
3.21900529746
12.6440718568
13.5629529788
8.91772159404
5.22070611051
31.6871662641
25.2995442463
42.8950060941
1.63713151007
3.1887489073
0.571328300566
16.5932206312
4.33926588758
5.66842077615
58.1231364673
6.41782179604
3.88192669804
3.68688103935
15.8330593863
1.30928404182
16.9221768485
16.4018528342
2.30595493144
23.927898717
6.03348534151
14.7384893882
50.0207833548
10.4942613373
7.67952631919
18.2940429044
5.69702283272
7.65250868514
37.0270773868
12.7964915905
4.44526885588
27.4996921548
