7.23190931956
34.60872819
9.67274854519
3.57583905028
17.9024355452
1.31519178504
36.1050149842
3.41943338801
1.10328945629
30.3789126228
3.92182206256
6.09280845216
4.32128016442
42.2377702967
2.47756760826
13.4798840711
2.75191311044
34.2756062585
23.6913043234
2.66285098212
10.0684154127
1.10808458594
12.2099237228
7.14415200831
18.8447911126
0.749500204891
7.2237703901
13.1164345769
22.1515992495
3.41343359651
8.69920134777
8.43869749694
44.1864139539
10.9738849523
1.88035836811
19.0382351708
9.6576622261
15.8532618933
49.0901529972
8.42832002678
16.3792069039
14.6485095107
27.0032658706
12.8502618823
9.91770494672
7.92556530355
15.0398180083
3.2656756433
16.4402527144
6.9482648051
22.1251784115
2.13633404946
5.12246995472
0.465647902991
24.335065321
21.4891095045
36.6981053637
11.2977532553
5.69550079384
24.9626411721
0.249339652267
9.17925964034
14.0626335462
19.7922076499
4.23178876594
1.5232331355
22.2943863342
10.8145590401
4.43958986587
4.4315476288
29.2930441198
23.9729549391
21.6210594601
39.1158366374
0.0260447246783
37.7631820862
5.38292482809
9.72665722198
19.7370584842
31.6346156129
12.8069638151
7.28602929289
2.63250246518
30.1451833246
6.33400024508
0.230973586732
28.2099449855
6.03656994415
0.742020606903
18.9712884387
4.65770571971
4.13167817402
5.38518809087
9.02490195045
16.1778201118
10.2515239983
15.882556635
1.78700266349
5.17051960755
20.7097326036
32.1697954252
41.519997963
26.9287483266
15.7970111442
13.796892107
28.0349210997
20.3562035137
2.64727702533
22.5982512924
18.4046832772
14.4673684912
8.53277135237
3.49568588533
1.03339830922
5.81140888791
44.0106014797
18.3683771626
21.429157806
6.96302431943
13.2499277086
30.6329838169
0.429380690647
23.7999978685
7.56373418571
24.388002523
20.4532132932
8.72920663583
2.77196852393
2.07002950401
0.740900716844
11.916365793
20.5523502682
13.7247662743
0.761387627364
3.70560033012
3.78877065518
36.2290851353
39.7337799556
17.9260501551
7.97475219761
14.3869425135
9.17710533608
7.24368260074
20.6675372351
45.7051887486
29.0513814073
9.99052098812
7.25191040509
17.5825226101
32.8970158963
2.19606176479
15.8881670746
1.7535066962
0.449691016375
25.0876133492
4.98092380301
16.7799343002
10.2462226252
16.342905149
1.05943576581
7.36993435539
48.7025065697
24.3136531193
9.29273712466
23.9030893341
13.3221064855
0.617688721013
2.70471004963
5.75541148281
5.8228106787
5.8840131435
16.6336274974
3.3548620491
51.7202364996
26.092855232
24.4185683748
4.72989069957
2.62349381726
3.16682389387
7.00337620449
4.20218731093
25.4296740499
6.13678512322
5.41425084559
19.3034530691
1.22514331292
52.0268078022
17.5062587803
19.2944091664
1.78756403517
4.19251810517
3.41593340062
7.30566534937
10.9281544377
7.61970631395
3.15649924911
28.0325086654
1.85672832882
53.1787654808
9.58580203441
24.4220188708
4.83781969502
6.12106818958
46.8863921574
2.72888374051
3.49513403688
15.7413330749
47.8877065864
1.54495622626
2.96221627377
11.3466710358
39.9732912144
64.1782301194
3.05246695183
8.66252362981
6.950362893
8.74324442429
7.79037666905
39.6215816338
42.8682959925
2.72752721213
11.6291761539
66.5100000006
4.61024863712
3.49731565866
4.68394037249
7.63171771813
43.580178815
47.9160105657
24.3617720062
18.3368632528
5.22483908607
3.19984836369
5.08075435145
5.79312831609
11.320565284
48.1052864209
4.04027287526
44.0446197267
22.6840736731
22.2144030555
16.9264258841
2.52351317453
19.3643920864
1.99024580034
3.60388556012
11.8574820366
46.3176241956
19.4763670597
31.0403255583
8.88541759056
80.0786914673
3.15345236213
0.55642687834
4.71968733632
4.63639932551
2.55686138983
11.0853113928
16.4043728878
1.44410510402
14.6622156806
7.70276527056
6.84189756518
6.82650959921
27.8871606226
27.1302663879
35.5263510911
4.21797411694
15.4831681923
6.65991255116
29.3615416041
0.206206447661
22.1132251484
2.95862378727
18.9912645521
4.55371307931
24.1563926714
30.797671839
4.65399923193
36.1470508355
10.7425183518
9.61078714246
10.4824332589
4.95538105249
10.0564171766
15.2542432746
4.55349331368
13.3957932648
1.22308778868
11.1810479866
20.0951295788
6.38136138825
0.514065666175
1.3280776856
1.06972178347
10.372344287
9.53443178501
17.9431610465
16.5507774932
0.0959239852602
