21.014157046
8.9913918572
4.59801757022
9.85404336386
5.42106252179
50.950565148
15.2866134956
13.3814987684
27.5793434116
22.9942777776
24.6750760359
10.1844279147
13.2658539866
23.4189072185
8.57416571107
7.73317269499
13.3315691537
17.9819273247
9.39679532647
1.1523629318
7.52284047102
10.8939018355
1.76971963517
7.18001541511
21.1071111816
0.5230974674
28.5863304373
1.65978316762
6.06594256953
4.78071442198
49.5728847348
29.3093670428
12.7801832173
26.2338538612
4.40633234836
4.64160541142
9.32278263747
14.3648347769
16.583002077
0.242359370974
20.9572488835
18.7457127238
25.9371621492
64.0117496496
17.9819438763
5.98395139072
2.05788497685
3.11325220207
32.8496390256
16.7733065986
17.7321271868
3.71182105375
1.08800927781
5.24172614266
21.8630563874
9.4323302754
1.18835853308
3.73337140072
61.7314673211
5.81166190666
0.336835628229
1.61323161027
14.0050206377
50.8405782711
2.42819552601
10.5485457813
6.43118367342
15.8722604411
33.9547943265
24.6515361913
6.19992209408
8.86517765818
8.57198732942
55.4003828366
14.6314545903
28.9655856688
5.12042308908
0.695989551132
20.288581071
12.0002768
36.8277291969
29.9919076527
42.6782381427
13.8107838236
4.85680471505
32.5774105922
4.07822564497
8.21016494528
50.3134191511
6.84662532381
12.5177345466
5.22472761497
42.5233109121
13.2786414948
4.82224113531
3.92148098842
10.1413055878
38.1037849452
16.4833319186
34.7838623872
59.5129446592
13.7475201766
8.84069144265
5.44288089287
0.554946621106
6.76585281447
16.6474655704
16.721178281
8.38678100696
6.70340489385
43.2912871429
2.12288224379
3.84019903474
1.27996914317
0.77204202446
2.00223485128
28.1570054535
25.0574397676
18.765054293
22.967693616
11.9829810052
2.80835735087
8.94136547714
4.11171280005
8.25045673596
0.791687030599
10.6752294608
11.1803610632
6.22253678029
5.54585133697
9.26151404019
2.86591027626
8.50955777523
16.7309592689
20.108961178
1.31687315815
2.53701284527
0.122131669601
25.0754051337
19.7174785485
9.70157142106
16.6761928716
21.9483296597
3.10483994536
34.5174441531
1.61354068263
4.85132852046
13.6160990264
0.163818244587
0.274295184579
5.06412485091
3.38183525146
37.3741352323
19.1651406757
1.45088028201
4.63002205038
12.3153750942
40.6184574053
21.1716187966
11.973446933
13.976643503
4.23400496093
1.30071021489
6.19937859589
45.6815318186
13.2356931892
3.06631565457
51.5750069932
10.5030965545
38.6741488204
33.8867652801
2.9254033541
18.1666317436
13.5178883003
1.82681092087
21.1032468434
1.93442241665
14.2422519583
19.1164996586
4.30418761435
0.5931549591
22.8647711233
42.2109052477
23.5109795076
0.214847515856
6.39702855871
43.3814266025
33.225370347
12.3805680462
5.24896803483
4.05043968489
18.8440173084
58.7345519851
8.63558659355
0.724729682207
9.46701476566
24.6717725725
13.7684270514
3.81979322997
2.54564560034
10.7937617508
8.83667867388
33.5730011071
7.36634856172
54.7558113621
11.6589471886
36.1895503908
1.64427387143
1.18453630688
10.5907014522
0.882847433311
10.2833629772
1.57093662569
23.0425076697
7.27868052013
26.8629685916
6.94127992915
6.86891630342
16.163918354
13.7993141263
44.9208158624
23.9842232306
18.3725657354
1.11058670215
7.1055033944
19.7433700574
1.4694725692
1.12999058178
40.1761255461
11.0117771207
7.87555557217
10.4940156142
24.0736272129
0.66435266775
2.96381719432
30.0719713425
26.4449026654
4.39522433118
30.0541254963
16.7880197255
30.1764002016
26.0682119677
45.2827116784
16.135273716
49.9341931813
10.430790195
9.88844485846
17.0890056498
6.80323379398
9.14204137472
2.67853611555
57.2857789861
27.6646231762
43.3668870402
13.1697626515
16.4236326087
4.74554957704
3.73526459765
12.3097441389
10.4607111546
34.9045117488
2.67605638158
13.0917536574
10.390828443
29.3648535268
29.4143825841
5.16487023425
2.08856385169
26.0401110938
9.05282837785
9.43675630926
3.33653007082
35.874876989
12.2498631132
9.721976239
8.40755452801
2.1327945916
5.38243996773
8.19033260834
3.10188827828
26.4028944994
29.4436805478
12.6539121308
3.14216302482
20.7796913844
4.92462682715
7.89642534974
3.96131839606
6.52168967783
14.4545294841
23.2254182595
21.1533185019
14.9770861031
6.83510970137
43.634611939
9.65504515881
15.1094088703
38.6969405132
27.2091867088
11.3284016472
