32.9145451901
0.165271333344
18.1768710221
0.94626937599
23.9619899034
8.30575775929
4.74562598448
7.61822953723
4.87818996056
5.22202593861
2.52437579129
6.98913684832
3.942630667
2.2613688076
0.660283238407
0.252119623474
27.9139110203
7.88988162134
6.6062992168
5.86627952112
2.46585370707
3.03755492152
14.4529739628
7.97356063389
29.690242301
10.0150900356
8.59092127574
8.95642058405
31.5604030976
10.6296943563
6.8033548144
15.0805806686
1.0060137432
13.7762355304
8.83863634013
7.70840235009
18.4572574959
0.575224621647
43.4846246756
1.78721057791
15.7268034274
4.61975095965
8.08815580924
15.3257382733
2.20149972891
8.20295531508
1.18176806653
15.0396849123
1.28943362617
61.3188463732
20.8929431682
48.3726796467
16.5360032949
13.7566590926
7.56959091548
34.7182848242
14.3972123272
27.6479692931
2.40566194332
15.1016841653
77.9145569694
1.02084939279
18.1273848243
11.6153529205
14.3712293149
6.93764581054
2.53534012461
11.7210226433
29.2791154915
10.9925631176
21.686709604
25.2106774131
41.6292264578
0.0526619735341
41.9030568799
20.1706619524
16.8104194895
1.30559872726
10.2703357867
30.5278105673
5.45330354292
9.62356368995
4.42010490866
11.2059359062
23.7639022027
3.14104796574
1.83586919876
3.16176798275
16.4954219872
1.60691386537
18.1453588449
4.28467429343
10.8374344357
20.8227529097
9.24037393785
50.1997550893
34.6486320821
31.252653713
2.31473483318
0.103253208872
10.73127271
43.2777665121
2.59435064827
12.4677574768
30.150403951
1.80065077192
53.7471604039
0.847527068038
10.2406242307
21.7025075357
32.2872738233
27.0150985873
13.3304019147
17.3935477083
13.159917102
10.2555944493
47.6764456124
7.87887355179
21.9116082196
7.36433571577
9.30447231733
3.94691291437
12.5237952248
1.29063772642
16.7566022796
9.45186013737
13.6918734942
17.5805337755
14.6743298814
65.6756853479
4.48768613529
1.80445319864
6.69546888983
16.6655920445
2.61813910239
56.5828698912
8.63059873176
16.9365182068
5.93664690459
26.6343445076
12.1902764553
4.49107554272
1.744713027
17.7616237988
22.0747201735
18.502808118
11.5458612304
29.8706117676
5.62853486175
2.68719098101
10.9812150964
12.9621392864
0.0239117559364
7.19021382437
12.3529425333
0.601706369165
5.85310640371
37.4905365019
4.68859328635
25.6723072954
8.43990846106
12.2936799319
11.8182217592
1.4979971401
8.00010979666
3.57783874768
48.1210592745
0.448425727802
8.18580372321
8.82406160694
4.04547511861
10.1438451357
1.2704146364
26.5289559383
6.60822384131
41.811080975
12.4158170208
11.0317236055
12.5464661275
3.98809629484
25.9902081417
11.1385603203
19.2903496428
8.39578651651
0.513097646866
3.3499426371
20.3942327754
1.74883709382
48.3453728305
1.43960923189
2.69624982962
13.5514277348
13.2665064569
5.58853148894
1.88235489045
10.4571687854
45.7317094819
1.2683772724
26.1194818878
0.644478136772
44.4057095176
4.14119176774
4.26134201212
33.8909680991
0.731848884345
10.88984534
29.9682098423
1.19566340163
18.5991346428
0.197585383232
10.6849201972
2.5357433178
8.85768070925
58.6101325146
11.134791703
0.14431198061
22.1479757932
28.4783580436
3.70150033895
2.07708142612
33.2277480744
1.20042449157
5.85819577421
11.9620423591
13.601150632
21.6017440673
29.1253668964
2.62280905
20.3463278823
17.5509802885
9.00162131671
64.6996645554
4.51818474301
14.2941691619
2.42049136593
8.24496468291
16.6788694554
12.5026135484
23.7427176207
13.7409201088
30.6075007947
9.33799609612
2.89385035475
35.2583901277
10.0203147542
8.33789417896
6.35230909205
27.1557722138
24.2023963088
18.3388154113
6.95247293594
4.94006890008
2.84531880606
31.3881665835
20.0906222273
10.9625791844
18.5377227109
3.94520323408
0.438154316038
7.06315659911
46.8195547762
65.8789326973
4.98648992819
7.9961797625
3.63076935719
2.27433926972
13.556483921
2.75440333458
15.2278743895
21.4609631734
5.91305233168
5.91128571672
5.88818711837
2.30317934033
5.66443577246
1.70433520509
30.5885405699
7.72608064968
100.339371262
4.3345349528
30.3427827838
0.223845963072
4.28597190468
0.447401482894
0.851990933277
24.1985277289
11.1995110876
0.0795084786451
14.6860991237
5.24995608783
3.93099275273
0.402301512
2.65597499594
7.99080511455
28.598647752
20.8603012523
7.9789049021
50.0378080357
2.13969407544
29.527023945
