0.136136425464
8.25898376653
2.29211256311
5.34890424716
53.6781091034
0.97281619548
4.06660253696
5.40896632671
9.53781301053
19.262851348
42.0900865299
36.1875328955
7.8382274779
13.3020516235
31.9859194591
24.8337974594
36.1681507746
8.60148504368
27.4189289375
26.5176729291
9.10686951368
13.2855917025
1.41621959777
12.9996144396
4.6948475561
8.74153751016
10.7552870047
4.27943766876
41.5972189713
65.4932540619
10.3578396771
4.04076420809
12.2100459791
2.64162503326
8.38212877696
1.98059274836
7.13830479894
25.794903916
0.393513074921
18.9056229875
5.31121772764
9.70621312637
20.518801179
23.6058298765
3.01775072471
3.63002707864
31.9455224647
34.6300512619
52.2677485485
40.3212639783
19.1656421225
2.96509712
0.270305157716
7.07129956819
4.68108267825
39.5606540926
8.28166875797
4.95992445437
4.00584183544
53.8029593075
37.65668855
13.085174779
14.1988461747
10.9126880126
5.90516552075
0.28951126819
13.5554328929
14.2849669753
27.6372860972
0.120095481634
13.2187691267
46.6967271006
10.7352839586
69.7408146335
10.7688250617
13.100404935
23.8123767659
22.5533651007
12.4171346764
33.8059157479
6.22496294773
1.74582448457
1.09878831015
8.48927690009
32.67318654
4.49299699457
11.2746334778
4.82780554076
19.748871206
36.8950462538
49.5784946545
17.3936742862
1.62181684589
52.0330333359
9.3997385309
2.82932200263
15.9773154566
20.4743293058
5.59695745226
22.2162828316
0.670668747266
0.4163369355
19.5466456036
16.0972004042
2.80640523751
3.18785749092
9.27187563827
0.175342979948
18.7428285654
8.39683741601
4.61537867147
14.459408471
5.83395003939
3.40636388431
2.76553610301
0.924761295673
11.8960888873
13.7711672377
2.1390834462
21.4529648978
6.83590529059
5.89139785388
6.98397596903
4.05986374677
7.4006027841
29.7981599049
6.45561057077
17.9976931596
0.868748179316
5.80859195745
18.6401029471
16.3943451129
17.1658984573
22.0110924909
4.1195307476
21.9684360793
17.9530336789
12.5014332498
34.3956959132
13.3947869084
9.62338477439
5.92294223192
13.8682227787
8.57893009671
0.478058252949
36.4587037567
2.04935623513
2.42442277926
4.74983923338
6.60447736201
3.343379178
6.51375104182
5.25478177281
5.68117007626
0.67904616131
41.0363344024
11.113314632
5.97301131678
20.2120839219
18.6404801162
67.4904701987
12.2736003602
0.325368070665
1.7104880337
0.967809019802
64.2483974459
34.4420631646
4.59278291598
1.38361873051
27.3530015645
9.91004661295
15.4047903537
2.58835368311
1.56714267254
13.17270548
41.3058466622
6.01725248197
15.3240517544
2.31801419918
70.8734550278
10.6147548428
13.5304885264
3.79848807464
4.02061434131
19.472509665
1.81711055946
5.01598813355
15.5427160324
59.9725850678
6.52439826562
1.76088494166
36.6871876915
5.51230289118
19.8584667541
1.89665499875
57.3410420956
10.0872472216
23.9796380428
3.38676983524
29.4115163876
0.125727242787
5.34644633481
21.2735145326
33.3402650227
15.3084689482
16.7847699652
22.7244141751
16.7287770103
16.6921614955
1.85513310804
38.7353996355
7.3997664268
2.54797322409
12.7763607055
14.3639679307
21.4238009819
0.570283148272
10.153984699
19.2365036993
12.6643709074
38.3129136067
6.36939198227
10.025095872
13.3083489326
7.82932417892
0.779819378157
0.877604084558
27.1522019082
15.0361583214
2.73008736992
5.9419257874
9.52769759781
8.3077842005
2.0965110072
0.794385380152
6.56331764378
10.5799134212
11.2752791754
0.82287171665
12.1853701748
28.825120635
10.8931256708
2.00307448433
7.3223061571
14.5492629756
9.69047415651
0.0904021024343
42.7428041288
15.1416901882
3.13668927789
8.91707906437
14.0795668206
11.0026835185
20.4030722628
18.2658563757
5.18972053389
13.0850295782
3.27298091415
7.99900381677
14.9858350551
11.7582016817
5.37176083906
2.58179244449
4.05145513628
13.4242436584
4.03722233816
7.8370890849
4.59185156466
26.2106576156
1.59523781899
34.0813066861
24.3077938226
28.5904653473
7.57780492531
13.3286580664
9.47325322603
15.6849868055
3.77668972588
10.9486682023
20.4443633718
15.8255984729
24.2307668299
3.15372299513
2.46944519298
16.4269620538
10.3643748652
13.9863704919
2.62859267466
17.8532939365
13.8514817085
21.4724556561
8.85710907083
3.71574675198
28.4199374211
3.93041239446
80.2699873943
2.07501881398
12.4875915163
12.7914088382
0.385507311694
