5.11877450371
20.9522520755
39.2001431124
46.2284147534
35.1819106561
10.305132555
41.1519636846
1.45948065944
35.4007696024
29.4955500971
19.4029957247
8.4215951464
4.47354328881
22.9147237
6.94188315323
22.0060930435
2.33467257021
25.3013147023
8.5723040356
2.75880591428
4.86903540393
10.5515550013
27.1390163777
18.8951036229
14.6629581519
1.29991671633
4.42327613999
41.5823426113
3.96776123501
2.00118904647
7.84648569597
28.851141867
20.8986211137
2.22174550208
11.8255913799
2.69517006849
10.1036350137
3.05976196798
21.3347806467
39.1829363113
11.581736962
7.86280394377
1.9389096949
0.818931653681
6.82514936732
1.88531335878
29.8982868527
11.5722333282
15.4754190012
22.8145770096
1.27699661479
10.2772033223
1.09980595289
0.565845766313
2.08818357019
1.90353882477
6.45542962211
29.0544403143
1.44118056095
6.67254757436
12.5575245189
64.9408153148
10.0490745172
18.2996957454
57.7025434812
4.63781612748
18.6351158789
0.365570262597
10.0526465188
7.27327779408
0.109774236206
4.18655872193
60.434974218
5.42973692676
3.9636459491
16.4038203154
5.40639074983
4.75495151271
9.30657994974
21.7887807194
3.89442152804
17.3223431882
2.01984404783
3.3522123167
1.88869285602
9.1762097351
11.0147019379
17.9767886937
39.9992874903
31.1135985855
14.1479227311
2.92074989379
22.5099872823
78.2009826571
13.651796055
45.1354210952
8.82818044291
8.55737619837
2.54186152368
30.5367396962
3.00593421803
62.9768071995
2.9249894839
2.58410993737
16.8842100736
95.1698313866
4.64978425939
9.72674513839
26.4030615304
6.43252779005
25.051074548
9.82387389727
29.5713586472
5.70255232352
16.7582422356
4.56604578091
7.38645956591
3.47635916673
26.7405767931
1.69711750815
0.954001655295
1.60767224017
14.5937178609
4.06719927733
12.9173481681
9.54068344557
32.3709232554
19.0111081827
18.5731697715
16.4181826384
21.6375296107
0.122528634932
20.5316352422
8.80050915298
4.59417410988
19.0727464464
16.1513727373
8.05082809187
16.338102125
2.86238463733
1.70708069216
25.6947497854
8.2733428911
15.0698177736
21.9204534567
23.8901176311
8.01907317827
28.531314286
27.497609788
0.304099574344
6.96900429733
34.840785931
28.2579055084
43.2965145023
15.6326090232
12.4122126086
38.6759712257
23.7494127141
29.3082984205
2.09296383776
4.14564270542
5.58916987341
3.47115722477
12.6515825034
4.58658695868
10.810125838
0.63158490019
14.9191340785
2.64497657118
24.3896012711
11.0590352228
0.242614182592
45.7486129937
2.02363557676
10.8369283619
17.4650470644
26.7305612199
4.39849428575
11.6601820131
13.8555546676
3.22569684799
33.137765173
43.4650641976
2.87654351971
15.7709688235
3.71272304132
1.43239507673
2.17093551861
0.150076883637
23.4291305447
46.0772667621
9.27779563709
21.4678128978
10.5233661301
25.9649813372
27.0239162991
13.9170026571
40.5396421832
7.90473215519
16.6572841615
2.33610076048
10.1240849575
9.09802381662
11.3568864344
15.4250358889
29.5025736268
9.80024457315
0.218971702858
0.700073482276
5.46667081646
0.738010951348
4.46943437969
104.72833121
6.56034029859
4.84623316413
6.3883020344
5.61267806694
10.5173089707
3.85160708619
2.9759261434
3.24550350347
0.704034622164
58.7675926544
94.269299849
28.9403241172
43.0778503517
17.5454329105
4.01507339134
8.02575743321
3.80630808593
20.3368177171
41.9081718101
10.6366573301
6.47890829469
4.93203052952
22.0779360995
7.32165822648
18.8477486278
47.0032625057
11.3238935604
2.65842092364
9.61796594279
6.20153598611
59.2794039529
14.0018636247
1.20406226818
20.8837781734
2.61908735733
16.2948119581
5.85003034161
4.40388069233
61.4601655421
15.7624298311
0.7495219202
1.22419014312
1.11860139951
18.504401955
0.561337690063
18.0563003866
34.0042072184
6.53114915613
5.17774130894
4.43481403951
9.33069809931
11.8465464555
24.5000994114
16.0779880915
0.294416636197
3.51793504116
6.21196526092
26.8023904969
13.5645011837
54.658411165
6.85479874896
4.08847520923
18.7171728272
21.7283777056
7.40857170435
11.8404851339
27.1868468136
61.2923256562
0.792098487959
3.34763729645
7.590368445
5.91476554896
4.5864926384
13.2377769896
1.79951750067
17.4593289215
0.168997956323
8.05636537595
18.5171379415
24.8514746077
17.3119199134
49.9541084398
1.18041128801
9.17532376632
21.9860489636
28.5313447
6.36303169375
