11.3950265806
11.1071180398
3.52096721353
11.4361536507
7.01232007469
12.2642321886
0.609804370149
4.44422125788
6.94882125785
11.7073361299
7.5700867842
2.84111155899
29.6596427473
28.961266114
1.22043986329
7.71650209704
31.3751291554
1.07095568889
31.6532447637
7.08711880951
2.66506979293
13.9894953852
24.4835323525
3.4152659197
20.01291804
2.1266085129
20.2525005972
30.6664284547
16.5995756279
5.93308229467
10.864618554
17.0935244829
8.66302015506
13.8517420628
5.0136997214
16.1257870293
1.01846289321
15.8752521009
47.9768015075
26.1373434353
5.57404971006
19.7504431133
1.31772047899
14.5862532689
2.98521327259
17.0259834817
2.44067414252
11.1678328526
2.70067598345
4.57282244859
6.79976675953
10.6362438255
5.17659743396
3.08815847962
24.0816004173
1.00087976176
9.20491042943
2.43354916396
9.81956081749
18.4158788772
17.5070608021
14.988642305
15.5167966983
31.3777974845
7.70037285724
37.0960517806
1.44322280237
5.71993890728
10.9556922706
13.2174665414
28.3733969251
17.3605513665
6.77440395968
49.5858022506
9.17344857215
6.69363340202
2.43396281414
18.8703964557
48.9853226039
4.75554994809
21.9022855669
11.0081650491
29.7222108427
1.41047478879
8.56157704912
4.05574783216
31.7254120617
4.88456049165
40.8604424509
1.92910295948
3.67220228105
41.0402103199
37.3398520889
6.30301810725
40.8187401848
18.2589922725
4.07510952215
28.8244040841
48.1237322756
34.4326120703
1.71600775871
41.108202731
2.90781328433
25.7999522048
0.801285073923
11.5164621258
7.53267526792
46.9796064801
6.24504090254
0.18740866161
15.0594258047
0.288113730386
4.58434212195
4.57648918235
10.9803660991
7.28478826491
7.31194914623
9.91280273265
13.6988064864
7.29405992651
26.7436484715
13.6622760604
1.20130593923
7.67196862948
6.46206318015
18.3654350133
5.01891098175
4.9570182393
1.09318374485
0.949043457584
3.13473557644
29.1754406538
4.2742560836
26.3946930058
14.7427404037
2.49989987865
3.09500269728
7.42309722001
40.789558414
23.7329492546
21.3887661494
3.09731701942
8.24737920176
5.59143038603
10.2120838151
12.3971936513
25.0650902783
15.0159546815
2.249869435
8.35518164665
38.1748197092
1.0577490491
48.4491098509
8.34351794276
8.46963674246
4.64080124309
6.35476764483
12.9488253413
14.1289852367
4.48762567996
13.312928102
5.56683263071
44.1490219452
16.5297994556
15.043991494
23.9468425245
20.542376563
11.854712011
15.9606065447
18.5435015597
2.36092593045
15.6638720628
15.7149965552
15.0683374152
20.2242169146
13.2775020362
15.6901442812
3.10762704415
19.7600678477
0.387250894445
7.93898164047
2.98077887479
28.6232437892
41.5412251407
2.13120062717
6.86203720111
3.5273228282
9.41136443593
2.75492520767
5.47223048058
4.62599958561
3.32331170666
2.2514672357
5.71018001674
35.703254309
3.50777054823
4.04495798849
18.8150976433
1.57396236095
12.9698137513
6.57176793562
36.6499968872
4.97675013223
10.9985007054
7.69945374296
49.3612711489
7.51129127754
27.7211080256
2.03971989816
6.5110345159
23.2697999254
17.0180860527
7.48750177146
21.4053097305
10.2020257882
9.94582898848
5.45013511001
13.8577392288
1.2489939258
19.2193516533
4.10101461401
7.16078870779
29.3445501958
13.430718523
4.71392822782
15.2644911127
27.497479416
21.2230812975
20.3287651002
1.17416430406
24.9556711779
3.03987624352
16.1097800212
9.47036893175
0.116461254226
18.7519931875
1.77925388265
44.7377706012
8.15274337479
38.1989886344
17.6539214683
9.12403412678
15.7475980444
2.00036806204
23.527561224
15.60975835
7.53245275614
10.4971665055
10.7227333763
3.77914693853
29.8568889884
14.9737525744
28.6191522533
8.21137511103
35.9592632845
11.4653176463
29.1444172292
2.2701207544
13.1159619118
9.04146151855
5.88532510161
0.639475734564
10.2843697351
33.3437631229
22.5068309759
2.08276536849
15.5073442446
73.2307821521
9.32362442554
4.36278676197
0.310595364215
10.8037646563
2.74892414687
9.7813576174
3.78077202031
6.26648212808
5.07106405214
23.8436363078
10.2457029942
25.5030820344
24.7284897394
2.93139578438
3.24412167827
7.61831683884
16.0538232159
20.9439244923
43.956829118
1.01992248975
26.1528132231
27.875662801
20.8532632288
23.7746092285
19.3768354313
46.5574274799
34.5652857275
4.32818306655
4.92976494113
26.4137180231
11.4538481834
8.06704620019
