8.96776138239
6.38922602056
22.6873071602
1.21563518644
28.7182133835
10.1842946366
5.09829693158
21.6168916137
14.4955433892
12.9854985474
27.615100241
10.4083283052
81.5529799274
5.60291899423
0.298274666684
7.26774696945
0.240975254655
1.7834347747
2.23612040969
20.9403526995
24.8970598134
5.06438688907
1.36457828628
15.7587464798
28.5814433758
20.9584510649
29.2110058737
4.45047241953
58.1047901672
2.28012972794
7.83045504093
2.84014197645
35.1581768113
8.78147334798
15.9886748789
1.89849816407
49.7989536215
4.03119337123
28.3048143958
6.207965914
16.5533964312
12.5426798717
0.886709690606
9.60799308721
24.5291670633
17.6227941981
3.97957371934
10.9928874836
11.8461397672
0.843618302479
11.3398257031
20.3307025854
1.2332836954
10.2986319134
13.4857425581
8.26831146448
12.8497222554
25.2644257119
4.78618420565
1.48520733037
12.2521565225
6.4004767966
20.2782863989
7.30807337575
7.18340684497
15.4513215925
47.1609029029
2.66583065289
1.49525695014
3.36841913583
5.94167934624
3.77291295156
0.527348324707
20.7873849875
12.3339007056
5.47754075863
11.3479344675
44.4060504539
25.5098213943
17.7837468728
1.73180268648
1.61242195942
28.0176425795
47.8009251477
24.31017853
13.3522712233
4.80193892951
36.70765022
6.22491293078
5.34222344326
15.512489709
3.1869560759
24.3109339559
5.44293905158
1.64171315228
14.9106075774
27.7413594712
25.4500256372
3.05768758324
0.130284754168
34.2423220768
7.8928792821
22.0805640828
14.7526900787
3.16996112412
24.4320281131
22.8325513639
2.27627617464
24.5036758129
8.28296217312
4.22795394644
17.599944092
0.033776599152
12.036254622
50.0386999697
3.28293773947
6.06133482061
2.7017945108
8.12547308884
23.1009840738
7.77609003643
5.18926801112
1.96468826948
0.375255886479
10.0620940901
2.47312179806
10.5717228027
1.46863358915
4.40039325818
35.7666361086
30.6816313722
21.6447890144
24.4801216053
0.983409339868
0.909066764547
8.76170475774
18.6225580475
9.00234627979
21.7582923417
24.0516569759
19.2610862849
5.55253394987
2.38335095981
15.0763647295
50.3410718476
4.82205855174
7.65766824382
6.71860802519
10.6628256722
6.02940451337
9.27946330561
11.1489903931
12.3593685613
49.7988471726
40.4943199941
2.47984871861
33.4952698378
17.2299177138
12.784107973
6.57511925431
27.4680856912
0.376978493875
38.4719542066
7.75727487945
4.23224997125
15.1891376544
4.52769276355
42.4570762518
14.1532116096
8.45066537878
6.0735655946
9.63125342105
59.6613383805
10.4221514568
7.06882871834
28.154230979
32.1816502026
16.2223155267
52.8627238867
6.80638719227
3.58342645122
6.79780337236
27.8125453804
4.33661224662
8.80306763747
31.1361356079
0.823408574044
1.63867480755
5.84890209139
3.27440320332
0.379300908098
5.66113835329
25.1843386033
4.14310456636
21.9468741942
7.33609701609
9.88630844109
29.7531462043
26.3957296033
17.9639305965
25.5518150845
11.4897207323
4.68284853293
10.1739937822
2.58667071434
18.2312174641
3.45815664283
6.53182374999
25.9294117949
53.6649672217
5.96317776588
7.79885286773
6.91074632963
20.3636647806
59.0682261313
0.981669842116
5.97424272622
15.0870935864
13.4820831063
1.57736349936
0.0340706551604
43.9542200804
34.4916066458
1.14323915556
5.47351314875
16.3382048349
12.5621703723
9.96881719007
64.4743861619
10.113951299
13.9140345973
5.53839458716
22.5342818703
44.4261719406
39.5295701919
0.106009123286
1.47969039642
2.40920732404
16.8877588646
5.95294558874
23.9246575019
18.6091328181
69.4140665888
28.1110983937
9.39361209898
1.82599544143
1.22568502931
18.5591048707
1.06459989763
11.8443648975
14.8654102142
2.20418188547
10.7396127098
0.161926651024
6.50350576244
11.3431595
16.7414308828
24.4808443202
10.3019132817
21.9094018777
42.2553879862
14.2159248724
12.8393743299
2.36132675643
29.035644772
9.33346312085
24.9176636547
17.1842180055
19.1757711661
23.6994653369
12.2269867194
17.6163161084
14.5292057557
6.71025010896
14.2203722251
1.8927095591
11.6042582293
3.59943731302
7.40824584997
12.8956676876
10.5862354582
18.5054315838
48.9284219213
10.8811606372
5.67508315786
9.39074264913
14.3861044048
14.2101293238
21.8643668143
17.2924134261
18.9344078008
38.5349434435
2.69297809562
13.3598245497
13.6189484163
10.1122839903
3.17923447289
34.9770025935
52.570410266
4.25948231319
