6.16008689655
10.2654930513
28.6360896217
1.48688965164
18.4322924678
3.81370974248
6.9308966742
39.9184090335
0.258053810823
10.6699216839
1.06788834568
8.56823889627
20.6699974022
0.662663947113
41.4689471026
1.56575229969
27.254262905
0.775288205689
13.4842971015
4.54461210277
17.9978003189
22.014929123
47.0564310777
8.10433523689
10.1790085873
2.04340269792
17.1577725268
16.8202713529
51.1083276044
15.2788857971
8.99913918526
3.56658129776
60.681038917
21.1545679242
19.0895394584
0.939795680749
28.0886975977
14.9256858616
44.2975840934
24.4443307192
4.72033558094
2.57220654726
11.1371719598
2.55760116778
0.86211205238
14.6505000317
7.11082318909
5.31706394362
9.21504741826
5.8125559781
57.1958578367
14.7549458623
0.316196114819
19.3312815887
9.74905217844
4.35787627775
21.4120443273
3.66953106092
0.246237314824
2.45629122111
1.73162026284
25.3197210112
9.09646672454
2.07627310563
3.02152896899
10.2369346347
8.23333795471
41.9701750633
3.72095061402
30.0914902885
19.1721115459
31.9485754062
4.16160202188
1.20205064155
14.2762399863
16.7328143219
3.33013043431
5.13660440717
28.3554636379
40.1857886589
1.06279937145
18.4733195311
21.3464783333
3.48201072196
1.92885295775
1.5614895501
32.9765125347
18.29884413
7.71218148394
31.0265860307
4.55172965086
30.5673031766
3.50339636555
5.96729335935
10.8178695673
0.692287399906
25.5957705576
59.7774752455
26.1111060393
31.6939549909
14.2824898026
1.46010265272
22.5655278121
4.81593698974
6.54208861279
16.3773520232
20.5728666731
12.3728604797
7.18918852253
2.18621789108
6.17888040188
57.3140152316
25.2118644082
7.77114828782
6.55876662662
4.67865781671
23.9815864822
15.018340791
45.502783435
8.67101152949
2.07242913312
10.4005456802
32.2169519752
15.3549729284
6.81581822641
20.1443765383
7.14597561764
9.82423167668
6.39427439239
3.61979474028
5.25703600535
4.11062759215
11.0187953146
71.878201314
46.1529550322
6.94477478783
26.5917667438
5.14483270108
10.8095667952
20.3459736766
9.13972956949
10.0985003562
12.15467702
16.798736352
6.33434190814
34.4662540158
51.2730347984
27.6442385413
5.40218684924
23.5402758128
3.04229891894
2.5689779987
25.4736870022
2.18709665226
1.37477916676
59.5091468927
12.5456374826
46.4776574531
8.01901435678
5.20546507257
23.9126877566
11.3346352557
4.18557799804
32.660984459
43.9360637647
2.10781189412
32.9989835619
4.56197133244
16.169045654
10.5695515895
3.4914666457
0.487202350688
6.68413620953
3.41361310292
29.2122496542
20.6313041168
19.6448938208
11.3624814425
1.07151793438
0.244278915062
43.3766531084
7.68477232804
9.31625861508
73.2309941077
15.0948871182
1.71946751676
21.1841399908
4.86799050982
76.0466913988
22.6613900151
33.7771439931
17.7658556753
0.231931612253
18.3751724738
16.2259936116
4.97054641203
2.17240818605
9.78628028707
9.5305866219
1.11777058298
46.0720779774
11.6352569508
1.49071473599
3.18701628629
2.32997825864
2.57361637718
1.95958205345
2.00645086315
13.6933912304
16.4723414749
3.43514412435
2.69787199406
3.82896958644
8.5246865798
60.421140746
3.98841971005
11.5742738701
4.72666524695
3.04143720283
4.82954110058
50.0019412893
41.7354849942
0.377561337642
9.847267971
22.4761505175
1.03659540867
31.0395454123
16.2377053746
13.7435240905
52.7640333559
22.8963241858
14.9953382357
4.76653160302
11.639234181
10.2991356659
2.77307149048
27.5046888003
5.43485392211
28.5041379687
7.42019679366
12.7351367644
12.8302165749
0.46800269379
10.0928425975
9.72744127297
22.8569882384
50.3256441284
8.86140770427
20.3437649689
14.9521311616
106.346335897
11.498705954
15.8847307472
26.3707640027
6.74195753394
9.25948014437
66.3167851058
3.38426404771
5.52679036329
40.4715326066
2.54348884263
22.7339111566
10.0241995092
4.12193275087
4.42624732703
11.4987602511
8.3191580156
10.5283867275
5.83257470947
11.0175978262
45.2093273223
0.999441464031
12.5925275861
12.6357042915
8.52958731821
8.487568947
3.31735984013
3.04916783778
5.13020199964
1.6325112708
12.2311283807
8.02263386147
0.0260202742999
1.12475754415
81.6747298708
7.81605736318
0.133347534354
7.23675298189
2.35338626275
1.31814177831
6.49505098906
19.3823533114
7.09342846131
9.04922542632
4.17534236275
1.92052980627
0.437174549057
2.18577748801
1.31983573677
0.437931403192
