2.91217232519
36.7080336928
16.4338694511
2.28499010786
23.1434503594
38.2226271492
32.6101332381
7.83819561744
26.3764916519
18.2915020784
9.05982555474
24.8123774567
20.6226639148
62.1301407807
2.50049917115
19.1866100559
5.06215541746
9.07636862295
23.2006786658
24.8564374124
15.7302099227
14.6034443703
10.884418791
74.1489054139
0.19729675654
6.34273486914
40.7957681174
2.83243124214
23.9591652325
0.553454383852
1.80302472795
9.54450433495
1.2211715315
5.69466661253
6.94738886709
1.21887602297
13.129315331
20.0430824436
8.49780057025
6.32011929669
18.4627692051
7.67582809179
6.46345506397
5.9329697504
7.71639306255
16.6570057491
11.905946434
1.30030436481
11.7428477078
19.7411374238
3.61881656356
26.4969761795
4.52324871442
11.1861883376
0.124236893125
12.2415718993
47.7278256962
59.1324850668
11.0021569849
8.97644014645
5.14833779089
8.91255838836
27.2906774618
17.722189206
18.4294610767
50.601370277
49.421741954
40.1272050015
1.87248134663
0.163900672373
5.82478718394
4.35221249951
10.0913840625
7.09938101188
17.5080599349
22.4871460784
4.50280274271
19.9989137463
5.71666389636
3.47487278495
3.37821676874
21.4681904051
60.8651940984
17.093257941
48.8598457579
37.6153841033
35.460552442
11.4188845359
9.44621682203
56.4501433318
10.0347822849
5.03367286458
5.65264177949
17.5754109911
6.37430465779
36.1787951582
0.796933069924
8.97989470951
21.8298740281
11.6755717935
17.457612736
27.6100210745
27.6807399553
0.25289540411
52.8237438887
27.7121393633
55.435113223
2.80643257609
2.72673082966
30.3285653497
10.473850199
18.1140958263
44.6712491523
8.73212772424
0.906110251396
17.1222387836
26.7721320135
33.1931800282
85.4414932373
55.3533786044
49.835993197
23.11892975
0.560455956295
44.197931906
4.88812140974
19.793961284
0.269723204043
0.908865359438
9.66193331663
3.87301131991
31.2880279282
6.07241118733
0.747776796249
21.24383529
4.81651427502
12.9892970839
13.3425946528
0.660560553568
11.5011860872
29.1194885636
13.0373767128
2.07497273283
2.05588201616
10.7804362059
11.8836755649
0.283363538872
2.87192159327
6.64070709079
8.20949519918
6.58521847161
39.9143175901
43.6783279941
9.85114994754
32.9517721898
16.5349072478
2.32106610082
0.898514241024
22.5722001863
31.7390215022
0.0430462803826
2.34238030287
1.90152782207
18.7503587072
10.7574741924
0.386733932432
6.61170238049
41.5644141888
17.972499217
2.04189973894
11.2747762397
7.53765812444
17.0824286972
11.0675108213
7.48662121454
4.56926090259
12.1764594122
30.0218986965
16.9864329426
11.3497375715
2.38555404076
4.00579815266
37.4905184225
23.0417795756
4.91967336661
0.34214264828
9.72309917693
40.2982854013
4.46858370624
0.261359042636
5.61527448192
21.9542259325
16.5321455291
8.53202938626
0.707658648864
27.9468120491
25.3019503722
6.60193798176
18.1565364985
10.8138535553
8.78207349945
5.43676639524
0.990313709101
7.3151572404
0.0398825826261
15.4279091863
2.65519800841
2.61617944179
25.9722410102
0.19153953465
10.590828649
9.13024531382
4.28063283798
0.938879452717
3.94905979821
6.27804121849
16.9499171437
23.4274435495
12.3976919271
3.2231672818
45.3352079043
34.7032895716
4.16766979455
3.88218088281
6.16663096551
10.6050190357
8.18108033522
2.29418380063
16.7083709965
2.11121386311
38.8645254158
5.23956628021
15.212416091
5.39173588857
10.5210361468
5.34884874802
1.58993908643
0.648586302523
0.708406539249
13.5839143537
5.26173940414
23.7091903847
3.22655079921
23.4719833859
18.172935259
9.77718808071
13.9965440695
63.5334532433
11.385115331
12.9225146289
56.6179512934
13.1515227053
17.5701835946
1.4289607671
14.4022597471
5.85115335458
0.516724992794
7.30346676791
18.3518585202
12.1277445202
35.0598757035
13.378302526
1.84858156934
3.29463896384
5.32426730567
2.69267405022
5.44303840175
5.63132588895
5.49122102802
12.9653818669
14.9231059099
7.3570933436
15.4437651354
0.422990694939
16.7774802934
5.76851769731
2.84478970192
17.7259954464
0.537785629202
5.74915727175
0.00399912298208
4.39749151903
4.17820341021
0.311989125043
10.6742496985
14.9432764431
4.14209186667
1.72505151568
8.61097771572
2.42770820606
3.42362544683
22.1902486247
14.6361828523
33.0710401102
8.5184211374
0.390717980443
16.0129357432
16.2476442974
9.26058829932
1.63628822701
21.9946208415
