14.9841363316
34.5744756155
6.42084698329
54.6481751399
8.11155382619
0.298475688928
22.0912837073
15.8463561749
9.00401061898
7.22328625419
7.30872487824
11.3209740206
4.47782450758
10.8607734277
24.978386326
30.8736623802
16.9253800484
6.74056894689
1.52275403842
6.80539256419
6.04987972337
3.90757559434
26.295048713
4.46641873668
17.8159641653
0.699234466828
18.5819655137
2.35140928965
10.9617389893
5.7593247916
11.5831682823
32.7724924758
16.2908640608
6.66294401524
11.9650802921
31.1095162479
1.56240013657
14.8986709756
16.3274356304
45.484275449
6.3598271379
47.5074027662
13.364692951
8.25074178186
11.8401970945
3.68566061101
7.56299058847
6.75674814353
2.22126638256
27.5863185661
36.8717981366
1.94036402899
31.3157069573
7.46416533097
5.89755425606
1.2112756472
5.10220316089
9.53989038894
26.7476551254
4.9807821805
35.1966246193
47.7341032315
26.0431401417
7.56631455871
1.59988363375
4.47701227391
43.7678132842
11.2140825234
4.61776912772
9.94254156422
66.7963223562
12.5849302516
30.63024281
48.7021169771
3.22005628407
58.631970397
17.3235364095
8.99423918435
7.20995623143
5.2408548034
16.8359269608
3.24717638582
11.5495226034
14.2126268277
5.17610158956
1.42938681978
24.9898998227
2.59727870378
22.4132342003
8.11320491625
11.6637730599
7.70009126454
0.299459674229
8.75756820601
0.994225390908
1.87388145177
22.5260738924
12.181239826
68.9919856955
0.660637274463
3.32010636242
2.47054660758
5.93193709926
35.8939691939
6.22906653006
2.48914183852
16.2891737147
5.2971661873
5.64160161856
13.4752838756
16.9115460957
0.835047832803
8.36579154549
6.56433712136
19.1262596288
1.22723034426
15.396387789
0.931750523014
9.2071788918
25.8099866483
12.2125958023
0.746856362071
2.25646047395
29.8483250498
4.55469999326
9.45109559343
3.7244568057
13.8433222661
32.8788430704
1.93164519366
48.1256144422
8.19688994047
0.0212266161178
60.4233573896
8.53061389709
42.7172519442
0.797417915272
1.79913095353
5.49385680601
27.6708227849
47.1902209113
11.0271913557
9.1640749192
78.5782128787
13.1270423585
7.04589601307
9.55006888695
5.68523734276
1.602977661
12.9079179764
14.1970089737
2.307692184
11.7683543882
15.4997935017
4.34374133414
6.13804068084
19.1298892333
1.83115351107
17.3271742229
0.942861652427
20.4615448455
22.7833147619
14.9799349767
12.3356301945
6.80261836781
12.1028946533
3.77668596886
0.506015269509
12.3311402423
1.9331045196
30.9567485084
0.696609524521
2.41357895793
21.6600546078
6.68935832787
11.6256520392
38.5994941479
25.6905065748
12.1215472893
2.81628881377
19.6018999305
3.55354062518
25.175526374
19.5067791121
34.5881662083
64.6983079746
26.1706299893
19.6383991231
15.2110667441
23.8550274529
36.352377891
45.9912930742
2.66373715904
1.95490768228
3.11955077709
65.1952090439
8.06386211986
24.1955200846
12.2636404174
4.09080339396
3.57018134901
4.50909359009
19.943389935
0.236390035593
14.8285154435
6.98343105382
9.77259795245
19.7142297874
3.53606735397
26.8700872736
15.5937010369
5.85015275672
9.5118851326
21.6589889268
4.93772502415
36.918855801
0.534521713156
11.9332481962
2.36108050507
39.5053603027
2.06480064384
12.3215698854
0.309768732698
60.674110886
5.04989177039
4.93094621473
2.79266390779
1.53889472973
42.7995068803
34.1557741961
43.3007629366
37.3974565063
3.99785734868
5.45123309517
22.691229414
9.28631333831
12.8863509956
4.7186880586
14.7216801037
13.8333069075
3.91566806793
3.43650968375
39.1860633561
67.3368388526
45.073324227
1.59336264322
3.11573293419
28.1041591747
8.63974282895
22.1652861206
5.83709603578
0.383292549589
0.385160288089
5.0306650308
7.79399085136
14.2534657733
2.94016866836
6.15773631714
19.4992776351
6.80509168654
8.16268659286
30.7881063366
26.399709917
2.6107056906
17.8075373611
7.53548833155
4.54187605089
10.0104914688
6.2291886919
0.323557478759
28.2619167493
50.8141912709
24.8904844722
0.432869452371
13.5433798248
12.1431367984
0.363158034945
7.10632821953
0.869854870101
18.3870245143
3.40378431773
57.7064776993
12.3000063476
54.6041295656
1.30780990647
9.92080762587
13.0519615692
19.4074478467
10.3855599206
8.92484053964
46.6248170409
31.4159548373
17.543350312
54.1607164962
3.08955324065
11.7456328937
18.615018632
28.326169071
17.9023372002
26.0809795354
