3.26958947739
44.8726150084
16.6021053694
31.9484405166
23.428266228
18.3914472431
37.764791301
3.5980776325
6.14493135639
10.4059752919
1.14988003729
5.4507612854
27.0464599806
12.8769991897
0.763530340682
37.1259656131
36.0833688422
2.13356038937
7.8076197734
2.62989381321
42.3203135073
9.38561198469
3.46135540515
14.8889516351
10.50536757
26.7371344489
16.7841373542
17.3961221865
14.8665108384
5.89358150649
0.473332532391
30.2734654812
0.466946365978
0.483146624767
1.26594502979
22.1537568494
3.85007089897
28.0895277673
55.4667156053
47.3693255466
15.1610692114
1.51370456141
20.5636680802
3.30083060809
0.673893125032
20.0076396128
17.8272121873
6.56391379566
3.55571553218
1.95332083817
32.3441675024
17.4178063999
5.22294572123
4.24866024259
3.63583708014
31.296548524
6.08229384489
43.9502445733
60.038520934
24.7467789296
1.29994482032
14.9428399425
31.7782846202
35.9701751991
7.48345774231
7.38804866691
20.4317292042
4.53913596212
7.80273024369
42.2242786917
6.71266829874
1.31530107215
11.8438162658
12.5126335216
16.6023988298
0.921909385549
20.6584795566
1.85015822434
0.735404816333
5.09619202911
8.40305671593
20.1675901773
24.4381624263
23.6443731944
27.079902619
7.49667670061
6.66204297891
0.389224990766
7.35833245054
0.300622072432
9.46422893546
50.1524886808
6.21178469156
0.866032513214
4.82753746151
18.9583223059
4.4063164123
31.0414535229
6.11684476527
22.32025364
11.8736042812
56.1404534241
6.53942477175
30.2454806893
17.602560778
8.85598228002
6.99656016045
34.6166117395
1.4414370351
34.275096539
14.3005913224
8.91724790028
3.57515154813
4.18191870779
0.347698995426
4.66009392109
6.00766889309
2.22821497656
3.04019592806
11.504265706
7.54712904042
16.1591686258
18.1726083473
2.32449790417
13.1504796422
18.3348080205
56.2177845573
18.754892515
1.260087692
43.4123091886
2.40115159394
21.1405900462
9.44109365964
9.17029477519
8.76377405208
7.0334404067
9.21364931538
5.38730062763
11.0810212712
5.4357056211
0.105773504545
14.4659517123
16.538106055
0.748875667929
6.38204895635
0.769618333669
12.327746071
3.86857488833
0.335924700964
0.790435123262
11.0792802047
40.9388589321
29.257277071
0.733546779896
1.218160974
0.143629282867
8.89690814096
1.78392927588
16.4851112483
6.92483630131
0.247584870857
13.7199578863
6.91698116379
10.3061232484
12.955746195
1.99898884395
2.43549691463
1.77101307943
3.38123202004
2.87181820089
75.3075491376
5.20009525885
21.6345909056
10.8244427208
8.77966007788
10.9417646755
18.8694854265
30.8617732275
9.29940088199
5.6285968995
36.5748820585
25.1156736857
12.4527236654
12.6610263768
0.65788158917
3.58816533344
2.29572680971
14.1002620934
7.23526193073
46.9019172647
13.2759630078
10.305619509
6.24545396466
19.7178231735
21.4448874642
25.4056648549
17.3126822079
8.29808703767
31.2780637663
3.07368055474
62.6366789574
5.61340020801
8.23913918071
20.1928035003
14.085051771
1.34045620821
9.78819160738
3.6693864255
1.66586282935
22.0509200579
1.1312680022
33.0859860916
9.46596828623
36.9224102491
4.34676114539
35.5718914088
7.04089840144
21.7930420836
27.4029999571
40.2448788535
13.8710683804
3.19221150165
18.0678379942
1.76668477104
3.52376872715
17.5394081028
22.4454532083
17.7925673178
6.84786534946
11.8996308245
9.28295423197
3.71987104938
21.2404714996
3.17523013569
26.0876447451
7.19266334254
14.0702980024
21.5921664356
9.46966799013
17.6713580184
37.5859899662
3.94375628203
9.60347020968
7.49005229952
18.0167794288
0.606411131109
13.3718912232
3.55232440578
8.73134676401
37.479696022
0.769132645666
18.0646312688
5.09765338976
7.48674299683
2.98485991312
3.70211806608
4.79276203116
17.1393109878
21.1772320245
23.9001576241
14.8744742692
18.9428836915
0.513493235441
35.9084924987
24.8716938411
1.52249163383
5.88047866374
24.6031165252
9.87116869226
7.91746212478
17.6995599965
12.076583598
3.06111690607
34.7159553314
43.8174036152
27.0449752014
5.12638967381
2.36189140564
5.15240074443
33.3347744698
24.2055764204
10.310271024
28.3648325944
22.7590955636
22.2909440094
20.6868759185
27.4534403274
4.85924638438
19.2343326947
5.27219249473
40.9227160324
11.3099932063
1.7199223389
26.1239106321
9.18073248637
0.711319879936
14.1616525272
3.00566623943
3.09352690839
37.5766448776
