17.3389772442
3.15277221867
0.796069467028
16.0374055007
0.379189254607
4.71792433399
15.0828657431
23.2072676932
27.5181074167
11.2267238382
15.5763996368
3.24040092447
4.71460440107
14.1272378269
5.9016692984
15.2893445557
14.2598957224
22.9425334515
3.60392970209
3.81205289539
17.5958697532
26.4426741071
10.5850073537
10.0019528107
44.2071393169
10.244965319
5.86600876194
8.82257974552
6.02960712247
6.57579120887
13.8624381228
39.4664931358
12.9850686127
0.686743843285
22.0748531147
22.4502952264
18.7953969196
30.5469543594
42.1140792426
8.1301835896
0.133407411941
2.6647495411
6.61980682993
9.95824935182
14.4569556789
1.46805571038
3.02183792336
8.60577494925
40.2356847583
4.65197193601
5.30192182966
53.7858142558
24.3298400001
26.1900083977
17.2350332162
1.54778529526
4.00314314742
40.2238176432
11.6387772654
8.189307596
4.29526481323
19.8755255733
5.44898208255
94.3403386568
12.0601848008
17.0217851724
16.5865189527
7.69059893631
11.1923985862
6.79939719999
14.1837039574
9.96271172914
3.32971650327
7.16423376336
15.6438520116
12.475882005
25.473491618
19.0206023744
11.9451954284
32.6923694157
0.466259013241
18.0594598532
16.1373219298
3.22579106928
29.7192537312
11.3078808636
48.7025629688
0.0746533320236
43.7297568405
0.260572577033
7.85461710651
0.722364254238
0.272565898911
2.12328232145
0.22901385384
14.5553604647
28.5652723435
4.92733264632
3.96393806866
3.38873065471
5.06767513981
12.4150368314
9.5712148427
31.5300718585
10.9050384237
15.0048347487
15.3596140044
10.6974433384
3.59499124665
7.29228270738
36.0420539663
6.18317940704
7.40236680425
12.3701317648
9.24717066168
9.80608123675
29.5360542498
1.61030744517
8.08136530023
54.2990337186
28.538887027
20.2796797042
32.5516655105
6.24517144807
5.31575221275
11.7396380107
4.72652642059
34.130456168
27.7744614204
18.4289163609
10.0196542674
22.3599710215
22.7417096693
42.8943227537
48.2786497384
8.44162648603
43.9034698466
5.82456987961
4.97139258091
29.7492033097
12.0383428693
35.3654099016
2.70030547417
14.9240630178
4.8325541545
48.5159580631
5.32799849046
10.4204193354
24.5401783479
54.6004331097
27.7889358169
0.542451684127
6.45545505131
9.48233102262
23.8712639475
6.78733272737
23.7233610871
1.13724883157
64.7164647497
10.7017567657
22.8755449256
30.6965956077
2.85142487331
12.7802513557
7.99440490902
22.414360608
8.53620293703
24.0098295134
7.14160536005
15.4770380632
11.4430156032
10.230605116
18.1479465585
9.65342109783
5.14458786888
3.67339830971
1.67543102287
3.34570393302
12.9918155883
30.5319673308
3.17944213325
8.98760060567
0.769965723211
13.6922895964
19.3977558611
3.34958396604
5.19915692368
3.783190963
8.80129022644
7.05819968506
1.58864099628
9.80047692501
17.2765415156
12.0016475236
18.645910286
11.6752590727
12.6752760188
5.88726364975
10.1881372522
19.107007838
52.4429555563
13.0281437621
17.577796199
5.37901459022
5.05513335991
18.8908233402
15.9801495687
9.91476672031
1.54019753037
5.34194340729
45.0038512594
26.4069465685
11.5446016202
43.950962581
2.31805053999
1.30573102442
13.9287308827
6.68255593317
10.2332269524
5.95496748045
3.46174507847
37.8524823816
8.06730434981
12.704193904
7.29947624069
12.5682340732
13.9964287136
17.6595266869
0.761716394326
1.33072238455
2.39469392748
3.78625412258
0.626529686724
3.45036883311
28.2796772903
22.1469453972
9.08209271451
1.34784289462
1.42221203502
4.9464789796
6.40379581762
6.58029374718
2.42849565158
10.6346768958
19.0841564166
0.469244576756
6.87995792424
10.7498289446
0.0856227367537
26.9626068046
19.1439618154
7.39179975408
10.7486240867
15.1286639576
24.8274798536
19.8534974058
2.55899208213
30.286330178
1.24778904565
4.10981804003
18.0742988338
19.1111494494
52.3757546728
1.96638586689
2.32190472647
16.6716796422
4.71446377886
15.7435641361
11.8483368825
33.0490240287
36.1616761186
8.33617369963
0.306625614584
53.582550545
70.2280908337
0.725480442915
16.1434351562
17.0727094828
2.45969065915
0.558632201754
12.0021098843
2.20061269067
17.4733819946
0.788978905051
1.12794025057
13.2166727764
13.6092044917
6.11121564866
24.1022976823
1.89026552788
9.83593256447
13.3247397761
1.33331740782
0.282957252619
51.4932973003
5.87990199086
49.4172105628
27.866076188
51.511657368
33.497114334
