30.9557018011
5.35766210207
4.30499597941
3.01224000753
3.36879501155
25.7725416726
8.62281634481
35.2520913919
9.77209625887
20.1648728422
34.0350681708
1.05985442917
29.9764828402
1.57486325133
5.43765058629
2.12398287306
81.1791326473
12.838545011
7.90500030236
2.62883333162
43.1963240499
0.303730951516
3.3332649836
0.302459199529
20.4224059547
14.5559483767
37.3666145747
2.1914167452
19.3759293194
50.8255357148
38.480569317
12.4598335419
0.447832337425
0.0364662139746
5.77696707486
112.721353856
9.39328110145
45.6655860597
15.2556118792
13.9955379553
31.790436888
29.431965457
1.69255070678
71.6946077027
5.26756929537
42.3483499776
22.7580629381
31.5319678247
14.3219082635
7.54046436803
38.983071436
29.5331671156
14.400023178
5.92696746654
6.92947515382
11.9225390328
11.1126700255
0.819007948232
0.338469352112
8.19589479913
4.36916214986
28.1705561325
38.6426818965
14.3288988381
9.32115431895
6.41060489397
24.2439108696
3.57167614633
6.24137801719
5.93518755486
34.5914149142
2.47445394537
47.4179132053
7.6973912233
28.8853316884
2.71945378049
18.1836160313
7.97629573148
5.66793998962
13.2679385904
13.9392469064
32.6685535448
22.3036657931
4.72419260015
21.0301788452
2.22083863866
9.01172015905
6.92573505006
40.253101356
6.48992653411
8.69134589811
9.97812665893
31.9527559328
24.0624365951
0.606842834485
31.1438017309
3.81714635718
9.9733444006
3.53507107345
12.2170869388
9.11312172303
18.8926518273
0.115775744254
4.09864362301
17.0389934729
7.09035356573
13.224263588
2.04936707059
3.71478614724
12.6009447421
25.8894518424
19.0187367811
6.27694057267
11.7849919411
29.9300207279
2.22288173615
6.86250807314
34.6433323854
3.10457374991
4.49359295895
2.28942601264
3.88293861333
35.2541942909
16.6088632916
7.55186813316
20.5620673877
5.70113082397
30.2269165309
28.973418793
4.56367745319
24.4427746902
7.54266576784
13.4003875595
15.9375294661
44.369980177
0.607966306441
14.4091577381
15.2826177619
8.09478344673
38.8413275831
16.2204783468
0.594840482167
15.1695184997
1.59296064023
4.63260593429
0.950184088901
11.6343814764
11.8555417968
24.1297085583
3.58591998519
4.06399687016
9.24715595254
12.4329929975
10.244600392
1.66730627133
4.97290372382
0.200439477814
6.27737679825
13.9209285751
17.901692363
0.479894251124
14.9740141321
35.6866406551
8.52522516266
32.810233952
19.3113505626
4.87051148836
1.77254082976
25.6565288188
4.66714968607
18.4062300916
13.3106572228
19.1677659333
4.31130857704
16.7260567396
7.41288078281
1.58442705636
5.85411739336
11.5828968529
14.1769437734
18.3935220313
10.5321321177
15.9709802865
1.79033388379
8.95215241741
1.24604576073
11.618600302
31.6622883908
4.02694307801
3.15552940392
1.53681918182
1.5058486172
17.0202299548
4.19647467369
6.12441459026
13.3159422381
18.271330355
31.3218324875
0.00577252551064
1.00919144698
20.0450042305
110.003259473
5.94687068012
80.3887624032
19.4474048389
3.23777256877
9.52417900914
8.90486830602
4.59861488378
5.85108822937
3.27779469409
4.11551737449
14.9566070572
2.36389411516
9.88678788073
6.96232527118
13.212333748
31.7041437548
1.24116263225
12.2630359068
13.5652475729
52.2093433346
6.80384014718
2.21663045304
20.8197296259
10.3315450039
27.1141347716
28.333242809
12.7825142419
8.81265586181
35.6318707684
53.0027178615
4.21590433414
17.9443248251
18.1513824171
8.62663802829
8.28975117064
43.5560546353
8.52818372592
97.6767205588
1.51578889718
0.885423357522
3.34012293063
2.2423159403
6.76801456592
9.56516598602
7.55533314669
4.8253081467
3.93535129955
7.49271447283
11.0739115334
7.62374784533
11.090860424
18.0928159329
6.00876828476
9.39532274303
11.510042778
10.0253502944
6.02338541545
4.33509887239
4.78219526943
17.3868400453
3.20588702503
24.683078624
36.9457513179
9.36965071709
10.0965438388
3.54521316378
10.2944275732
1.12742654591
19.5933236503
1.42895956125
1.97874713626
5.24587081948
23.8294929828
11.1955885365
11.9481755642
7.40242522329
8.7937781186
2.54782587729
4.80936136342
22.0980385425
17.7871529062
19.363383219
13.3265024201
0.974888004452
7.23873460387
5.35474421749
12.8071608633
88.512038136
24.3377682047
14.4022555568
66.9969594568
3.75969233992
3.45006136357
18.1044735048
12.2819364022
5.88015707063
37.889397678
14.363743094
