10.9092194615
7.01053548274
47.0785269927
1.89236160361
3.6937644224
36.5435078425
5.54257533492
6.08227942407
18.465540879
20.3470338462
3.14289344742
9.84847543899
22.2659599587
20.8938941634
11.3547147074
1.06759768948
4.23793846003
31.3824472451
6.99795789611
3.2390687903
6.38233835632
30.7929883062
12.1784836436
15.8605705709
24.8560183267
15.2565169952
5.35910149022
4.17007303564
23.1456605466
23.7133989438
47.0107384538
12.8372297033
7.06686787483
46.7340434032
29.3677557956
23.5614219051
5.68114904745
22.838403391
29.550407518
8.82277114882
36.8824125599
10.5096571069
1.88997760551
38.2662849987
100.753971717
1.55509472232
11.774838875
5.72016691597
13.2988235699
35.8937366153
11.4826241165
15.1793940521
5.86168960275
17.7125961728
7.0118402808
19.8910837722
28.1227076076
21.1618070115
1.86031649842
13.3199966436
10.9470768181
25.0523230693
17.4321806241
24.6277427839
12.4812353747
2.77878919622
8.30592179253
30.6460542517
9.82953522967
13.5378044759
0.798100413533
12.1896725949
11.704674064
24.2601480927
0.303761437327
27.6013489869
1.54460998132
9.89934182636
28.2706362892
11.0055874742
1.19283728422
5.31999774843
3.82141843108
2.60659026198
3.91376854959
7.96386992428
5.00131802403
37.9186918167
6.77340370852
13.1122668816
0.4668539445
4.17634994346
44.8316494606
59.6291244674
5.38746893186
30.3551275927
38.1079991609
1.64223435779
14.1412407956
6.64110658332
2.90454181304
21.5462572214
10.4803279476
1.61767709325
7.23088922967
11.3691311359
2.65941116719
24.6471455073
4.01076802791
23.4985165161
13.9585471911
12.5292349679
11.2377987291
8.24544992372
9.85454614156
20.1053862753
12.3815662085
1.8778556242
28.838121523
2.50169002805
4.19526821242
9.91590477076
17.9089729226
3.49390142827
8.58143388441
4.65024617889
3.62465360744
6.31205378378
2.45994694474
6.03114531836
5.12280744452
5.42802822774
23.4865051471
5.99508265298
9.42670629466
17.0289231659
29.1864782387
58.2858070682
4.41120061154
2.14519670239
1.00940962796
28.8356196594
6.43293498902
47.0943551853
4.18251982442
4.20699219034
4.65663724475
2.50847383606
3.17999119881
1.35812824347
15.7439128837
22.8509533385
3.80865799181
6.21610921377
5.04060138602
3.68861311227
3.0519971757
27.0133246623
9.32974819889
0.59723620109
1.86956863095
26.8387011611
61.1346136362
4.95064627929
18.8942245165
6.40115300539
6.39441566459
3.98848057357
1.27168464563
22.4884122575
0.00961443125083
13.0357965745
35.9129070306
11.9961158786
6.09907753907
27.5432587966
34.0231973087
9.64353126603
30.6452798874
18.0692912561
4.35870948233
30.8115484501
2.51223847986
38.8034875075
25.2702162737
42.9264330969
18.7974651641
5.74625881385
2.49020714998
3.70592941392
2.89699720352
10.8202186966
45.2234073516
36.4128191633
22.2397982707
11.772740021
26.5854934623
4.29667732632
4.22136283688
31.6913305592
9.61499666086
60.4725302426
1.39686776005
27.2511445477
9.4865101334
10.8425941016
32.0403914159
36.0297566398
4.64887358618
13.1490441035
32.6373073319
4.60025152571
3.66768599732
38.7317200738
4.64363170951
45.3629619626
47.6047819489
7.98478056846
0.135119098613
19.2019690965
12.6334158204
8.48033956563
13.8123655101
1.97418398934
31.6931665971
7.80483307061
8.70816467858
38.5606529749
4.73220570881
5.3679208799
8.46518784045
11.881799249
7.55302381053
16.0711238183
12.6705387562
15.4272684367
13.3135608829
0.0742524185752
22.6232833682
1.5555014539
3.64538745586
5.16673416307
18.2404055462
10.3827529593
3.12386221346
2.54930744179
15.1450017099
7.98336919244
38.736263663
3.15922024647
4.74697720028
11.4914020813
10.7238197498
13.6087417376
1.05059530944
0.947173165064
3.06501701336
2.82589812431
6.63202412698
12.745118423
3.82087803521
7.88385861402
24.9351757159
15.6844679109
16.8491146411
31.6806702565
7.40656943846
1.09016549149
10.770081855
6.8809522788
13.5812561974
7.87931558188
42.2943007412
19.9262039654
8.94165754851
4.76802213229
20.5653569798
19.2357669959
1.9251198594
33.6703761449
9.41258987443
16.6286653212
36.1396892844
23.1177963666
13.1419573618
4.89184591909
2.59264314799
0.667048271512
20.8553854239
2.88428654575
27.4161202825
25.4785157133
8.0512052357
7.03805345663
0.399966714339
14.9487472814
10.2581148603
0.273470715419
11.2721445678
0.692940716606
