6.27318651251
17.4532610438
43.9539643434
13.1940694835
12.8412686953
17.0951959162
9.86171390978
9.19960994095
21.2072388738
25.3365294009
57.3688016987
2.22623783111
7.65270753855
7.61797705138
2.32107335423
8.78735967623
23.0601819238
11.3615360652
16.7415088458
13.7916929021
22.9094571665
13.2257208227
19.3225320144
8.75463827099
30.7678506909
16.6301108955
1.18581703442
1.93370827838
2.85890501693
1.44674195836
11.6020856494
21.296283
10.0221478606
22.3130424717
32.3576691315
31.5735639274
2.22604046733
14.8314723545
30.1267714989
19.0860013306
19.3785422775
40.2465692149
4.94920278529
12.1339946361
2.44265983613
6.13764546373
23.4295715297
33.158897886
2.83443363401
14.6955775601
27.081278993
15.2163177634
17.8613266965
0.63462340276
2.82137503748
8.66598357119
50.3300519614
6.46912203796
54.8181461719
4.60249163828
81.5192028557
9.25435620447
5.71775311921
0.729321127367
9.43685339264
4.30451875154
22.3132398274
14.627701778
17.9776661941
0.29923828945
1.68289082706
32.7181941714
19.0986225217
1.79441883239
0.3035241764
15.932945268
11.6199279781
24.4967084809
17.0500530936
23.8724682446
17.8889826963
21.5802635619
8.03023193647
0.117145514096
40.0205920615
1.69564044611
5.73767972976
45.6625967514
7.77767165233
2.28137021124
20.4520020792
29.143602876
16.4232633857
0.43818136497
36.5102951355
9.85082806745
19.5283120752
17.2897593417
6.04679689443
41.6942094445
11.0498294443
0.437451564555
4.4962234682
29.9949862631
24.6506177564
9.36751461059
0.179804062636
6.71783705312
3.26491553257
1.30683690932
5.45736749413
37.9752993458
2.72068777292
1.55332073426
20.1163711748
31.3974408543
5.5086866564
3.66336862267
12.0332586675
18.443248681
0.091607581063
6.95326565926
18.6470479378
3.869779424
1.46911901804
0.175831960337
11.4703030378
2.06294289437
3.28141341219
30.6244254379
5.2953646568
14.6502772178
0.412368834497
0.736013001196
0.832488345759
14.4656379864
8.05713957065
24.1118360889
12.132075202
21.9204349591
41.4950767851
0.216550996228
16.7397121088
4.34352171678
28.566574965
18.2619643045
55.6458529689
8.42036068604
27.3878413383
17.279223479
0.946403360885
16.6680951069
17.7232253191
7.15331725606
8.27257738471
8.84044351335
3.19658917916
0.549288755619
18.6961791808
18.2779871655
1.76451351367
17.5430488062
18.8609199193
0.109195437065
25.132559464
14.3224836307
5.71679688078
43.486861415
4.66121768987
26.8692256726
14.3865568593
4.47586701878
8.54620046163
10.9707712695
2.13959051383
0.351714710442
4.57907653582
1.36405049012
2.82545366952
19.4968768156
43.2970472385
9.7190189177
7.96950669916
3.02618012729
22.9178153377
3.92019351779
16.6114822361
160.923246416
13.1077955511
3.46873723277
14.6543836362
25.819163708
105.52933569
15.1993149563
1.53136435337
37.5340633408
2.63452899108
19.5037390341
4.83722589334
9.57775189133
10.0408713312
7.83863540373
1.43424508632
15.8711289069
0.916321667719
11.2014194234
1.71126916372
7.87977516298
23.4190651612
0.397028895165
41.7672714687
9.40656407868
6.04167979586
13.4228196934
16.1185041263
18.9454867481
2.28873341869
3.44584245754
37.6365945626
11.4936998547
9.04740653982
21.5841173628
11.462885134
19.529742504
65.3198535486
8.74605792148
28.0790529438
48.714824453
39.1069842103
2.22868214968
6.09560703577
1.100994124
29.2522849179
10.439611435
0.257234906118
37.3303057174
39.6615156206
0.89948079818
21.2203171604
11.2831719102
1.68264505866
7.76638382618
7.43095024867
27.2800107965
5.32441828136
9.12734932811
3.74224908255
9.98674296579
8.37067599237
14.5905249436
12.5661181975
2.79841454727
39.5254538162
32.1203130812
3.62474877623
1.76499091812
1.77795955096
8.71317410139
1.69950862886
27.0978232558
6.0715526351
13.1036783134
5.36234559946
12.0011757189
25.646406454
10.3013537419
5.46901752734
19.2910486938
146.140674787
26.0146871152
4.15066277074
14.2915677639
5.2504922972
1.02356718228
13.2034221859
3.59537313116
0.979060411769
16.1165320408
0.137887302967
27.6976521225
0.585337123285
15.0569953905
19.1314358657
14.3207430404
14.4262634973
20.8378444728
2.23925432553
51.4007115032
58.6956359709
19.6747425218
9.94012581425
31.2693282274
3.34126363851
3.41690251448
0.906050643679
2.85430574579
29.3672870802
0.447757053093
1.99334370001
23.9430265047
