7.42147333462
27.7034591672
11.2299938984
13.6816067051
8.52957601228
18.2428802887
25.3522508477
19.6367775582
11.9550512723
6.00007655043
23.4332660251
34.3044340539
5.61105349886
12.3809201626
11.073510006
3.44102510522
8.45492422168
15.2728848221
50.8599673307
6.21263585197
20.9485082398
18.3794186598
10.8422092537
9.90498684487
14.8462513699
20.1392854871
19.3321491621
1.46501892757
7.73318890645
5.42085161709
10.7497634522
14.9223425501
3.60378246016
47.4138475737
8.43099080926
7.16074360016
33.6751364139
31.920635904
13.2203601374
2.42005377409
16.7020057283
3.06297746961
11.1264962352
11.8014040744
7.59655607501
8.98892564699
10.3549786824
14.4639669249
13.2494985166
46.3246099359
34.669447178
27.3241190964
4.7853172117
76.7728797977
4.25497629507
4.84954648489
5.78433834923
13.2255697396
25.3108369374
6.5148149759
10.7153036488
1.8781963113
10.1822592674
5.73358414574
0.748358724796
0.558985393632
9.99136149693
8.17799341233
11.6984674245
2.65712259494
14.1891152228
49.2299666361
8.8009365822
0.284980776732
7.79201230266
0.989886419095
16.9868952261
31.485217022
33.5826629372
3.79840966997
23.4270446459
14.8463758124
15.0548514814
6.38214407579
1.76579033142
10.2306249395
17.9963163597
4.28442872821
5.54035719452
23.3268448339
23.7490566695
16.7193273728
15.0326905956
8.483735937
8.68926305636
62.7859924494
3.50288286857
16.9433791385
19.2655043846
36.9110082442
24.0558318083
12.0227190447
31.6765657449
10.4921863212
7.13998358802
2.91933133909
11.1652789082
1.86750568469
24.411743225
10.177585094
3.28878873946
11.3052612465
45.3261170126
45.2027156324
8.75426569215
17.1927826788
22.7403865402
24.7762965433
31.2942099283
1.4304945279
0.994733359923
19.9819168042
14.273233858
19.623349024
3.87487617643
7.60581325965
0.450662856644
14.0052094081
4.34561692978
11.5066540606
1.33145056385
3.83798679237
21.7573421632
3.62774502475
12.0757934036
18.6847305192
29.6865885497
13.030637379
3.77432835581
0.445598736512
10.7348557777
9.19470941636
9.88403427425
2.60653178981
4.23763915327
8.555609554
42.1380785313
6.26681964737
10.2813980689
38.0835883053
0.680058746033
0.423390275474
36.2625775626
34.2694630603
31.803995282
33.8141095061
7.18937154363
0.111524642783
6.05612991467
0.168256898428
0.724125083199
1.0065862233
7.1371137684
2.20200472355
21.7890177494
5.99424979306
34.9183995295
21.4974621928
10.2095919542
6.16877513765
8.27197836392
4.41850140307
3.22080434179
7.30255857351
17.4855890867
39.7950540518
23.4490348538
20.6411424733
6.61474956474
15.1576699504
14.6127246689
7.31108996197
6.43331397808
7.82275928331
0.428569658237
13.5848192865
7.02382192293
21.1844546536
12.3900419413
2.68238117989
7.29453497745
5.25206693947
105.015902801
26.9326851267
32.9745308635
25.6748591264
5.11476186569
15.7018029453
64.9937002337
12.6272509836
21.5496833979
6.30103302701
36.2480905078
2.37313515533
76.9446146037
37.8495232167
7.84947627468
15.3633184616
17.3399786644
7.97036643837
60.8851348243
10.6489249974
40.2470833255
0.927454195615
63.8159464401
4.19813579032
31.5584756523
2.88069203798
32.7526003264
38.592609544
72.2175461743
14.0554583713
46.0820858497
17.7267328478
9.02457013773
1.62128304801
24.084254813
87.194268533
23.3528679402
0.0234155758367
16.6612760315
8.59794416365
4.75944525553
7.1201433721
0.0608238147361
21.466134922
9.99190700347
35.4403089427
13.2852852036
22.2713777908
9.09624758109
14.8753221451
29.3007527157
4.99421308905
28.4827072324
11.8948025389
50.5447033783
1.83785804037
4.35010836395
11.5107021172
4.00381405705
10.9535380722
4.52424622614
23.3628756343
1.46062881058
7.45054491639
43.8136501075
7.60229300879
16.7701528574
4.19442728974
8.59951204201
6.8495896629
33.3609012432
10.7298760421
45.6725679136
1.14412187944
19.7825029562
8.38949447946
5.74477854329
28.7071882079
7.08721569798
15.7920741442
9.04909594416
6.99251929843
29.2498086558
1.6661312838
1.57116067372
9.19781376888
5.82737211933
1.39689901042
10.9064039237
0.541893567847
0.952936441555
9.48528817163
8.04089056187
35.3255020759
57.2108679409
13.1580580799
2.20061694439
6.08060090933
4.02729655072
9.25639107658
5.83903517119
21.5749392345
0.168579640661
12.1212399787
14.1251497391
1.96056136106
13.0451278439
0.740037004183
