1.16592563729
1.37047488557
42.9819381942
21.261128802
11.7510060471
2.54535136074
11.7462799838
19.9268558254
4.42119719678
33.7897713302
13.2647737729
32.1501305259
5.40176432497
1.25252148045
22.3728996272
18.1482970631
11.5456035457
4.06954977812
13.7570472074
10.9363361145
9.60671023874
4.2236419377
0.810527399477
15.6414297135
1.78294374277
31.8259004389
19.4657554973
7.41499198743
39.8171718899
2.30245241583
17.6831468197
9.64765411516
7.52146047215
1.28217120114
6.27452632324
3.08863572181
15.7765200751
15.493466207
31.4348442098
32.44710724
12.8050057263
0.200621236964
15.279593067
8.27671207322
0.732277738053
9.11431342994
0.865509282995
13.446895503
6.71246217003
24.2900223387
22.287046288
19.262663906
13.0003045983
9.83669893453
3.13657446605
13.3734610839
11.8443671073
18.8573681809
2.15478616967
11.238101071
11.7538000621
36.0274746569
3.08113888314
15.0382680653
8.65955951132
10.2747239509
29.4287502338
34.1714289565
3.06379983681
22.3886916747
32.0112090691
10.6451731503
0.832367729219
0.82160977024
20.5043082562
12.5966498569
6.22597274117
3.07358531588
51.1461989441
9.35544820675
0.13576962725
14.6082792192
49.5027692278
38.2472466431
2.86316037371
1.31539549788
33.7347328882
6.60543115975
34.9463146183
28.615529595
9.15172749515
4.15107416798
9.38347512552
27.7360692233
2.97171169579
3.09654656838
27.789504151
46.9362616992
8.22349032647
1.59799309434
3.56995944783
54.3178767076
2.4772870908
14.599350699
14.6152854343
24.1616234606
0.566478192118
3.71260082904
5.02799985229
32.6544417718
9.36277409945
7.6566459559
14.7082894505
14.3269387764
5.51111265183
5.85755102981
11.6863631265
5.14721950432
22.7191793014
4.2698629914
10.869156006
1.33205675527
34.3136170824
8.53399196473
11.2923518825
17.6650900027
1.85817318762
3.44113425897
31.1308061779
38.5233991112
7.64339365356
13.1879847835
5.6657712603
5.87713439588
5.60966095112
49.7372884957
0.607368902422
49.63933226
9.69884213446
61.5113469426
4.25509370706
8.25778765861
14.5696342584
3.56772182477
16.6080606387
13.5028899852
0.288703029343
18.0052369793
8.4307616553
4.2216400584
7.10973114747
27.6175483377
3.77035575919
12.3968881575
0.898191145994
22.7222358181
1.69657254021
1.08656752858
30.3525416944
12.9844539766
2.73466006657
64.9245704441
22.1097901512
5.33169307168
0.291206902963
8.40178827057
68.2146436604
15.4452187398
5.30181597844
15.5956190303
3.72287133884
9.19393155366
13.5844189445
7.48449925665
49.9605819111
7.23802821255
31.8246517666
15.8719812858
1.58601465256
10.8479697805
17.7819803761
2.81870197456
15.4978481242
3.06652826213
2.81845433113
7.81225595725
20.9453335554
13.4524491781
4.54902195356
89.2975650962
32.1641805577
0.297632944528
5.66143753204
23.5638751798
12.1132918559
14.8480300834
59.0615492718
4.37783463571
8.20514225976
0.744813450769
16.5429483672
16.4708700773
7.92303311605
32.050466911
3.63043590048
21.6989539042
1.24343398418
20.4171666817
2.03398324679
20.8340768739
17.249335274
11.4207613238
33.2388892151
0.955718221277
4.25336071779
35.2975121442
0.612564753915
0.977421883253
36.379133712
8.3435637148
2.95340481467
68.7801924738
16.0228859125
1.73219641927
8.42404864665
16.2920257096
34.6635033279
4.42310537408
5.61878671827
2.83932293088
2.38030862221
43.0158553817
7.42766896686
98.8797369262
12.7889634668
4.38444778063
22.4461671035
8.01005911602
17.3294895496
36.6080023684
6.24841923835
7.02915252953
1.0354176616
5.03739679449
0.690660330522
7.05403249439
3.05126913833
3.27405198997
28.6039127963
16.1377104759
16.3678043504
10.1866853383
0.713354934034
17.7581864965
2.17091704068
4.04772364143
8.37873302536
3.33617149097
23.6270946602
1.67137477412
12.672343507
5.02003422027
48.5113583683
7.13894652471
10.7067232596
2.00700876821
6.46226414903
6.06520902099
12.5676490719
6.87067652327
3.10332396248
15.2704919161
12.324194793
13.4910491813
14.6893613062
0.889746074322
11.7893494934
10.2461786183
28.0090253923
22.6165511923
37.9444352553
10.0244681079
16.5604790867
1.12997905079
0.223687269882
2.34688359112
46.2969200419
16.5798613298
4.23853857729
28.6515316104
10.3576556791
4.46850078202
1.70243773767
58.3857483446
10.8468642498
8.97316715713
0.30812021451
5.35620488756
1.86765791006
2.53622646392
