24.172721373
34.0997449013
16.2484594381
7.6289657173
3.33626822814
23.7688048941
17.5691408998
30.7555356631
24.7132679657
69.4354996144
0.00418779168985
0.377181143384
75.4762835271
1.11474177894
29.0742584596
2.64287135451
2.41975809241
27.7509062113
2.37949417092
67.9559819814
8.32241850256
17.9564657834
56.2213393037
4.1499784129
21.8826867076
21.2353224559
14.3369463218
31.4950534287
27.5477594995
7.73410614019
8.40998945837
32.3162028017
4.30101059462
8.47366097107
2.42093544255
16.658724105
2.90434092588
12.3066544401
40.7472923057
7.48914036732
5.29261951282
3.26476112087
67.4478544499
10.1406555696
16.0076354147
10.826914659
8.60417340778
3.73449178954
5.5600896116
49.8182598411
28.4395944209
35.506334785
5.84688211927
9.82945506338
36.4512117205
3.73792144347
0.179619491603
7.77637166311
13.5870840662
13.1403914245
5.98283081866
12.4701099682
5.8182233434
12.3464209785
8.48453290066
7.11351303745
5.34830113821
8.68779525505
0.785075257889
7.91960476635
28.5500399586
26.5842198236
29.8891238072
9.9688050503
16.8130100213
9.11740822913
12.0584955599
5.10233738203
50.2634944795
10.5818019871
33.4928890079
4.26913126685
6.33409691373
11.1979788252
2.91660549332
18.5775818802
8.05168926805
2.34426952394
75.6184358847
8.35860719304
52.049377855
1.42264316843
16.9291678897
35.0641867928
6.66136586574
7.30719861694
0.16024149446
21.7113524919
0.546755341855
16.5843160739
37.8802652991
1.92573281079
18.024983794
51.2251521037
40.9361069924
14.5276837284
2.72219620741
14.3256238586
30.2820297723
1.46327784025
24.0770749994
14.4498524894
16.4823997935
28.4345230363
1.52407117131
15.3030123826
9.78196818227
18.7479491274
20.422940813
23.8123097737
29.6865787179
0.411958541849
12.4500533561
4.4034983971
1.39673309151
34.67887652
0.872391327161
5.77387525544
2.06768386471
25.1155472074
30.5267191556
18.3675458322
35.7734541475
9.2843086033
3.97448218745
31.3735718977
6.77421006992
1.04766022316
4.02022326275
31.6837472193
1.24804396091
28.518767031
4.01651163575
19.2446713766
1.55599897693
2.0711032829
4.22866407305
63.6955557347
1.42175029085
17.9788806814
27.2609353063
18.1054892093
5.45756876296
9.7449485579
2.14930209578
29.4493421111
23.7903493715
16.8040083703
7.41073718284
18.3113980782
7.14943534473
0.36885740884
12.0692324063
14.2393456482
13.7792130962
28.6518443105
42.007607204
65.9028076682
16.273879943
19.5930671964
1.0956714376
9.94418009582
41.4261404787
47.8512540457
16.9337726676
1.18610021243
16.4195617785
0.792945648172
0.221364392902
6.44123962668
3.6099341111
8.12583299859
0.150047975756
0.364622490536
2.45718916748
1.3886461238
20.0457098852
11.6466237796
25.3639777749
7.876292804
12.804590626
31.0722924897
0.0584999260527
2.24584938458
3.40792731622
0.907408124516
3.28502459106
7.61429182304
7.2443955739
1.22790829045
69.3944766377
40.2000521148
44.8885666428
19.078005158
3.2584132377
22.3019663595
4.66656251762
6.02939902414
8.15907020081
4.36534624318
25.986327584
12.3269478816
49.0761795944
7.70257167056
35.3365472336
34.2119818834
7.70086417555
17.7572165262
12.2809610662
4.86293075845
15.5250857571
28.0739307221
12.8320850786
5.56729623176
1.71618910594
8.73451078098
0.825215154928
8.09172848752
10.7177396786
15.4633154981
14.1413348281
0.579725670405
43.8564573895
34.3794336998
35.8951216007
5.34273682692
27.2582727523
5.17671756764
39.9158310507
7.75350061759
30.7846908005
8.43539260958
11.1782134788
31.2107748752
7.88785416434
43.4713288118
5.71186277819
25.9858801797
7.09353195699
1.63247468126
32.3953258042
21.3537694381
7.31179034986
15.8751933039
23.9076198751
1.83003279791
7.6462978203
0.623060393869
2.60356762013
2.37102729771
2.0853900184
29.6144735855
5.80028142784
2.69539054027
6.71548930064
14.1257111604
26.0279737349
0.747792969799
22.5538244264
3.06541779181
3.36426297652
17.4323101078
2.45308115151
14.4727834522
1.42714298965
74.4341685268
53.9109329618
4.77363652008
9.6305165641
43.9813002052
9.92458716748
4.32516736565
34.2689363217
5.21595296583
1.66221076349
12.0146107729
3.96296057553
14.5070433364
5.57580057595
8.37768981053
20.9642903032
6.10172049489
4.80294482031
51.9309763074
7.99798575025
0.0917310138942
18.0178818519
2.20706870865
5.27991629751
4.99936020997
