7.55268806376
7.31189985993
32.7304554454
7.70136844021
4.17798917084
0.986873058023
30.6845152678
0.33511399958
34.7084367329
17.4672584669
77.1018921812
28.8034871884
12.1426696067
47.5254172766
7.88089543638
8.46182356148
20.1269388937
25.7370648929
5.11528947799
10.2241327914
6.5413027411
61.5317757751
5.10091128147
22.2740219891
3.16945390605
6.92910563898
9.75941445329
14.9465275426
8.03667164816
5.04698559754
39.893179763
24.5228217389
39.1090280433
5.54697242969
4.79553203447
6.90837824764
28.1967764596
7.97705464094
59.673231352
14.0605590015
13.0403298146
3.92799977451
18.59613643
19.1950242808
0.819564525851
17.5814973659
13.8288534616
15.1469214881
0.778598130583
1.424156231
13.9160008601
21.0998186303
6.92797759171
4.52143367706
11.6888249252
9.92827603097
16.3860615203
0.301566421543
26.0644604656
79.8490799511
2.13728705912
24.3586600506
1.77202827748
1.90125332213
3.5816735478
22.3294238745
60.193636992
1.14873314409
14.1662298168
20.7502905149
9.1158698876
28.0666410087
18.4317045977
22.2998503956
45.673600379
21.3111910645
11.1839724375
5.10456042059
7.03193840513
32.2700443582
9.07291118541
17.0511614605
2.50212015397
6.14391923419
33.664528655
1.27581658187
0.681570564001
4.92289790451
7.45007868768
23.4503796611
31.1212840603
2.11298385714
31.4331130139
0.256291270419
5.57093801988
17.7106680421
34.0275449058
15.4967291921
3.51037853138
1.29427745913
14.3276390728
8.53843827499
12.4451571682
16.3619740676
36.4607125637
13.2580582664
6.63356656248
11.0882222871
24.3037598267
3.31216574312
3.51639334565
18.5567854496
22.7500625269
1.12518752465
2.99805499045
3.66868225119
66.7439298931
6.41059231606
42.2800721197
50.2409352466
13.9559614657
29.1654974742
21.9631778787
0.56955615752
10.0063101204
34.5372474459
7.53800005154
8.73511890767
8.38682492027
9.59084868526
13.9383925268
17.0307497284
3.07098369943
5.82718903773
8.69614401915
9.3567862443
0.834613930854
15.5519374303
15.8015349457
4.84371129323
6.63876996146
0.881111083764
7.73166156569
0.0239859187754
11.7853352309
11.3223680218
1.64005753162
29.9333325948
8.54016473606
4.64436115848
4.72106796271
0.0491620824539
8.83160483686
40.0165423043
57.0586323911
19.0365164052
23.8189569801
3.98085006024
9.67851555376
17.3268225263
10.1615931407
45.2114783994
1.93136834321
14.1685885786
17.836106349
9.08760242826
12.1790814896
11.3244149234
33.766264457
0.1929177413
11.5091919198
20.715940094
9.99212957557
4.32491697135
14.7062895078
2.09108922848
0.650967138989
5.94580236745
12.206699037
3.90792326856
0.68296017724
0.659222626433
17.7030634645
33.184880167
1.266398715
4.48617736329
26.6038061827
13.8495815711
3.74509894738
29.8567023084
18.5850065149
18.5040982785
0.329002155915
3.58931712575
27.7522105673
0.466723487077
8.22432818036
19.1217988398
40.1266715811
5.78397093252
15.1333420445
7.96022338845
10.1590003312
9.52159709854
4.26490074351
26.3729829543
9.9350259382
36.2938367122
13.1004035698
0.137544258423
45.3988981691
6.74635538288
23.0224918574
0.0376165402365
4.84006491023
0.879391597954
1.69110354147
2.42978285986
10.5207474441
27.0749098684
25.0320454501
3.19499698737
32.3810029886
34.2234340463
33.736375829
1.23239472462
18.3793828145
10.0862093963
7.87295486492
5.59531121917
2.9971920272
11.1930087972
20.1714456776
11.2032376798
28.3630350597
31.2795749347
15.3887862605
23.8666040484
0.77125163296
7.63038175077
10.4505821114
6.4751997808
11.3614588768
8.39516509806
23.4004968084
6.81845883506
26.6714861651
2.73915804454
1.24880842639
9.85751613736
12.5562484318
4.70784872962
22.1414735553
53.9131623088
14.7884609463
3.13682528553
2.02593847852
2.09742761592
11.4632660088
16.7674626941
19.6226476892
2.776574991
42.8616201134
26.0788603164
3.40270893325
0.0386163120271
19.7816871448
5.993773112
11.8792089442
10.0037974734
23.5631268581
5.96828178875
11.9396773279
10.7557809419
3.42118239293
9.330098445
12.9254365294
3.25380048435
3.98657935573
6.19799523389
0.308683952534
0.884536738828
0.846971170284
29.2571176165
51.7677088699
15.2933088551
2.27685169599
10.1026754473
14.8999287
1.51165669722
19.6218342291
30.1207585904
35.1950975187
6.6945885471
17.3594311746
17.8903979874
9.15470554643
26.6379536927
7.74582992086
14.5158386737
