44.0478357974
0.546238585444
31.4293802771
3.24175027233
8.32742371403
1.25400499807
11.0783156553
25.2543863023
10.6902836953
43.4023752978
24.6416337369
5.99449807884
18.5333582111
9.69487872702
21.8323970628
23.0396405866
0.0578511894667
22.1315695079
30.1680985341
25.1439384212
4.9073267133
6.89799888416
10.539768766
8.87621415134
5.94482813457
37.3111364284
6.83469054946
27.5896471784
2.43917300257
13.5761866021
15.8876219027
20.6272887645
29.9098880572
6.47863851708
27.6376022004
33.5835260596
8.69693309666
2.71853145628
11.0405929033
5.59416510523
39.6246692703
14.9762754785
5.07784933643
52.7018748528
21.7395444982
15.5563230922
1.47357626414
31.3860869446
38.3902237687
23.4524047854
5.95952990363
4.13883896528
6.90685537782
1.0808086419
20.5375577888
26.3589938508
1.2516956475
9.60556520799
17.084185461
8.02550786158
33.2628865804
22.9947452003
10.4082154277
2.63070377104
19.6780385179
7.18907364847
10.2930562485
25.0993535454
8.96180824037
24.3208206847
51.2687892466
12.4879112062
18.9568319359
18.8982752326
38.7201418313
23.754644437
13.9300924941
24.7289873164
15.5870424658
36.4439512273
12.6589559802
14.7878204431
43.2781126997
39.4271604204
10.1945797502
0.111168438691
23.4296723063
10.1049991216
2.60338709383
12.4894440513
24.134117065
4.85366304255
5.31216652004
43.3697400365
1.20131362176
7.44576814862
8.98479489742
5.86377151606
17.1484105238
31.0430505931
22.8998565854
10.0094137077
66.8570929462
14.9933723638
12.2882173738
16.8468977759
15.2048577074
14.999230833
51.0931865779
2.12963862508
31.848729503
0.0110371875658
3.77038899763
0.227457543696
25.0576443571
3.50831010124
18.5758626332
47.7175045722
10.4276236531
2.19111841721
29.4184578175
1.27651761624
22.330447133
5.59878066187
14.4786835398
4.15351264541
0.278104942096
20.7762882981
3.22212778477
6.48066789275
11.0567699001
21.6972168203
89.4165645316
3.13394515138
0.494191765862
6.53203921201
41.0385780794
12.0936147525
38.6339082646
16.730641265
17.7578667058
3.91377547754
15.4815639821
6.26953219984
51.1169771599
43.6433818225
4.42524066111
21.6074996975
2.64237686119
5.23910071123
0.929658736559
30.8435360083
7.56773875694
24.7859943979
19.1249609659
2.87655795198
5.4958361725
49.5162081577
13.4831989324
15.4953395265
12.6012873538
22.5913950491
3.60441549844
50.0608743296
54.6753519746
47.3492456547
38.880310422
0.657656325035
20.1591774954
27.9324655043
17.5553861601
0.937181408273
19.655025095
8.33214014661
6.23708028578
18.8978097946
54.3199547911
26.5770268941
7.52457076613
8.17583351247
1.71533901671
4.93785508392
11.7840967191
19.5695853416
35.2716640916
3.72769792016
3.89623103289
0.514013014559
3.37865435226
6.89301674335
1.87036295659
11.2210527587
17.4295898929
6.07102101146
16.199427523
6.33699639711
29.9552263665
9.61875513185
20.346685136
13.145345811
6.38762739871
6.31838085977
10.2482007139
23.3755615468
2.98642466299
32.5232111943
5.02948576398
3.57410901233
27.1235084877
22.679536721
6.70378676121
23.031334174
11.6052687064
29.8185560678
1.93657322264
57.4044332444
26.8341081627
7.23916409097
11.8191434335
1.10854734067
12.0586544085
1.77757440849
8.32208337449
17.3536516517
0.955091972047
48.466394999
11.0172885651
20.552184232
9.71155546159
37.2837458371
3.73271144731
13.3007721112
12.301137259
21.1055787853
85.0609503166
2.83767097914
17.6815187048
6.84308938688
21.8185605901
3.83868396662
15.8510619553
29.7740919848
3.56854544888
17.7423407359
12.1760977693
10.0485166829
22.1635119164
1.70609777458
11.2428072904
32.3504414999
3.5797188094
3.8869184237
11.1342654383
17.4911340546
7.62275753601
1.02148936236
6.33499119898
1.28079402842
1.24303501488
15.3651654725
5.74178551379
0.131199077895
18.1518470691
0.511341292509
9.99567077314
18.7804181472
37.7254504706
18.1385536107
3.2864021338
0.219708021378
17.3337050184
2.65837149151
5.16223075944
30.9073992707
30.1978568423
2.82299774933
8.65927196839
33.5297718287
2.40170647272
42.8972863275
47.3324663939
21.4718471623
26.6728447811
35.0858493268
40.1197786076
11.6529762015
7.68895217139
12.6839061441
4.1154246957
17.3817933043
8.04557536742
24.7710872481
10.8244700502
0.626847603601
22.9667991855
15.1281247257
13.1593558408
16.7242275937
1.87767903715
0.135171400286
