7.96985142666
18.4670697413
9.68272041283
27.597396491
18.5451768934
3.77141315907
13.6433547754
40.1058303796
17.9001347119
18.8976428144
41.7167215346
29.7837383178
15.9320312172
26.7574992388
36.3644435053
36.6932565166
8.32516967895
2.11251463644
0.349627775438
7.4591657882
4.7552703017
2.72293723668
23.5574454049
3.14066701181
27.0890970889
65.4456153734
6.12640259347
8.65599194045
9.74492708988
4.5062791397
1.63064729874
10.4423524528
4.81817106732
8.50761029886
1.28322456246
12.5921927221
28.4121355622
29.1853619815
0.544328494663
3.68185094877
18.7834890425
9.10312777546
6.52032818085
26.3719011828
17.1881010035
2.42963214749
2.74226104986
15.6104384359
0.285392079503
6.91560346545
1.17529213466
11.3583481907
5.84782528517
20.6279382604
5.36012853155
18.1427625857
10.898168705
1.60738211058
5.54644294822
21.1146980455
8.97848600028
11.6561774075
1.83477333916
0.128838902212
15.1640581234
21.8432361135
9.34715250091
11.4012258751
52.0082593136
5.20428505703
0.244040008361
1.87800870515
3.8504910352
5.77241351836
33.409461003
11.3149687213
0.171001518233
18.4001400936
18.2025753693
1.21491613985
1.11862717676
1.55871167543
24.6310907551
39.0587648825
27.5980115435
3.03803409085
4.9692217358
1.11453971544
4.53146779442
0.801257671162
14.6594105662
47.1019183753
76.8842897174
2.32636612174
29.5349069382
3.31014040649
9.61493558261
38.2523862764
25.2953847833
9.95329268731
4.88234844917
11.816091268
23.8692459679
18.2950818067
2.73180389334
22.6171119102
24.7427239329
17.6193055589
15.3302798806
40.5982905202
7.5532537217
34.8020309923
3.69640266773
18.8516669279
6.84115108969
4.22221032715
23.1674591201
33.3943761828
20.8395414011
1.67532456728
1.00006575027
1.77599418342
14.770755343
25.8657790422
3.8527882858
8.17634658078
37.8136452117
34.6744522124
45.273740498
26.5315553614
5.9673718582
42.4894913637
11.6246235047
15.0700326051
1.15492639884
5.46870462972
28.139880781
2.16510221005
34.1289961317
4.54290014688
31.0732298958
22.6505117309
18.7138203389
18.755009554
2.37175851135
6.70711357034
17.0040544928
3.82719811892
3.43086744824
0.831962403258
8.15188374653
12.8453827848
17.5192759667
84.1030234357
134.955701841
13.466988264
0.996844161336
23.6583264956
8.66199271998
30.1469172481
8.10168800912
30.0481927695
16.1038244397
49.5206939742
38.9451673582
8.3224498371
38.0874253536
3.5407672876
3.97514238228
13.7141136764
20.1280334534
2.62343828183
16.8001686984
53.061138239
68.6125814967
12.3533208589
11.3461170521
4.88374877742
0.948325087356
11.0311967714
26.0641869343
17.413046477
0.302256799366
57.1570327641
3.99384263691
38.9165443516
17.5628107044
21.3462066016
3.46674411944
29.4832172263
23.1272053987
82.8823366203
2.97955645033
8.54173230107
4.45871175979
25.4837669135
0.845404011182
10.0248804914
53.5097639029
28.2283427574
1.74181214014
1.29132356038
1.27041774513
47.1818072235
17.955276737
0.981017167314
6.6441125068
25.3244970885
11.8291328014
34.3402883548
7.42802932947
26.6397183742
23.0291119855
1.68205660156
1.45093963306
14.0215791055
5.92760120026
16.9147604153
11.4305486621
61.3555907259
8.68663241009
8.55018424727
19.1035560007
0.941216630314
20.0908116237
12.9064364673
12.8469571073
13.7375600772
9.11033054882
12.7335583238
14.1908940057
10.7349913432
5.32487307456
6.37256080039
5.83811922704
3.11443541272
76.019520832
5.57953878338
15.0725481767
4.60532838324
7.39454586636
15.4945265594
19.9794573043
3.58627590503
9.2235541345
4.3364934214
10.4821341883
8.36542065278
5.45451758823
9.41321424153
19.1303350081
2.49719383063
19.4339616488
1.221104121
15.6050223149
1.5088043219
2.65774690263
10.4282068295
18.3695621202
12.0253264787
8.47705427864
30.1469745186
25.4303830026
4.45896205996
9.12213350586
37.5871032495
18.2954657796
0.83839852552
11.759667429
9.58250111498
33.6546139353
7.48398590097
66.5407111451
4.79522440587
0.618934020133
1.111630033
11.1172103068
11.5096023668
76.906534419
31.222354538
2.1410764312
14.9323793727
42.6616294695
20.1758279129
21.0627446826
2.77188264404
6.39165664135
39.1002032267
8.89042353811
7.40552213109
18.1734248388
23.5276057947
7.60118866515
43.5963851787
1.43753122385
31.7263905314
83.2473498305
0.518989151149
32.1884275786
0.915588213878
