14.4658941221
0.414167577357
13.892780738
1.17431927415
5.21981851592
11.8983572539
32.8278042688
36.569119165
12.6623728214
6.55503718505
7.02904251359
41.8361432444
10.5869372745
44.2721337529
0.317303406814
12.0439252106
42.7792249308
4.37480123449
18.910456687
2.28056457181
7.32059244226
12.9240355575
13.9864757122
4.86070740696
37.1541484527
16.1903807261
20.720215011
1.09917381446
4.8108727771
8.12878830314
6.45090549119
16.7891944941
7.38991615491
0.346823951997
24.7440884992
0.489829716491
38.5271513993
49.9375058141
33.0292450939
2.08336533741
7.62522627602
3.89275074198
13.6756693043
4.52787285868
18.0005768047
17.9036594818
20.8772802058
9.71832539119
15.0255079976
0.862676301996
6.20220552328
6.72868407746
3.78367008553
9.09048232471
2.63306392632
1.32308547261
33.7834907323
9.42410311344
17.506917336
7.60723504761
0.26828576418
2.75245679762
25.9011334827
16.3907479733
27.7744457979
8.46775742717
22.7633898084
8.33053830605
1.17297313739
15.519027436
5.9626596038
26.341625084
0.0104555095958
37.4767883877
2.31294130288
2.82065803316
2.21325757728
15.2042409066
5.23775469633
3.29999876621
8.68202467796
5.71876297115
42.2397741844
25.6691128582
31.1578329109
11.7781385942
4.54407231025
28.0617229835
45.6017262144
3.71616377723
1.29116135231
13.1508563006
17.6851853719
43.3747977846
22.7718883809
48.4211041469
4.62879592458
31.3377891281
2.37862641866
32.2222079376
8.66142754239
13.4866162443
3.18266224497
7.59200310463
13.0915216281
2.8188382755
2.93707102105
3.19301096959
9.52746283558
21.1038142834
10.5979364481
15.9276376171
2.82805789299
21.1412741241
13.9171029722
18.7946501659
5.80683901518
10.1805926478
3.96569632567
8.6736335824
11.5219507636
37.5520767232
9.50267583449
0.00990432434969
7.64073968685
9.63209160403
27.7064780831
4.64274122746
27.9435857901
5.58026696657
13.4217422458
61.4934901415
15.9582844343
12.0355922835
8.01271435539
0.138173171041
8.57595624199
28.1443958461
22.776976887
5.96319316959
2.23773018621
23.106171752
7.82724211994
4.96004704432
16.4613269969
3.04938455298
68.737363439
44.1105980011
2.44692744323
3.32247418169
20.5304810306
13.7570345094
10.6661255679
28.3971991367
9.48509000249
1.58368556263
3.92647393924
3.35326305283
2.26978825391
21.1752500492
26.8581406788
26.4437792629
0.931308998412
22.0735475525
4.77193876344
32.0197584164
21.8372249104
12.1495326543
1.89405464236
42.5698764964
25.4582725183
16.4524157707
26.0151782668
4.49540203639
26.7635828163
13.8106378449
3.65243719236
1.96055618232
38.7837258518
25.2543924866
9.43901099834
4.7289566137
8.25187553587
45.7971587294
10.5447126521
14.686671137
20.8243007923
4.70246222406
34.2882834964
18.617432306
10.929225365
4.72633506203
7.67729727906
0.418054927457
4.75403835753
19.1441179902
5.50362188635
3.74046117566
27.0452306866
9.56981284266
0.0332044007765
28.8889561737
17.7116226505
13.0164687026
7.45430497132
5.95862276547
2.27778218638
1.62313627049
2.36705115049
41.482679934
1.33285682913
13.1109258446
5.45700548117
4.40710233832
43.3334404624
0.972341015637
6.72771823167
56.4718973933
4.25001769173
20.3364516027
0.942542394737
11.7606028843
8.10570121535
13.0654620333
5.48192966795
6.56259159403
3.42587539162
8.99450503505
4.13132426488
12.4632801012
24.9877978293
10.1637186466
20.2241096965
21.1714669019
24.8385125221
17.5581493506
16.3405976116
105.424915542
78.2085877568
36.0841912946
16.1247731309
11.1278742527
1.77748506263
4.54506344809
35.9707294006
22.2012330467
46.3022701331
23.2437034329
4.1132201364
4.4173719285
7.9701611776
0.96771800486
19.3469031365
4.37878484398
4.65223126721
2.10184348979
2.81860307769
21.3598657693
18.7035320721
7.21935050156
9.33807123504
4.39753442377
3.96643171997
1.18736653049
1.97682965995
6.95705306847
18.1196204705
21.1873771462
14.0651689214
7.80321494516
1.69789978214
2.59544975053
17.7267012739
4.12387091487
25.4498247913
15.260912395
7.33245417883
35.2391874606
0.761866012342
3.12096687744
0.704709341212
8.74120844681
9.11306692667
18.0135593704
5.26476811141
26.3929938904
8.8441053234
7.10151134242
10.7990135304
18.2366060155
4.25428115668
22.8899152794
22.3026824502
4.75857077485
3.65768013191
16.2260538519
9.15734165686
24.7240786748
3.48358244245
16.790029122
