5.54498953615
6.07018358176
24.8357500336
7.61842690987
0.825619509603
0.026186283234
7.63170880331
25.1498824854
16.290429047
29.1297890924
19.1652046007
28.8320071713
2.47710180802
29.9326276765
8.72116790971
78.369932577
16.104538465
36.5858268963
0.406713717838
17.9203237657
22.9671381975
4.08984998228
71.0262019419
5.36556794733
5.04456307931
16.6943432681
20.0999588695
88.1797208293
6.81752584957
18.6910390296
3.94112484309
5.16096461369
7.11553766984
1.56361509315
13.7675717202
8.24542084422
4.30786903368
9.78802653081
3.8690050041
16.2371676342
39.6708374825
3.74152407172
2.7122036068
4.76456036375
9.86993897998
1.10830349763
15.3225286189
4.45616678757
17.9779246471
13.3482455979
2.03639944651
57.5908160027
1.69570508138
0.0182481296946
25.2803084382
29.4982578571
17.379559144
1.54249950006
13.9632838305
16.2953799034
2.39271008125
12.9822150789
15.5248713009
5.16668577959
7.28333116381
23.341008473
10.7761615617
1.97537660914
8.65447674007
35.7468179163
18.4835149193
2.23206869333
23.7991209977
16.9245040808
9.84916930198
12.4691954795
16.0629965572
4.85300242969
15.0978296339
5.51818116233
2.85589052515
31.895088633
9.10208905019
3.50222982214
26.4270250783
10.1026146507
5.30293679363
8.72711752364
23.5594502536
1.2519508539
0.94017911768
10.6118514365
1.20478159729
3.75651584513
22.1605589156
2.92205302117
12.6448353537
40.4161944635
4.61405341267
7.68374390451
7.75275719932
25.1093288442
18.4724109208
1.67573969708
33.544123003
9.58038621721
2.05690244024
1.95437439356
16.9135970112
15.1037533918
3.94333538813
2.87138738111
46.7655475484
0.14597552593
2.03369328225
7.01632950631
29.2641157142
1.16768780632
2.02438039649
20.7224570285
8.42686458698
8.22917055292
0.271162707748
3.755274476
5.3867648749
59.2635352727
6.06267868094
5.22217826262
0.102393978191
12.3852175574
14.7717769905
48.0714438368
43.8029157421
14.0600542452
63.6752774854
7.60401888079
3.32096525432
10.2500921068
7.02829785253
2.56524307896
1.6655358436
14.4579447217
7.90200568156
16.4975648326
0.896354180773
4.22901095316
7.18032866395
5.56339056938
26.3908033215
18.2094368047
9.94439909753
3.64282238323
21.405014542
8.92428886916
28.2902349932
12.8413719651
7.75896908045
16.2039225949
7.60723082871
23.1689498066
15.3551492077
0.484671279978
22.4215118194
31.9544648293
19.8298561494
31.9687982504
0.392660234193
18.6523903312
33.0366701652
5.73171830747
2.60656023488
33.2396611374
6.81946423846
2.15099323595
10.5854166795
3.95097655227
53.7974444522
3.34328234433
10.1221979773
5.55904099222
25.2448955733
6.52782899881
3.44190113118
7.36325061706
4.72188477806
2.91031370901
15.8489649605
8.55566301917
30.7705044621
43.2527247259
2.66552021083
6.76493448167
1.29030095715
27.5551089897
25.4802765058
21.4282947469
3.11242361102
3.56032541064
3.63348391693
25.226750366
1.65961622157
33.5621944389
32.9291400831
6.85926033802
7.14497189024
16.551949254
7.30158626521
32.1473683294
8.20863983395
2.66825197792
16.8652432614
3.1443003986
6.00890299333
0.426484160667
8.47339020903
9.49037321649
4.33378836305
1.13145432474
10.19873599
3.52872121362
2.11239120145
15.5358742647
16.6036274168
68.9894495628
13.1551853457
17.9978144008
14.0523214779
11.583111352
23.0636697468
6.4027038085
4.20973762974
1.30794486776
22.2321671741
2.4851019115
4.90911742582
79.8953704427
29.6504365263
2.03918798829
31.8272768379
2.28074820776
14.4086290648
5.07307909779
1.71961069307
1.82468592987
7.92713090954
2.75853546499
4.97848334256
1.02761300987
4.31110350594
15.1546575469
3.79491524916
17.4189862818
13.1249982983
14.9194265567
6.72203302432
7.81566155572
46.658843323
9.49831344731
31.2341056573
4.85711922639
13.4502685309
24.659119295
2.59266546229
0.277594633713
12.0409991638
8.72317300894
0.90516706521
0.625893491532
1.32247069915
5.23363777642
27.741418966
91.0805788482
3.47935962232
39.1769268783
7.35642131267
17.5067191754
12.3342724949
12.2935358611
11.7464837288
38.3267774951
14.4589853107
37.1194207493
15.0622630825
13.2142317902
11.3423137312
0.524384268024
73.0912913292
28.7844688042
0.797337695327
58.3424562265
4.14931976619
23.0418425386
4.34769949379
70.7701589559
10.6462332091
14.0321162669
9.32301170608
41.9449091233
29.5030140336
3.07748786497
