17.2359723977
20.9111047166
1.57331810854
15.7871363478
21.4680225199
12.978233827
21.1641930098
0.324183625288
5.95934104963
11.383652828
22.6920936792
9.63863875943
29.7597385281
8.23045358738
28.5727816097
2.10556671133
23.8044623935
11.2347519032
2.36524307933
1.94192912161
0.832604471184
7.4691911891
16.785230283
40.1136459606
8.33614383091
6.3138406344
28.5941738578
28.9052451793
1.44011292328
3.88136162745
27.4880753234
3.55591027953
30.8339262093
12.6026263115
42.3983391738
20.6416592178
22.8582701474
24.9737986892
6.38938491007
14.0854022436
8.17264837627
6.2251458795
10.7102931362
30.7581620518
20.4022819185
19.5233629262
2.41643253615
0.355119858927
36.0148579982
1.10080381736
4.37477284506
0.52834059269
5.0017039476
39.4828264334
1.82501552087
8.93491671542
16.9905589125
17.0621007125
22.1950183062
14.2889622108
1.81800961997
13.6135657977
2.39766573285
11.7103305592
6.75634975806
2.54074563582
13.6025726278
42.4631307105
3.363470769
14.8159910788
48.4342569006
11.8743095369
2.71730890012
3.55552587378
6.0292785887
0.443219075887
4.69526871347
18.5345881607
0.912760451057
18.5374718183
29.287725678
3.0298753094
5.18270149961
1.16735021161
1.52847119442
10.8330837246
33.9519190371
16.9433411329
6.5926935283
7.88208271254
6.32899672414
1.5192882941
8.24841607477
74.3624952392
54.2191210411
16.1449504855
78.2913170748
27.6880714284
16.0177057906
6.87203621183
33.0506452862
2.29296758753
3.83309660468
9.7121987921
4.52848688926
5.84664603434
7.33285308714
4.39560959645
3.56871349141
8.79910768085
13.9743005193
7.73258414163
8.84586403736
1.73190270888
20.6041592132
27.8468690022
8.65306516882
6.87492487934
8.29396807671
17.5654571496
16.8518924291
2.56901585569
2.74157705243
10.9901943639
23.3251512854
32.1262321478
0.277256598084
1.19514236765
0.103182486165
9.55338650239
6.33682291807
2.30086573077
19.0848711985
3.17542598713
6.48132264482
27.8595362049
2.1413981598
9.63094256434
24.2393143933
19.8243338143
17.1956084771
4.69932873392
21.2757859934
38.0508668637
3.54721400781
11.9908402648
30.517706289
18.5177370945
7.91441951891
2.83494292638
7.95565260488
0.968281295309
7.13246604675
39.2493981506
4.06211372218
34.7202744315
0.763605966907
57.5767238844
8.89705419511
25.3926428623
1.38202162619
0.503354893369
1.82465726919
29.0363096432
13.8684625933
1.25023717947
1.72192799158
2.85080336541
62.8400037205
7.24563006228
7.86789973108
1.98070255287
3.67388822817
4.5615849939
54.9195557077
7.58902817959
11.9145076178
5.13250180681
1.52577994807
1.43334147894
0.45651103152
20.6117235869
10.6027306007
20.5442889922
2.49030854021
6.32022455683
39.7675838947
0.74783446877
32.7483823143
12.3500158452
30.3777194556
4.59099420594
3.08834453826
0.0403778185531
9.71603030359
1.4974781084
4.61184894279
35.6886259797
8.36955420829
0.556765496096
16.8731279183
7.9013665104
25.6597874725
6.57757766548
17.0145136456
40.0421045413
8.51877429751
6.70829928488
20.8990324438
1.74369644218
10.1049912642
15.8090772568
10.3377015674
1.68288591056
8.27212082115
9.04394644238
1.76900288656
2.50102404407
0.0669454844401
24.6926851233
0.644403641274
24.2376439156
3.20557025719
8.00243841181
26.6029662712
5.51166555971
12.5756747759
55.3995500969
2.2373027981
20.7704348767
30.3259141109
37.7424857461
47.2722544274
4.33024307549
5.02948130532
11.9242678593
5.68248161775
4.30353251125
2.82659378328
14.3444594936
1.41725792333
2.33348387367
5.44533677868
4.75890702045
10.7655294298
6.23263679542
34.4697996513
3.3885008543
11.1886691803
2.84383774898
0.369664072967
10.9562846008
3.03573097546
10.9045553919
4.68291524483
28.5022570641
47.9058559353
10.1209568674
2.7897918976
38.3612068933
31.1507783206
14.5405329953
1.71532703434
7.08622326815
34.3946351315
12.1953296095
5.77697932083
4.74645872918
1.06060538316
5.14599347059
6.0624296947
4.68272998537
20.7583159853
0.0933667980647
7.58607508092
2.27060378103
14.6777092899
27.6911052089
24.8900245648
1.60658431128
22.9110244435
0.501768971648
20.5418930986
44.1491032624
8.44731026561
38.6715497078
10.768884644
14.9493508331
24.4657597435
1.64544676575
8.86518409403
2.09661033272
1.2669647629
5.23911250442
55.6633654078
65.2144317195
21.5803914659
0.107088387037
14.3993851708
3.08305933293
