26.015110313
27.3515231343
27.6833875944
94.8098742721
3.57121570213
18.3551384806
0.166711641323
7.59423035647
19.0440005313
0.691549720517
12.2771990321
4.29880757259
6.85584848513
42.121781321
6.93402776629
14.3840982461
6.48682119595
18.9501425103
5.10285824309
6.89305794472
4.37390507392
18.2750973886
15.6708646175
19.9904319589
6.4172024249
0.747038388998
4.91809316508
2.58444231261
5.3713313479
3.73571433607
49.366816364
24.7763088311
10.7076667186
6.36173263266
2.42678583036
44.7046230236
34.2221698897
23.8203619666
2.08369270183
10.5471528052
3.40905540417
27.4231062335
43.4184234613
5.78018284562
0.0931378963189
1.6919388457
27.8348662057
35.358441981
6.12727349562
3.29231707244
7.51076394916
20.2405231281
22.6499312741
1.34279059341
16.4349342769
38.1807289081
5.26645000014
32.6488397273
1.48299422564
1.1703159221
24.164561466
43.0610212706
1.8913811396
35.7908789677
32.4512290329
18.3943582693
18.5479409102
14.726143288
2.52321340781
20.0036278487
25.4998827445
4.59902447035
0.306256984059
16.2720656889
2.56795224604
7.26791109297
18.5101860679
42.4062337145
11.770364032
0.136459334649
17.9258099544
2.71102036972
19.3254295861
30.9602000394
5.98898336122
25.0457788896
17.5162235444
13.7372938066
36.7409548069
10.3739468141
11.1272959461
11.2881990751
46.1236322467
28.1636839201
78.6075478584
6.9426257821
0.840510774967
9.49536398653
9.57496944521
4.29853984498
13.4661403669
6.42638625209
22.5805395328
14.3623831597
29.3226729257
26.8060311967
10.7540709826
3.76420630935
7.8526873811
39.3792680179
5.28983165596
6.72924660928
3.78508573785
12.7267290359
3.54187471361
22.8391806086
0.639439776121
18.798528993
10.910402426
11.0206575702
4.42761772561
2.01372780718
16.5442931791
6.49612909429
10.2114146067
26.063656563
3.02997122021
2.19715072604
4.75759539102
44.4166436026
11.3842064405
5.94069148542
2.52811667398
41.7856801719
5.57831132956
9.95714738524
25.2696525179
18.7858147427
8.3287721765
45.7246614119
22.5268513843
2.40754102623
4.64086308748
4.7548139265
66.6974915681
10.590161309
14.7401203679
20.657985336
3.51255055609
1.26816055839
4.3410736806
9.99121002938
3.62193313381
1.71037188707
7.21102025022
15.819779365
0.736982513593
2.23420418086
12.6282190853
4.92786920173
1.00255040755
8.16229309618
1.89312870794
19.5537559222
58.8859039655
2.58224312794
23.0910769468
5.26052788402
4.70216968094
1.97110588131
7.26749486502
7.25658615932
9.89678699686
0.879931293372
3.05357969816
2.10228501615
21.7372293088
18.0142294552
8.91593060011
14.457239762
2.02823599502
15.6345510776
27.1875658449
12.3762663942
12.557656753
30.4922842149
4.4873257884
27.3034785003
17.7984234754
12.7540389053
9.73611887065
21.8890980328
10.1931979082
1.58646878253
14.2889839088
3.67789448171
12.8281115189
8.05643297103
0.354418021273
22.5241868895
9.43689773173
15.0747233169
8.90754088386
19.4749559059
35.9905475279
1.08926463764
3.89365330331
12.8617203519
8.97317448369
42.5408892911
3.87836413513
15.6476525384
3.77606899507
0.838064879103
31.2504596656
27.4406870194
0.231135599588
44.7781254988
11.8341653068
5.23660218803
14.8919475382
0.13947987555
2.89542009089
2.24955006276
28.2394187761
20.0213914388
20.9545976355
16.9068556754
8.84059054808
15.8020524236
36.6462309183
16.9533910149
52.9766892372
0.403671016222
4.30217078859
7.36954837879
1.05458927216
25.4297114002
3.74577361693
8.57597788971
3.31965602959
6.14091258738
20.8976535858
0.554685684013
20.8458408198
22.4334425586
0.691501151129
69.6419647907
16.4725136609
6.52154746133
15.2380941869
0.546040702015
0.623332367605
8.54186576873
2.4148370162
7.33614822187
24.1006787166
19.7944597131
3.68536550476
17.273495816
8.05231135299
11.3126105109
1.75877184347
5.57944673763
29.2555603882
2.61185189269
1.52661191521
55.0209554125
0.469505795473
44.3568730529
1.65365944087
21.9477222929
9.70960838962
9.0906089186
19.0418361627
0.265790888065
9.16507615891
4.71864132436
18.3300561368
2.83263224195
0.375434582687
5.2868819674
4.14397816146
65.1296777163
0.18502786451
23.2517643428
2.75883987743
96.7626792049
0.508218769758
13.282502474
27.278689521
4.01354783508
1.13167612922
28.6044480475
15.957423261
6.00399095426
9.88896259242
24.1484173188
2.94773418447
0.10632736234
