7.58448547281
5.40228360299
0.278460257612
26.0120678953
27.0414682075
25.8398490309
10.0413075535
14.536632078
20.0741475972
20.6099421413
3.00591004221
30.0313988657
9.89547788146
8.65174868672
17.2638672132
26.4596131284
17.0509880161
49.130099589
29.3028064633
49.904928906
48.9826091735
8.36445917023
9.79491548675
2.30310368827
5.89715912086
11.7321833261
18.686847492
1.80610746721
12.7211762186
14.7726498371
7.96532074961
20.3439712485
5.34796436831
10.6379764698
1.12243928937
17.5925506426
4.71388969029
11.393694281
40.0513548479
6.65966261252
10.0945116086
3.34509961876
5.70924731851
3.33271337518
14.0126362956
5.49356402538
46.9092040515
0.844140674352
4.28297699541
2.70678666311
5.87869764077
96.6753732118
9.62396856142
49.920503028
0.891453175421
11.0902509745
9.85515460188
7.98195682433
34.1450747163
0.300924449294
13.5940201429
2.29266889455
8.09207830281
16.3818845578
2.38947382256
1.37245414246
21.7896445143
20.9809070538
5.31403694897
13.777424422
33.5781398889
3.08729486276
2.03945305118
7.91459906996
7.54896025944
23.5202719983
7.24223946282
2.29991473189
40.0654726813
15.5502081957
13.675303338
1.55963819995
7.07138781865
59.5371379734
4.04891401229
5.63615015312
11.8395175333
7.31680279168
10.2425240073
13.2045545701
19.8434608819
28.5250225182
6.05777660046
23.3173456134
13.918476133
2.49846301724
15.7587575026
15.9362979478
20.4666491476
4.78956499087
14.243345401
0.412855968647
8.35417732835
15.2474015552
0.853392139207
13.8912878032
16.6475171005
10.1899079547
20.4487156193
17.9603700539
13.5525063787
26.8729355562
4.70707228616
18.1412613598
29.6834471136
63.5096529735
33.2373425851
7.79661836085
36.2666950737
1.18547779843
8.5008679202
34.6340817923
35.614338491
41.751588929
30.1758805175
6.36829590604
17.1121360987
21.1634625749
6.72236133815
50.2065776548
1.28896880735
18.8871754361
54.3863278096
11.4486693727
20.4159862415
4.67592952499
18.0860017751
45.3513074241
14.7695311559
0.272127079554
7.22253691653
61.3269524071
7.51471234561
1.74772469118
47.0709759712
4.41847679812
7.82363731625
68.2388463293
8.4024982342
22.140077288
10.1714981217
21.2478912492
19.753647491
10.2998586876
11.255983156
31.0066781724
2.89754528683
14.4652589326
33.314140681
4.70836232254
4.61096782488
28.556148693
16.0210190153
39.7550610485
3.08344417915
0.552276127585
11.1695321633
2.56265683272
25.7181166813
32.2036285791
35.1708012437
22.4477810618
7.68871259594
3.01646981544
12.9012767162
18.0054570901
8.49526029262
6.75772302627
10.4117454213
64.0169835244
1.02534960175
61.2122128346
16.7294550206
27.366517346
4.00247225334
4.6682829187
19.8688333194
32.5703780387
9.79699953744
31.2102850423
15.4593273145
8.85309988093
6.5336350972
32.9299507331
6.37102055858
6.70239410198
14.3587214935
8.28410251935
19.4628386145
41.2828720509
0.693492434005
17.4181449882
9.06193103417
10.3266643298
51.2644298939
11.4267043886
1.75033059212
9.49186880191
0.523294355758
3.21996067704
32.5438115978
1.11911649546
15.8721181684
0.298684836468
11.0145667313
0.129123713068
18.2325800752
64.9489794484
10.7842729701
17.7336648154
7.29522211203
31.5495667351
41.6668282362
31.0800328616
2.6720467746
6.46969935948
5.99746560696
0.67207496244
13.3786005677
30.4333894833
34.3178309966
0.754826410972
5.58268605132
41.8630220562
1.16080907936
39.6570710499
24.9394623862
0.139934390741
0.267184388805
5.23969115668
39.2479279724
20.3321660938
5.1671978696
4.27380136281
12.1055774726
1.93242765787
12.8835383048
9.51723497465
6.62601937979
3.50480714028
15.0046842762
6.55165948737
2.20930495642
4.41214003483
12.3854397824
14.9979680944
13.4936572638
7.07136628752
7.43304466357
0.331554795214
36.1285510791
15.3488953488
19.7914017668
8.15771521348
28.6969785316
20.0611286264
34.8890443324
0.148674659199
26.4292214976
7.0050923511
18.1439381563
8.40212127799
19.5735670006
0.944338122939
3.57762671651
33.4720451394
5.83610684183
28.5214299678
27.6739812954
4.07718964991
27.7883643667
7.65084602218
0.567047446068
13.9245462473
6.29209005777
0.175270508295
7.13845307407
23.8913284201
8.35752810677
30.9717276373
19.1767207043
0.191653288481
31.7976983345
5.33553905573
0.87175121914
12.9154330246
10.3682626272
0.932498477117
49.9977584463
13.6163984827
