22.6867266307
2.38815703309
0.697933217312
47.8234553904
7.12826461793
40.2221439228
1.70000671059
25.4629760978
5.26231100052
19.0564738586
44.1819246198
10.6673216063
2.42389066318
19.9461203748
8.58879778015
18.1139671588
29.5417395284
19.481187001
7.71909772517
5.16822482476
8.61938317654
14.8396943962
7.1269007126
7.61022271304
0.912982360349
14.4685129492
4.46171906851
12.392345333
6.54203693526
19.1666893686
1.47333606639
14.0304855991
1.4771417546
0.709241271493
20.2534492863
33.1872938303
5.74912426247
5.39580350902
0.543221772474
18.821801203
14.9842679293
48.2402343635
4.50146863133
3.10467848282
38.167093439
26.3329379515
14.6630087277
27.3031929315
17.9006528767
3.38442381593
12.0529359184
0.148045728904
28.3381987002
22.4084180812
14.8401693778
15.8306742515
17.1823654376
4.11363730499
50.1300715223
2.52386861035
5.73262493016
0.451968118931
12.6552557269
8.418922888
39.992195126
9.45415597362
7.21446959019
4.64574538751
21.3260585922
5.87447337092
1.64857450313
12.7575805384
4.24755536939
8.40833657869
5.54260588939
3.61734722904
4.49809105581
3.58556270415
7.12546715177
42.7866887783
6.56516369478
12.0277471257
2.80967562015
21.7111733514
48.3461845319
23.7755383995
47.1350513526
5.84092034625
9.04117983845
23.9153753258
41.2109668868
33.9459531713
13.9097569388
15.4081871883
7.78417120897
1.06232277801
55.9310355929
5.91876825718
4.47405274864
0.915424586392
13.3841621985
5.27453335617
1.43875468407
6.09605617848
0.582697469366
54.454524881
29.3447067245
2.08518039183
4.80335579346
10.1035187911
10.9671234198
17.0406632097
59.2798559238
3.31741514644
5.66336137938
40.5642711598
49.4710520894
2.45304679105
7.91108014044
18.9815096533
2.18687043914
52.7957749163
19.5365869149
20.1933585926
21.6987477805
41.3327994577
51.8682189846
13.2970557649
1.05095363038
0.141333903517
20.9582406783
4.09036571157
12.5457729782
14.003691512
20.7036189834
10.9602341216
49.2893045466
9.83181486889
6.15848856204
11.967923499
16.1571987292
30.3946490327
2.72989762562
5.93839361269
47.9834030643
44.9195693122
9.60155071739
22.4921017415
53.0107341757
17.942109549
6.30202749684
6.1047236668
15.9725332337
59.3326607844
1.56941991555
9.25201995911
7.62883881603
19.0082666662
7.44383381339
8.13923051978
49.5607170951
7.99503997915
1.68657492268
35.5132997872
50.7496050331
4.92377413315
53.6078209209
41.2526391063
30.4930327981
28.8975075115
9.31080346516
1.7177612211
6.34528978551
14.4711210624
4.7131100937
0.102192073438
1.62152453741
13.1962819093
53.7858703821
1.19762685404
10.0577990281
12.315262292
12.729913905
1.93820152707
25.6528782939
9.23108822218
3.79349630887
5.86652301259
16.8490169605
16.7893085899
5.88163911481
24.3573079027
6.04930532291
13.5511887125
8.37131424962
1.44736718184
21.114254006
69.9336304699
4.94904316022
5.18867634448
22.0612407889
7.96376669038
5.47400420362
2.74175128235
6.16566226157
49.7264381963
24.6795746111
19.8043864292
1.8037792581
6.28107446552
17.935450254
5.19293007503
22.2417982461
1.48679162963
5.20483401332
11.4448816308
9.06450762828
8.54583168062
11.9731707906
21.5580071305
37.9349884238
10.8624145961
5.99260864332
5.93962471483
3.25106482336
1.88932720326
26.0096620603
7.10024156035
8.64039585299
8.09392467123
5.37714015854
16.641317149
20.1264913546
5.42810113906
29.6384017821
8.6963131494
6.13877476477
9.72418573374
7.23273078159
4.26269872597
21.71212553
35.212811072
91.087887636
8.8948623139
1.77995127821
9.07838324143
12.1539712577
12.0520509101
37.4796389953
9.10677893754
11.2512247435
4.77070556464
3.17548590934
25.0551325764
6.93219827504
24.8624549923
37.0561851015
5.9037153164
8.48294523488
12.652542498
22.4425430708
26.8385114412
8.29069444085
3.32159511124
20.8399678007
4.0888470479
4.26085973296
2.69514014999
1.09574125388
9.69275926045
16.3488166146
11.6810561644
23.6937753864
3.54189767204
2.72235446905
21.5539257309
1.91532914764
0.336975978406
22.4982403317
19.5036433467
14.736372284
3.96628768716
16.5621913305
3.09015018821
2.45895923849
4.86149045688
14.3798730768
6.34150941743
1.18454925488
6.78583887701
34.4060667502
13.0201237454
9.28722323626
51.6028568307
4.29749682658
0.674986741399
10.6201140609
17.4970853616
0.832885610242
23.7631213391
