10.5607582528
22.9385864685
2.96128905233
5.83906494081
5.88799692983
1.29527387998
35.8597019475
36.1741112222
16.9564746695
0.297636910633
2.18134817697
26.9718423675
15.0372527351
10.6523060155
11.4444753438
14.8106790465
6.11355436016
13.942454423
85.9731047891
18.242850898
15.0507120869
7.2355182448
15.5409340958
65.0549395589
10.9380254383
21.2630253848
17.5658039349
12.7479960732
1.28130117577
15.5126851756
32.3807404231
1.28972939177
14.8921617128
21.3013341176
3.98901138492
2.71148640579
22.1174354577
7.40793805385
22.9318635034
0.400046165854
1.69786462645
1.30945047902
1.78334003374
7.27816895941
1.15359997871
10.8768723075
14.1836635538
0.0593179614972
15.8904128283
1.90589801326
1.88396547641
1.83889423468
3.69632892659
17.0917005728
11.6599799616
11.394821741
18.5686082099
4.40408926791
10.5909783555
19.5115798587
56.0477316836
14.8776230897
3.5899570005
15.2467016572
21.102355733
24.3633376689
2.10594133716
2.79075897258
6.42306571774
23.7839627351
20.0294154786
30.2058023253
4.93079497801
42.7195992451
17.246059127
7.72922592611
51.0234276485
2.18697572275
2.67923121165
14.2745289794
2.61167385846
6.50581371148
10.0012788944
9.76661300163
10.7757453145
13.0909919082
11.2418911725
1.31610556122
19.5939156387
43.8443133028
2.99314259549
2.28317877825
5.18729708377
7.48756478956
9.84847073567
13.9711285892
24.6140119686
0.834688524518
1.61392008663
24.3590497722
21.2010777754
11.6461707629
0.849786342292
13.183665188
12.1693710579
21.0298776245
2.68969701435
20.3102653248
0.590049587376
8.84955317066
9.11076216589
2.0402411631
0.180198818349
62.7407932542
29.0506478916
12.5492619767
8.37627405895
58.5027163032
3.47953653769
23.0266186554
1.93776318549
2.85169008515
22.5878838597
13.9128217333
10.3460299539
9.20691543993
3.14630618105
70.3948666136
13.8576627885
47.0784898612
14.9605069973
3.36164878012
6.76428596685
1.71307213062
8.34331696274
3.02762131534
3.86278488839
5.64044374686
20.923557816
9.61565255529
8.80531728077
14.5325318549
49.5712816051
4.37633287563
29.2702370032
20.5782148722
4.32507025572
0.230732815231
69.4473506432
23.9909343485
2.98736365151
1.71216628448
0.934966758649
6.41476389103
2.26413899585
0.461740880411
3.67673446102
5.67595646438
34.1125543636
3.833815167
5.09976783303
0.73676217152
4.43276084513
3.29297924919
10.4230893523
9.73777778425
14.1701009855
8.56155214797
35.9980593004
23.4795050722
26.3315803036
1.61281458207
1.60423195406
4.31513687552
9.46605137486
4.8678808065
3.61735233781
13.4729691083
4.30537033451
16.2141398303
1.72819676004
1.22035489456
28.7955240484
5.27092340167
9.74318826678
1.22543106457
0.0827319774692
18.5938166724
4.68009023607
15.614045975
15.5938944032
22.8017959055
0.189441562814
10.2173102607
35.5405488144
23.4728554412
31.1238599187
19.1482362344
18.0422320364
8.89628358927
3.6383095906
15.1715571544
19.1411740077
18.4167547274
10.8496294373
3.96326686324
19.3517899428
12.3098299478
22.1204174985
34.39594684
17.3960215555
13.4736949196
31.5094389145
17.3549358085
10.7525596865
4.02274620347
2.12205998189
9.63178958513
13.9250555933
17.9926152912
1.40232752259
20.2200076153
13.0701767618
20.0795217218
52.4565325208
12.4998061389
11.6486903512
30.4286285055
80.0098044018
0.570972440285
16.25804917
5.3398974883
32.5159674365
7.36595327435
4.32701441563
0.930913793405
7.78280132089
27.4372608166
29.0392724165
19.9613398524
8.51860526725
0.899774551829
3.37787657639
5.93896333871
12.7506365441
14.509968871
44.9786057444
36.4424326933
12.610821344
8.23888272235
3.39906062504
42.6954998209
2.40824897089
31.6353540858
1.38333855793
1.10065293995
16.9045085102
8.83297212683
5.44697376752
0.0571410510182
0.11252923367
11.6201999145
11.323833629
14.4801055187
1.69985847427
20.1224792042
20.9942366659
14.9733738412
7.70582133488
10.414969035
7.73848396421
54.173112296
25.3062284858
25.9347853227
14.4991403593
7.98095160542
5.16336940217
23.9546290519
13.5411660624
10.0428192543
32.905240872
8.12435854136
1.98773214027
18.2867240172
8.64718812266
2.93300354715
28.5524957722
12.2547910311
33.4892312282
3.71961862982
36.9034530448
1.33457915758
23.3929314327
10.8592540395
19.8598436921
4.78326309038
5.42141687145
14.3570559842
1.4051285636
10.9064443056
