38.100357894
4.70895132757
47.0276692916
35.9717036775
3.60383050458
24.0752512338
5.1272399475
28.0359160792
9.42510141635
57.9545412445
5.63409648241
37.3146786843
10.9896155187
1.63712512079
48.7551444425
1.48261395265
12.9407638767
6.6829032351
15.537851995
9.86607334014
8.24296847577
8.10980661289
23.9120488842
7.13700799884
8.32566548256
63.6485964173
25.7278404111
49.6339108531
12.4212999981
0.979920853735
15.4081920812
6.33651260495
1.34165227821
29.4625159556
8.15167466914
3.09447567531
9.36835181635
15.0891800972
9.25494463224
10.533324303
10.6074794515
5.71680340998
6.32396539481
9.11432794693
1.23255704867
6.91352448131
2.02855432834
11.7513537013
18.5164037016
9.57895144967
12.6689005657
12.8636077019
16.3276836053
38.5947100132
9.64822001972
3.24528594746
16.7441308117
7.24179335292
13.1920420036
1.85174576543
3.98109909561
24.1067857527
8.19556471064
5.63146853496
41.8994268677
9.50458862422
3.77644697669
8.68249236823
1.27905343117
24.1736355187
13.4932523999
20.9943770296
49.5218170212
6.28650624673
9.04859871156
31.3349438811
4.84588758823
45.9843061101
39.2859406714
10.8913464679
17.9311389353
5.57129712639
17.9495121728
3.33456663212
2.62887727023
10.6814540625
38.1758278415
43.0257847973
1.86446767117
13.829767198
1.20336420483
22.7392068276
21.8731425694
0.851296380521
1.73374101393
1.84529694295
0.307883860484
15.8685449168
7.20331648396
1.73589747151
11.1353876263
9.54922063579
14.9441475141
6.26073836097
13.5368642661
5.40189120389
29.160854786
14.5620407481
54.3855300529
1.19074517963
8.82067585979
8.47196003102
5.19473111592
16.8350309897
2.94623972122
28.0897868321
1.74438518374
10.0439005168
2.60165392423
20.1163358516
13.5739733096
3.63807703697
37.639745903
36.054302292
0.832601507911
6.77665924156
45.2434097877
18.1159512492
4.85433424134
53.3663641884
2.55417296138
1.29252795254
4.58762693909
27.5532759706
29.790657241
19.5933834011
16.5081349091
16.9674665179
6.51580479651
13.9312672666
33.77713146
6.18918411717
1.42507841239
22.5900959592
3.16635976631
0.14027517162
67.3223044211
20.7774430402
0.877370319013
36.4555399822
37.0883049887
21.4856604654
42.9889355842
2.46191161596
2.19601897745
1.94352549542
4.67059406376
15.3502665778
3.07332920836
7.44439990641
1.81318593156
28.2233054123
80.9664251001
31.7923300398
1.66397538639
3.55002892638
8.45948719141
38.517454196
8.70842178499
9.36113149845
2.97259659372
6.6660569894
16.722456086
1.70643846493
0.456951861561
0.250485585876
41.2592085557
6.87339409406
16.6479072687
9.23177295152
12.3951391055
10.8246843212
2.93048050825
7.02647894955
6.12799943981
2.80115805659
8.75033028416
12.2516940426
6.56605417186
3.2752690659
15.79163854
4.56923126387
1.16013368313
44.7906508178
3.26378857185
34.7765574922
13.8424834042
8.59017212959
28.6648571747
8.71745498459
10.2871085493
9.06289875284
12.979745631
29.4589559177
1.3333694016
26.1276684012
21.0050092656
19.8049217817
3.58402814357
4.89111223808
4.02994261099
17.4913305848
14.5234399911
9.78111689347
7.99911173244
29.8872824773
23.4271577888
6.63266384843
17.4085347362
0.628779379268
6.01700509084
34.81712467
32.1101436032
4.01312384378
20.1825338639
16.8661832182
7.25640495824
1.35395264214
6.3794296955
10.7274960821
2.59600960347
21.1697476266
8.23171180117
2.15096254593
5.79198350275
6.27422940015
8.30266644418
0.477117416125
0.196072624962
0.172885550183
28.9556283978
1.33907743988
7.22099184471
5.39519948126
5.39262281467
4.85742095293
2.93090408721
8.48878871832
13.1947555478
10.5318699824
2.05687864676
7.28457234192
8.61712604983
48.8724835785
8.84972037264
32.9550845503
18.4624558351
3.17213881537
35.8621544716
2.62585166589
2.15483826783
57.1488780375
12.4968346091
3.58260262657
57.5147208056
45.5372203
6.02570670076
8.53871846394
17.243961263
16.5736553063
18.6433848413
2.69893449634
19.095247813
0.916504555761
0.61176509399
26.3920053766
34.013924345
0.392951989497
14.5429219463
0.817143893096
6.0439415197
14.1438956567
36.1005442926
34.3997297143
15.7920763923
69.5569985792
6.52039176881
12.8896411123
16.3152960271
0.638095786559
1.97166735622
28.6857967309
3.70932951097
10.9784344769
20.4302278576
24.7715407708
8.6927246377
9.76490777143
31.2168425493
20.7178301361
