81.1898533768
15.1132824435
4.1534464406
11.4713849021
2.84049830128
26.2578111916
5.69454792192
0.372238322375
20.5715121546
1.92394112917
4.07991335838
21.222291526
0.460657856104
2.87486384579
35.4739467995
7.74505983422
2.3893435105
13.8886666799
1.93627394507
6.00090962761
2.43361837518
17.2808025967
17.462939791
10.4249986019
5.06183431985
68.7910234456
2.69401572544
2.44219099893
8.51114249967
10.5506525725
3.01918386533
27.9265762692
28.1304471401
1.18734775293
6.27436074837
19.5712812301
29.7044795181
3.85828352361
12.0815475646
1.1598861495
11.6204285255
3.94198292245
1.82048763393
5.71315071958
8.32142756458
0.617361021086
0.748243690392
7.13460463598
26.3861881869
0.850991816767
12.6197085079
1.89329261533
22.8407909183
10.588232805
12.737415163
0.0270113023981
3.45685365409
14.5727633227
11.8340023152
1.13434172233
44.4895869241
18.2466544767
15.0823734668
7.34991131563
0.467999052499
16.50600534
9.03505622915
5.95236383631
12.0449800308
3.69610530182
15.9837035778
6.56730792035
25.6962501842
6.27554767283
1.28219296757
5.12421610773
2.7178391432
34.5241154196
3.16812582696
3.49216269735
13.2570566829
2.24913723474
12.2377801284
2.17901867564
40.6765289211
16.5333655841
8.66833453253
6.66578612631
46.0143605723
6.29393527067
0.0131900971977
2.43117060643
7.51306354003
21.7399706501
5.28305444903
13.8188092006
17.1069723024
4.16094356425
1.46135772348
8.73369983736
0.892338141113
12.4511862001
5.23337166531
65.8654246491
0.365062258773
5.14858553829
64.6088269599
6.86253809577
22.0336948832
8.49374943285
10.8328562494
27.5376665944
4.42361202439
25.9890009816
60.8719370028
15.8925150371
5.43106691758
10.1955561274
4.76409424892
8.16501378928
11.7261353372
15.4442414207
9.20330456778
25.476457765
14.1962308142
8.36319726568
1.92463219163
29.8815849095
9.2990759122
12.8710353586
40.4878967023
32.6820677307
5.95532951484
2.12340797096
1.20752698726
28.3619427028
2.71856626121
16.9798339423
46.4637134632
24.2398449874
10.5651683595
6.25870463582
2.64178456977
15.4089645573
6.93130888874
2.24548066994
9.49490359225
13.145354637
0.479305614407
25.2469932553
0.86395405732
54.2671161692
0.979158131689
36.344507004
7.40501312219
14.8249359461
12.6210604226
30.6247687534
3.29833971512
36.0144843048
12.2502215291
49.8541521138
3.91039762145
6.52005154838
30.737639009
1.9267607567
8.59477814335
3.825127593
20.2935176678
67.2124517271
11.1135210087
4.10185307746
5.54897321022
15.9546674139
8.57994754876
3.34221417733
8.20674795859
7.15288166788
27.8007227656
0.628966617965
26.8846898124
21.4238079316
67.9253847755
15.8771060592
3.29620329698
14.7899848312
29.433000551
19.3134543029
1.63368798465
2.63577755791
4.41046539948
16.2634342215
2.75131610411
8.13204736396
31.5357559014
8.04056851453
0.317875836054
22.4765544111
17.6376100531
6.58303322167
16.9925902867
14.2757552417
16.6786830936
10.9994845749
13.2436674576
8.23360033133
27.6949884223
11.5353770676
4.33010649338
46.333185147
0.702157431179
13.6210339773
11.0215385876
0.015734829443
3.94141987131
2.20524445593
4.48698786309
8.42648533212
17.0112788081
14.2386919742
8.81617470665
2.36323554608
3.26806773488
9.76970195677
9.50638304149
14.2123517303
48.9131462305
24.6298418849
7.97924206395
0.894595643803
29.522666043
8.85008908903
0.420863581337
8.3562597972
19.7409225692
46.954390246
26.3063296346
7.76213734304
1.0113623034
27.4207234904
1.20628425609
22.0011655647
11.5817729335
3.68964015263
8.79328249069
89.7764860797
2.03249442247
38.8682519817
20.922655253
52.3106804264
7.6703466135
2.73388159909
11.4699045637
21.921220981
13.3558906878
0.482094061922
11.1836324473
20.5817869088
7.40220785426
3.18542100396
12.6556754807
23.7680035838
4.2141799385
14.7227368843
3.0422998728
29.0116200829
31.3262664859
20.507596865
13.2632459606
14.3861852128
8.60105235277
0.379076512927
10.8720364061
14.2625050826
3.52846735074
47.8481240349
4.72243681687
9.00747506703
14.4352347015
0.281540335164
13.9586111791
4.16211299003
5.8194377696
6.72379418441
19.6916888568
14.924180061
1.22873874702
18.6247411622
1.93773334237
0.621129036027
2.64110042131
22.7001266718
7.74568812351
27.075138086
17.3444778703
15.4725838818
6.44569490563
14.2804719611
6.43403911812
6.09501569021
