30.0646197528
34.0071636958
20.5872383304
0.492535630381
3.15836906486
5.79295011068
7.46305585895
1.95779085882
15.312917404
2.48292035801
1.23685042101
41.3030601918
17.785655297
34.2035785754
2.0357046807
14.0867209361
32.1866121144
1.72750898635
18.1460553139
18.5138275292
2.54905243316
19.9824471962
17.3073599847
30.0174606287
22.2077337659
2.01028557212
9.97621168964
7.98919728362
20.4321211968
3.89198867102
14.5840804974
5.0839439518
0.0910892350236
24.130638365
33.947797226
42.9075182006
20.4425037459
5.27554857733
30.4791599676
1.86204590476
3.29900966114
34.30339158
6.13410002846
12.4580300619
7.44885093651
4.69020941054
1.09470105214
17.4414873279
29.0653569367
16.6500205337
47.4238194671
8.07802597576
15.9705035412
20.991633505
28.436513397
33.2839828038
7.96038363498
8.61832189968
59.1192187732
5.90573321499
26.0829141687
2.66619350459
5.38183905408
2.84027703251
7.86716891921
4.67912227693
1.57243304413
12.6964581391
28.3228743448
17.0009104832
0.388345202963
1.12134804938
36.2665720211
5.08215801008
2.7259186512
8.24936170939
8.55181854514
14.5965440475
11.260152933
35.6986474521
11.7484384926
13.5268321806
12.5895541529
7.75135072982
4.19102766347
1.40201061428
6.4088128742
21.6918955297
3.10975257017
3.51720148702
12.1422164954
9.87119423097
9.11982051752
2.01353658065
3.46353846889
18.4140465831
2.84544500805
7.65540190496
5.27509721492
2.26404366864
28.0889751442
1.85665142646
4.69689237227
19.4082056992
5.2243129193
12.8074257751
27.3463371856
19.2389210064
28.4186495582
6.67727169533
22.1028367374
21.3213300415
1.20285838307
0.207723744396
3.12837613018
21.8312119358
25.3791261541
24.2740843151
9.98064440265
32.9584020798
7.32971424069
13.516791822
17.7068245806
1.26000259556
13.7510727243
24.8019845479
3.97969520992
31.5970224791
0.028414702825
0.0521923501271
24.5243170727
30.9393412119
0.58235940696
8.2821419699
30.0651020507
98.314808109
13.7570575323
3.63160833401
39.4276629106
23.8232224933
22.169934259
1.86844143357
23.3792477866
11.2890377265
5.62964059133
4.41100321993
59.0929406327
2.11235092415
20.3024293292
51.7633800819
35.5912952697
3.02654968455
18.9313955326
3.49668702091
23.8927503633
12.4146520676
2.67107074639
9.78380273651
0.172493659037
41.6085162905
12.1456621822
10.6684678858
5.13002847221
20.7377256974
11.263425774
2.67579565083
5.25994116138
0.981971291056
4.74707373115
22.3069397304
25.2120198225
2.31182211167
5.81552682642
6.4020929134
1.43026085215
33.686166657
27.135066129
34.006851245
5.80818815118
15.7630837718
2.41665119458
10.1325189723
29.0435355741
5.35855385416
12.1513423805
7.30448241596
1.45689158506
3.85427777276
1.06182514486
2.25848675086
28.9211640888
16.7760761651
4.03881437836
18.2643493685
15.0010198863
6.2544417198
5.94100477558
42.0004769894
17.1815022247
2.70061958206
25.5634070627
21.0008563486
6.05787650281
2.9897733202
1.20939332974
31.23903053
24.7783884255
19.7289493161
44.9417932991
54.7551859882
7.08207948807
11.4348883287
17.3927056621
12.0936544384
29.3122325498
26.2279817867
19.654953299
1.75039528598
20.6994742742
17.1238314324
19.1744998182
6.15910892089
15.0971309529
2.18979584527
1.54913517437
26.319082549
14.8363562385
1.10669786108
5.42363794958
25.7417910407
58.3671030674
13.1808262841
20.8108223539
15.8382651126
3.06665413892
47.4360605961
54.7612127473
0.547875226123
17.2960201812
42.9893165213
34.8996522213
0.0308292895047
2.69396535652
2.22588390711
10.1748548927
1.14173707197
9.54309241056
6.04215086544
3.53992724539
1.14287484717
26.4090011511
0.693333029415
7.57155330775
0.877397252382
0.740072579497
2.37819588066
2.74812096294
16.6266016773
14.3163152733
22.8946409614
12.2123021907
4.37542388161
9.56115891851
1.00669569338
53.7133771022
0.329019943145
0.430874106772
14.7439971122
10.4631120403
23.4760552354
2.5423555759
20.3351607741
3.45669606921
22.7441215562
4.03481547433
2.07298400006
6.31779500571
6.50913468291
13.8006053892
31.5733416931
10.8007549156
0.150138952981
19.6877049745
30.7800790434
39.2116860882
1.93967840035
29.3613752123
1.353494195
17.2997472682
17.8472812618
37.2372935367
21.0804160866
10.7029660506
1.32862583614
5.7704138021
28.4637668236
4.443349574
15.8213681988
59.8772629486
5.99612617358
