0.859032041202
6.55614519011
5.19142401133
5.9337782952
8.49092087793
5.14338392712
23.3291869893
31.9305299397
4.60862554906
10.0492765108
7.86306003291
7.58163669245
5.0192145489
1.67137168225
4.82897311687
5.48024944441
11.2282843398
15.3177937381
29.7368781531
8.42454339145
9.80273796831
3.56283124033
22.5545468435
3.71818508768
6.20144229566
6.09214238544
34.419965529
17.672585735
7.24616763864
14.4266975572
1.38239848888
30.7122682764
9.55580303691
7.14889167228
7.83380620041
22.4419754569
35.3530548847
8.65827872177
8.41417422758
4.23258845116
6.72726991446
12.6820817338
7.80635395807
10.2250935769
1.52814198618
0.801436939728
31.5610437984
6.73619938004
2.9219947782
25.8995152201
10.6696930908
2.48865534033
40.9765778114
80.3486895881
27.8817599769
9.79676659681
15.3982387059
10.7014908089
1.00474100957
2.90500677765
15.2256043379
2.88985907574
31.9337774207
3.31092126783
20.2385223669
26.1200853442
1.34219317388
6.97616919475
14.3470634913
13.150483955
58.1996951395
39.3502795968
38.4304924321
14.8613672269
30.6068614508
0.877101880376
0.551523073848
6.19076558341
4.83348818331
27.2364998738
0.113729493195
3.16468974518
6.65306465501
32.8159849168
0.864089724691
16.2378817757
22.1200454303
15.8279686869
32.5446005358
33.87101777
1.52224529765
30.256758626
42.1499526025
1.31672188087
26.0727748913
9.30533366686
12.6568423663
4.18508103435
7.2378189656
22.8762556093
2.09543709497
2.34931621348
41.4341746772
1.91184402917
2.16180584995
4.25753793777
16.2123291393
8.16584979091
4.9603564848
0.636741703763
6.31870808221
6.38835381691
7.56215877753
23.8003564149
49.976972246
14.4712325186
5.89287571937
1.75473347551
4.90542201932
4.6992044781
52.9406042299
34.1782165189
0.332602736223
9.97025849625
16.7511693122
9.78176318112
0.546345420392
21.3002071728
16.373155766
42.8153337272
25.9869654018
1.31959694474
1.67257745671
2.89804939442
7.0965224441
14.2747949662
12.0187600086
2.42209147078
60.7268619372
5.28314306741
0.635763672148
8.83990483788
42.8770735696
17.6361941185
3.57083178722
8.85966627393
41.3187098342
1.51208678053
9.18674318135
2.64467425505
43.0720321945
7.15497365616
1.57140570963
1.75956417918
5.0735329443
17.2490735924
69.9677517413
8.49875118426
25.0059085049
19.2931898146
0.337751736248
12.0883634276
11.3523669328
66.455355802
15.7376346683
17.687867726
7.82333559955
8.97700760521
1.23988373975
17.5312409379
21.5184180446
44.0641689218
17.8043890728
7.30469747558
7.1615801604
5.64363181653
18.9051030986
6.79038153672
51.5441177363
14.6749143753
16.5112487136
1.91618607782
3.06905044775
29.2670058852
0.991500898982
7.44470406647
5.78810659972
2.32896120194
20.3284056931
11.4078171724
25.2899651949
3.50661545868
13.1457202465
2.76101574817
14.7532414101
19.3648677981
10.4697404986
4.48104409674
9.42325746462
43.6610061703
5.77348337335
16.5062971937
10.9949052455
8.30401658714
13.9005991494
8.98396459768
14.5693064213
19.6067668167
3.61648386567
33.7599753815
3.32581944296
4.98935572214
19.1666831813
18.1357812227
19.3178519346
2.48570716292
5.69142063823
3.7267247009
12.2956943568
9.78083622988
0.126857118013
10.4362595503
12.9851476557
78.9451621481
12.6744271893
26.2381497851
13.0173768963
9.77843954466
8.90435961128
15.8125254639
9.61099069343
12.2826211587
5.21171771949
32.3975298639
7.27979445443
11.5348853139
13.0459684476
11.1837746331
6.53702767263
25.299377941
67.0012219797
2.29859154827
38.9963653121
0.286373661779
16.5417978013
3.311121542
1.24283672197
15.0242627629
22.4414152281
4.51778103294
6.2741328348
15.8412454215
24.0947958612
0.152687015175
1.89992571302
8.88701118399
7.67497190378
1.02484458644
24.5871130925
10.6068099094
0.369293205228
6.85782850439
11.919993364
12.3699000997
41.7678546775
12.5231189773
0.166262053401
15.5545553261
8.86186690987
5.28711768961
15.852220001
4.75833959873
2.10663857448
1.06980506096
14.2131648454
5.69792118518
9.8704946402
20.5202434044
12.5624312968
54.5454552713
36.7769344592
13.1656924365
23.2163045255
31.3815163998
1.22162133327
15.7525875483
4.49427780613
17.009931237
8.25256092816
1.75125540895
5.74695094316
2.96169449505
15.5637112708
3.4416989118
17.401904378
2.66832516046
3.70591696438
33.4431993755
7.83981513717
4.40409582105
