21.8076077503
10.9998241257
28.0253466784
8.18617172485
10.324817532
44.9244110545
13.2449851319
19.3437626823
4.36986075035
24.7372348985
6.4833018436
17.8584285165
28.0132506792
32.0425063338
14.7874317026
15.3725070196
12.9457636198
4.32141443077
1.24379683232
28.1228901566
2.0825843825
1.05468561677
29.8001382068
12.6304354842
9.13651265966
7.38030015513
50.2012291211
1.72668322785
13.0357541044
9.93253596205
17.2593497635
26.2742558052
28.6603778441
1.70035031534
0.414917960724
5.29904655572
27.4719993739
8.58565719736
7.36774997055
15.852452547
34.8386418434
18.960227857
11.4559639921
55.6037990795
4.15784568187
3.01455671649
8.36999419921
15.6656706972
0.244245832726
9.86034118167
10.3464698018
1.97813792965
16.943302081
4.70418328143
31.0539222461
50.5195782026
30.0148852697
47.1538529841
5.12026824603
28.4099807812
6.88964664085
62.3903628711
8.54730204781
55.5804128282
4.45647319083
3.60741918903
21.4221121248
0.662322403802
13.1271858308
15.4743010931
0.0901492533942
28.3635355066
3.23412047244
12.1927325922
15.1542816129
47.1586636565
4.10148616409
99.4437593191
2.30361459359
0.0258398010936
6.0898861007
9.01209352751
27.3188470085
1.87311517135
32.6460586716
22.489505121
40.4227269989
18.7885748801
8.66869016483
2.12787997106
29.9894012095
10.4045538239
1.31975963055
12.4075355675
3.70329243684
22.2723782757
26.552259529
5.95730570657
5.80035964032
5.6264926917
8.19471591071
5.13468751399
1.68775434848
28.3576629334
70.3106460908
2.34158882347
20.7924200938
4.1684112293
7.45410076125
2.44593519069
0.334055785335
11.1016441769
18.6206928048
20.9895608743
12.7576686842
20.592693846
97.1091409709
0.448561135933
1.60728706401
3.11993614725
38.8948912518
5.63903126108
8.72007864342
11.1413634654
6.08892255249
0.570886412724
10.3412411156
50.5939634919
9.78607145084
22.5638040622
6.55327257239
10.6078157138
12.0873703775
30.2689234291
31.6954003137
24.9206079979
0.433640428892
46.0806375645
4.40818304807
45.9974381434
3.38009350476
1.0864337149
28.0722903744
3.39179575151
18.1803741208
14.4980835947
13.1412750543
11.052176333
11.5013739045
101.787324488
10.0978103012
2.31119098405
1.54969835583
2.02192611385
26.3500808106
2.00823902999
18.9787553494
57.2195108598
10.3067886948
23.7371671071
16.4372126104
12.6220003268
17.2881865754
1.7723659639
4.59777266675
22.0154501249
3.18777241984
2.17263387599
14.6061623427
13.6309755131
4.34737713492
20.8585548111
6.42335568675
34.56319434
0.346050980473
30.9390010079
54.8143189496
7.0744726538
10.1275755244
3.37915633319
31.1459782217
1.3040878996
7.67480550433
6.93089035416
35.9351776028
43.3948594463
35.6814802989
5.90513736481
0.725091001081
4.22873406496
0.692200441342
3.91704357916
15.8654909237
23.7653527775
30.5779133015
1.14474447161
11.385771118
18.3389695924
10.7560786208
63.6140379873
9.72856593143
12.6248504939
28.5820619182
2.0513713323
1.74851063705
5.16707867396
13.758287914
1.66306346017
6.0110762192
4.06334309091
11.1617133285
16.3971541752
4.46352621721
53.2409696226
5.27923450358
38.1176431406
22.7743499997
33.2691888783
5.19983469427
51.0742939941
4.00208288056
4.89229216083
21.2397865041
12.8755036965
1.37144909408
20.3378433666
1.78439342537
1.32063726071
4.4662745247
5.53921376997
5.11407724892
7.30016717948
16.4560840299
8.28415471184
9.01318520529
1.95232945746
0.123879374621
7.36101592957
0.969706394612
1.15074188611
12.5238926142
0.861559455244
61.8588015769
8.45570843406
25.8135150396
28.9499239235
4.26047493075
3.33162015352
11.4879351155
29.4199189941
4.41936989676
14.3850534585
2.21462050177
2.8238274116
6.80651978598
21.0324340906
13.4035595642
25.13411269
0.726978957246
0.87443374563
5.75019452828
12.5369715472
1.88806493271
12.704761055
0.0654833322451
6.68308124281
0.210406543324
25.4723311462
4.9037252595
6.25097194214
10.7946128288
7.30026465857
12.5521897616
3.79902961486
12.2689915814
43.7182671904
1.56401660127
2.18128772021
0.367793331137
6.76077396374
1.85895460337
4.81769306185
23.2522272006
22.1048514144
4.15269453602
33.0211253433
54.117777086
3.32392791828
13.0472939382
11.989400256
39.901698435
17.4383549576
16.9944630429
10.8015157835
4.86288125023
4.22596966475
88.8131436413
19.0313910176
0.571692678157
1.27009506591
