9.26992637382
6.58858626716
54.7019764426
39.8291649455
13.6495752233
21.368384587
2.56603937562
0.681487093597
37.11065262
7.20718605071
17.5068400434
19.1304326599
13.9799760436
36.4441236892
17.135791198
5.74725298162
34.9092639734
2.84517217988
4.54793072879
49.7304150104
2.76878355788
42.229040761
9.10783839822
4.75930239936
2.26520832621
0.0285398973258
7.171921306
0.791000483259
4.11627667784
32.6025552215
6.53013865796
9.55777599975
8.61316354853
20.3452278441
0.366797057437
25.2362285262
9.30552346846
11.4660932766
15.7064248761
2.02109358387
12.5776508889
26.238072664
11.4995396022
11.5441363829
8.18887944595
21.985745151
10.01291484
27.7910190048
6.21894708351
89.090981807
23.1294340858
4.9657329136
11.7792150795
21.2838106118
18.037689882
14.088344538
7.14861261291
26.0898695855
6.16828892298
6.33291023447
1.80851150663
7.2316439193
12.0879142512
18.2937565166
19.720415713
7.31334397563
10.3344150656
59.4726664291
14.6380092443
17.2785239844
23.179464684
19.7174892781
25.5545416854
34.306115536
6.64395392173
4.42309214427
3.23751482838
27.051842438
16.2715241341
11.0308073556
20.9283333483
5.62669784664
25.2455979798
8.61053964692
9.47700214727
21.9821311767
1.51305465525
21.2898523163
2.52386480519
7.03390459113
24.6968052524
12.9557509112
4.94508417274
16.2680431516
3.98497825046
11.6709854245
25.0366214856
3.09692494898
40.9658945082
7.41681486868
9.78294101819
16.7783270174
2.16889077095
25.9550524819
0.677876072948
5.79479687668
17.5363177709
1.74975351064
7.09552789029
2.4860535763
1.89902386064
3.37133130033
21.1806315518
38.2049344213
3.38326271551
16.9183979077
21.8140137945
25.3216975867
2.12832982481
6.46781633328
1.09702647782
0.786872675463
14.4900313769
9.96364229005
26.2315512352
9.06195999297
17.5980861548
3.19040568178
39.8312092667
20.7096061298
0.625886473926
4.87343441885
16.6156121095
2.94767570825
2.14302377792
8.68944298455
2.51213806724
2.00160607067
17.4232843891
11.2886931133
12.9900473808
75.9848577469
3.70426020375
19.7798558409
9.751019319
0.4101090355
63.6665266984
24.5358297533
3.97713049014
3.66401352094
1.11182953337
11.0622880131
3.36928082513
13.4478662575
0.0910218945568
38.9469838648
11.2375495844
8.02909660415
7.31768779912
0.734567082219
50.1705264262
3.0311921673
4.10209942084
15.9033007252
5.20535754923
4.92199928286
1.35524168797
1.14945048551
28.0207683864
1.92010581719
3.34419919741
14.1664135481
0.768844495102
8.93159804646
42.5788576008
19.9618170933
17.3171706774
20.6185076293
0.649133291922
2.6863891676
24.8349085225
8.28446514405
9.23162901249
16.3995532675
14.5517383196
8.51462575349
14.8156469786
15.0172891636
7.01006420687
33.0007266094
45.3329459634
33.3046539943
0.932539529704
3.3198310097
2.02408167193
34.230949458
23.0927706028
12.6692704317
6.87055585258
3.08372122183
7.15081869425
13.74877439
3.4645619783
18.7370751957
35.2018113119
0.129838780934
1.29432572499
2.67765629787
4.20984717227
7.51370070841
3.25605153645
14.1106740046
30.3561924444
9.42524883731
21.00151606
7.79550896821
0.283007237736
3.85312562928
3.75016116702
13.423699476
6.31685927831
34.4134531903
10.8180589383
31.8972844169
29.6537596276
15.0496507458
15.20539536
16.9850374179
8.43823223746
16.9156601901
20.7026780667
39.254742261
19.3285097427
18.1310268639
5.0524740665
25.5982131143
27.6728316451
9.34769779749
28.8831800561
0.54082369987
15.6311975398
4.46051315948
50.2996352354
0.573284243129
26.1409728153
57.9766492524
24.6976591312
37.6060996714
8.28916355833
4.10127633531
10.1671904284
5.07154580433
5.87631482517
63.6346350499
3.73268385672
9.8044388452
3.38011971227
9.63617471931
18.4131573164
4.7044681503
36.9503424513
7.13908613313
14.8057465997
37.0313904855
1.19263824742
37.8519197997
0.817177370479
2.72490200669
7.83593657481
9.19825977935
40.6750526572
12.9443391069
10.949217411
44.1541956694
12.6487894007
99.7151313224
12.8997766238
1.37372900983
22.7965395819
8.31277058285
18.2093601969
4.83484626146
6.28542244033
16.9203574077
1.86558716465
3.33179571843
17.2581766271
23.9135060821
21.730001448
0.794359722606
4.99632625824
38.6104831697
1.63485447177
10.3893958577
19.4355110411
6.10730443174
26.8087837837
4.98664563363
2.76849300498
10.5991466266
