28.8099461214
5.63533622933
2.98233552884
1.27319200471
1.75273923448
52.0599568322
14.6511240757
5.79228048302
4.73634869581
8.301138326
1.71235089573
22.6695485159
7.31677607273
0.195282043859
1.15663617789
3.15809380151
11.9755478502
2.58990152705
36.580689856
11.6872831904
22.2540338275
24.9608750672
4.01614154735
2.8176981758
33.3000845993
19.1060910483
4.94187725784
0.584925543866
1.7742108124
3.15715136461
20.0708007424
24.7598968433
25.9018842957
4.93765663529
37.1231077092
22.4917402393
9.59763335702
12.9218563182
60.2446104028
15.6303389851
7.82746333377
44.4385510546
56.4593784331
29.5524914742
2.28260557245
11.594385904
13.5923933367
14.1145725224
4.49645860086
118.813961214
9.01299217146
3.59165857623
21.6760323666
5.17201299571
4.2685348662
5.2673381411
7.32734504906
10.1116169142
3.32141347461
25.3272545546
3.33597325692
20.0015798578
0.375210819982
7.10837003154
48.762882985
43.7786268044
4.19664774421
1.94826281882
83.3080299811
22.4577957872
3.80234433407
15.7037947273
10.0052989325
9.07562614328
5.10704337971
3.56965296842
19.0243343502
19.3848468125
7.51480214257
30.9256980231
15.9423578017
26.1635760195
0.32639530555
9.12187774964
0.412592133724
1.41800260247
14.6736158852
16.8351527469
0.733930266734
4.52439666638
12.8037843975
45.8431570343
7.93550251649
5.34147718608
22.6883889808
4.51227567513
16.2436136593
15.619587603
5.03951629398
37.2943453487
22.3300575318
33.5834575818
15.5564555608
46.7159490394
7.83883724969
21.5946635153
3.54873372899
4.80234393844
51.542871153
0.556260320704
36.0802604712
55.0391323203
4.17510434864
88.1684654076
21.801838784
59.1770940026
4.68015746471
18.0589819633
1.11615928853
46.0771821137
31.2757325909
11.1084834512
1.02275698864
0.0509093427871
10.272349387
8.80271218923
5.75950260271
37.3539075704
1.26647280461
8.01420855723
0.174498223673
6.06812743178
6.57383076464
36.3000982496
9.60179031579
23.4987326844
11.2382248926
5.82044542739
18.2842601211
6.87194919144
4.75460992004
14.4731939165
3.55456755355
1.3092105024
15.5923514735
7.42772208225
17.3422035699
4.14658955311
36.6513289217
50.9631898783
16.4012757527
14.5740829089
18.554161936
3.37570290525
14.1036505758
40.7044968556
40.1773365342
28.3377777995
11.4906324968
1.28014171131
13.5267986006
1.46744872795
0.0660986260587
9.96963306233
5.22485084283
16.9143041628
0.405298727806
5.75108962939
9.36501133941
0.862989638522
1.50300950763
0.0768576282377
15.3784179805
6.02986705067
21.210875739
0.121646288555
28.3996599383
13.1569333697
15.185687958
31.5530895079
5.36402129563
1.23098658915
8.36396993743
13.6614684881
23.0215319603
48.6490576139
15.2996997425
13.8955327495
12.7597576426
10.3377540936
15.3321416565
8.28170006114
12.4049665853
3.60725084048
8.197507635
167.193932502
25.0904414763
4.30469464282
6.85846697532
2.29850311806
25.8747060738
2.02835120895
52.4053789821
18.446358433
5.40327160428
17.3054082835
29.0041896148
27.7535604529
83.8173430441
24.9076749398
63.5713744966
28.4519645591
6.25245730709
49.9433226189
15.1754957948
3.92788774572
6.80740884964
25.3443455505
16.4368715901
13.6605285876
3.37150696464
23.7400461036
50.7726072301
15.4397952643
7.79261383522
3.46874443573
45.9600208391
58.7261002955
8.65205665774
41.2328573115
6.41300072953
17.3765434454
14.2051832052
37.9943859836
0.532058391286
6.02635724668
4.34531021894
6.79251491949
4.59207245364
5.82220214413
20.8496852799
10.6474473438
23.5040299015
38.8515098627
19.3617214214
0.59421267054
13.3166849279
16.3070849708
1.71188397972
25.6461503009
22.0251388363
15.5218649265
3.42005412673
10.9034167707
0.692767100319
0.359374164677
4.49886996825
1.05832015837
7.87445233087
4.08356517427
16.4660635732
26.156731808
0.0796598111386
34.1297871174
4.01254428552
15.9813418303
5.08775017606
1.16218957702
7.93229509304
16.1435411775
9.84542145134
5.24717677655
64.6430160328
15.9629203364
11.4981789054
12.609627851
4.27909852627
24.9237230625
3.7164295137
1.5158891387
1.86661503759
34.9072122256
9.18280627818
5.30748564283
0.900218086063
6.07946230345
14.5679111768
24.0598201421
2.66946549516
3.3212098143
9.17384961539
2.13267388295
37.436700693
11.3916373843
24.1438346731
4.32647064031
12.7034059576
9.94016939147
21.6121951016
0.960493676734
