11.5840026361
29.3079020448
9.53334600224
10.7432350275
7.12094980279
17.9351467075
0.289374749197
0.648948355434
9.49450068759
6.02858357025
0.611134693984
5.66916701205
0.670580966543
8.21344840258
5.02720955889
13.8925980372
15.5631607697
11.2887743085
15.3914357184
23.5758207724
23.9931759582
21.9904922708
0.74959017432
0.420447237139
9.26873632017
33.5992299001
1.67167857359
33.9413008443
44.5538115693
6.58042612895
15.9281904653
11.1115589599
6.81269396623
3.00409566855
9.20643947475
1.54591491297
27.0197999967
51.0904931282
21.7857185685
12.1275646532
0.8410333957
24.688249425
7.89794486184
1.52904478952
27.3685316422
13.341037633
39.532853262
12.1741605555
0.100659264729
14.564948643
12.7484656692
23.1571531168
7.32950149056
4.23093057904
9.77159009188
39.2622926404
0.361263030915
9.44526538903
4.16538998741
17.1393384439
1.86661611512
1.42148611594
19.2382497925
25.7262092427
21.3826255717
51.0319769731
8.19925917557
14.184868888
12.8087938538
3.43766507542
9.48350204221
17.4254922203
2.56444299519
7.19167963387
1.12838734862
19.5647366763
30.2386787819
11.2759126068
35.2128051531
7.15783404967
7.64905889192
2.18220303777
13.5742668039
14.7201561912
14.7421332331
11.4092617997
28.0460540187
7.68573284907
22.5672944023
0.409021661661
5.97964275714
0.171956833869
17.2182367846
34.8081333045
15.9717215688
25.468071351
6.1134399299
5.67273965352
10.5592833
1.41626832008
16.4843452288
12.3941018547
13.8001967493
7.15649036084
32.0109777299
27.036046522
1.12257336838
45.7309414781
2.83654393934
40.6654055477
23.6057328358
6.10572453468
16.4416104853
1.66686873244
33.8624884114
86.7313241223
1.10419765673
0.576414809302
3.77685207066
13.7007337664
7.58426457822
29.9341396003
5.57217946348
6.64941055652
11.4945324823
40.0358478445
3.45438511656
3.14325571624
42.7025148138
2.06129844588
6.28150060431
20.2604578282
1.78257055316
33.2652625942
6.06438331022
24.4225687416
7.18400733879
0.0753001420858
9.03140434917
31.5661312252
1.92795984948
4.46245350198
1.00849061315
28.8028669022
6.94427878008
0.319256155663
5.66923442328
31.2503062197
11.5354744662
6.6562096659
16.2759958257
1.99375924469
20.7113810448
3.14084366579
41.3415083112
4.87645745849
6.9529593977
25.2704774729
9.46601705914
25.9989775651
21.1234565463
2.30187836319
1.37292015788
29.767592082
23.8452103649
4.31741877508
12.6750774271
0.671953117897
30.6011330797
10.1558953251
19.6673671878
43.6493845619
7.31758690217
1.73611032058
11.7397262325
54.2054437026
6.85428719732
9.83952608118
5.28390531068
5.71144561427
6.97014684118
13.688822689
55.4748577102
31.2375229548
18.4522179906
4.60707472647
3.79273396566
9.29453331389
3.49050118875
23.7313189167
22.9019370974
28.2085649312
4.39197480638
24.6740848536
1.56878033534
10.848883729
13.5091526954
17.3196554629
17.4093999979
21.1682798097
12.9641306726
17.6058576841
3.55992826067
20.8767343052
10.8044170178
5.14592619699
0.255942413835
7.97746892807
4.59164512238
26.7698658328
19.0424044505
21.3669381171
2.7092499669
20.6602796981
20.7399324254
7.97651150359
4.55260902695
10.2639589175
5.29445967764
1.10263751798
21.0538420535
12.5312115792
5.87985322505
13.7939058957
3.06550354284
21.9712304679
0.627374350202
18.5333667787
3.51580331553
45.9714076333
6.65768284386
2.57195799685
2.50925560952
0.393423884208
5.47987827476
17.016456241
2.80738933041
13.2819261433
20.5041550362
25.301833017
3.3292907612
14.3933838317
45.2601953244
11.214746085
0.486188362421
2.38827465033
5.93818529401
1.88404603872
12.7133557828
4.4026965025
0.187488796379
38.6472385868
3.6560112817
6.95134090477
27.3337035903
2.91261032263
52.0823799767
2.00298438428
24.4272416081
2.8399908809
13.145089013
14.2444249436
2.90531938445
7.33945001809
23.4761176992
18.3712230114
36.8683661461
11.014425904
2.37040185209
20.1757877488
11.1471524043
95.195547604
2.25003916284
8.51834709428
7.69161141874
24.1320190331
1.28609876585
3.65368221361
57.3299963011
27.7665666689
2.83037634099
15.4369655426
34.2509938903
37.6109409323
6.58569796897
24.4840170138
31.2243774623
51.8458516974
11.1175021942
1.98456904571
62.8374377234
0.113391374611
34.2655745758
76.0577755159
20.6252664724
0.331683236478
27.5371081439
30.5584793427
1.69480017925
6.8696312277
