9.13911712915
8.35817080355
5.05371131757
43.2515315045
11.019189818
14.3509593104
13.918446385
26.419665231
13.4096953689
12.8802144365
18.2283921556
1.29431704109
1.31740791206
31.2717395
10.1827114553
9.64934656674
12.5372444126
6.81769739514
13.5726044818
31.1622766243
25.9118031161
56.2841710868
14.6472566557
13.6292338004
17.3724273938
1.48147265193
16.6504849621
13.4446472567
11.0437743271
31.2690138032
1.89875693691
3.23267409699
6.83727485063
28.2804305948
36.5996101931
0.562059295069
1.18751385276
1.43368943314
3.79388279566
4.07250673559
17.6440043408
16.1824903621
19.8980239765
7.27117830334
9.52294503261
53.4203986479
5.21107230777
10.9606706481
12.3420968408
3.44805229411
40.3193784774
20.9053138664
38.3459048781
11.5676151184
6.60039674994
1.24491017132
16.7535948955
2.65050771691
3.71290551136
28.3830026205
21.1713567774
1.17423631969
64.1498874127
18.5529688792
37.0640211662
69.1550754285
3.36716739631
16.5387880752
43.6933542789
24.3085242652
25.3147691337
0.958846040528
3.79580918285
6.14752117783
18.2323419973
8.19657991865
31.5357552478
10.5315752502
5.54595891099
19.1245059266
10.2960725286
2.75296447926
17.4102099012
15.9564408647
14.9154893681
0.442327038781
4.42064550967
16.7495456718
16.6841289645
19.6828503427
19.044791093
68.5022989165
22.6347495268
7.03667986687
12.6436380169
14.6461186993
1.00234300356
3.6066845809
4.15339954388
1.07247276296
0.0523106584088
5.54717316278
18.363587276
18.2487465071
3.30962458832
1.44512088961
4.57459815241
25.3489335904
6.07461173984
11.4022224674
3.84177995319
23.3952567914
29.4929012671
5.19380727663
28.2879006599
36.8602369506
2.16562529736
12.2392580545
7.78704158287
22.8850845773
31.7709269746
8.79488818574
2.24723638138
15.4779208598
2.09901865429
6.39486801274
25.0165944225
35.2667326522
4.57231237211
1.77294230881
39.7117283203
3.36071175144
5.09169153391
23.4829857381
13.9277598625
8.84803794448
5.38930220816
46.9814684926
6.80249705567
11.3929182655
6.90063023308
13.8118295123
10.7074611007
3.04648402803
3.03038824348
14.1243148883
5.68562048164
0.714037130993
5.00857099984
31.5717452856
8.96752328199
8.45490905614
35.4564052898
6.08682778971
12.4367234378
10.7700676851
31.6133914431
16.0916292902
32.718437747
0.633402901825
5.54250452382
37.8517064432
19.8260304055
8.05137584665
11.1634202645
2.7641685705
10.9617160649
0.563634598858
7.33071458215
14.3370157728
29.3466218225
5.98571766784
16.2827612495
6.45165609691
9.12855913057
44.7067067276
27.8375824534
0.458039297421
0.27345299099
12.5232919097
32.025726318
13.3217614145
27.0911031765
36.7596518859
3.3724183455
6.70304290578
3.69286480423
18.5744711367
16.9578777087
18.7700717834
15.9106254731
23.2838775648
3.25948172475
39.1203908557
2.51864017131
16.2697382554
12.948130655
1.87278801894
21.4346407476
4.53130787889
20.5174824686
32.9434929255
35.7622071371
16.3557177103
0.476108803796
12.1524023842
12.5679253024
7.16649080367
7.10155142986
20.868017557
21.2070780287
46.8350674185
10.9119498679
14.4867743877
52.5196586792
2.1200587952
21.9602972482
23.6265882988
3.72064638781
18.3101815704
4.05421289066
1.82693350631
1.86506984734
7.64840948581
11.4283640128
1.97247028176
4.62813738476
9.53996566621
1.70676014239
4.32209443837
2.45004637376
12.3387143566
7.81056539768
14.9703902988
2.28867133622
16.5277568655
10.7730860754
19.7881586105
8.01726236474
9.53220024002
67.9653099216
20.877047153
2.19334196494
2.6075765328
3.090422557
12.0714632785
34.0031097541
1.19631953914
13.387187449
3.36563544953
17.7044539219
9.83468185036
3.94346984415
16.7577989605
9.05027844728
38.2232301857
7.57624699693
23.0530730701
2.08140582677
10.0891841478
8.20595505251
6.73857149897
2.51689395285
20.9026789301
11.9106128707
37.9063509521
8.22780686872
10.5248243968
6.12533190513
3.25242415038
37.4169866417
27.7374992733
16.1630549999
33.5220033437
4.81673684391
21.0070673299
13.0011093952
2.42656654983
7.09684878999
18.4681122929
8.13543008419
47.4592781465
9.47945151503
5.48599015479
11.5661945572
10.6418376166
19.958267476
9.88500862718
6.07525292212
10.6374647046
26.1627596832
17.5647446952
13.2881158713
12.9019061803
33.6460836785
55.6951437624
38.5069613006
6.79023950749
1.59977705893
11.8416042336
