3.59385422393
29.7145775185
2.43992528481
26.1807302517
1.85901059579
10.4453451678
7.69956549966
0.235813769412
19.9140276975
19.475899309
33.415506316
23.2533257025
10.9127386405
1.17611099048
35.6976619561
15.1216168761
37.0728400641
4.85027529138
33.2691097163
17.4608879384
0.325600402297
2.05427344501
3.34312103241
17.2903105319
3.20446900474
1.80500185174
13.9658466153
3.21432171338
5.3694085792
22.6769032043
23.7274674028
3.16660448701
17.2447274861
22.2087702225
12.497787112
79.1655042977
4.15720896183
25.6273581019
1.39326732391
4.73344642058
10.0372870749
10.7219846219
6.99200746793
19.8813644532
6.30643249119
44.6772059188
17.9778667438
42.1678836786
4.26536859308
2.16494089904
13.1440029939
1.23127390421
7.86796983381
4.14783477646
16.8957911959
0.57193456947
13.5478745648
1.48455107989
5.33270856444
7.71907717124
24.2080302633
2.06529580496
12.8332254437
35.7164818908
5.9143338218
6.38397133993
27.0493644596
2.96703877541
5.88386765629
6.54132562511
35.6136749636
20.0975159618
0.706436544671
14.3157275601
6.73109985555
5.40871811639
7.95949477161
34.5164776338
15.8504940389
8.60652940669
8.393520403
22.2965695876
13.668833629
0.515723406462
7.86823133585
48.549437708
0.600079893628
17.377258642
35.9927764833
2.65541732573
16.5180327475
10.1084206712
4.72714623737
12.1024669397
13.3690525777
12.931449321
64.9050621289
1.46957155645
17.0147920161
33.3784009729
2.16132008102
8.31050504827
7.42138404462
40.3008288789
6.61578650862
3.9425794562
8.49439115698
18.3481681139
15.2622640493
3.92855821723
28.5200243705
11.7657008393
8.96673642486
2.19890557721
6.53432794847
7.54043121096
17.1845220637
1.23212697275
18.1422619041
15.385150047
2.35908453058
0.240152752774
11.7886240756
5.32537700624
10.6793168487
18.7930838088
23.7842480798
28.6645256982
24.2546566206
22.911569583
7.6756503371
18.1196032633
2.11901328824
6.55204552166
49.1537249966
18.6968970777
14.4861666689
30.3812251697
12.7638835151
0.710435610935
1.2987999998
16.3935056844
4.99366671907
6.6599888228
1.37279632229
10.3501969797
3.55222636925
11.2978256232
2.02857130324
12.6155010672
10.6213411421
15.4420802288
3.77266995374
36.9836654039
11.0430173113
1.89420131571
54.1750713424
16.3544872216
7.02974961497
10.8635624162
6.95642795417
4.01226798056
20.4858740699
16.029775651
26.873241846
12.1070607167
3.55090046277
3.83019322043
13.760720661
23.3062975494
11.0799899152
0.181801685669
1.8429052738
23.4569001571
11.8388204666
5.48914688216
78.7600002648
17.7298533888
32.5592945916
2.73819017473
8.96210059458
12.5890627436
5.40866211033
9.13854171124
7.42728783221
22.7189361172
15.6465012578
7.34034870135
33.6985028973
43.4535853261
14.8604868762
14.1571662282
1.11456150249
1.38431119444
0.00198648781494
7.15636564139
27.4427151707
14.6524307481
1.43612278716
1.81372039334
3.49604517324
17.6149423905
12.5167273317
1.84760835989
1.09150069306
16.5872340158
9.44033972825
15.0011742099
14.1025755574
15.2246721714
4.3365782266
2.19462448136
15.0952772985
5.23278853362
11.2480171859
2.47637746922
33.0661212342
8.27564221419
1.93192070973
2.14295958557
7.43634821648
9.4104001283
0.291281027108
23.3359498958
7.00287318735
28.2956570442
56.5587308974
7.30344871712
18.591293356
15.7524421299
12.3303053602
15.0184331223
9.06878136783
5.03623297373
16.935491124
12.4102638387
46.0594647014
4.57985740463
4.18130221573
0.120418227322
1.33388916599
2.48042829085
10.7348911789
12.4264623524
2.64088578649
7.50003815047
5.87653210992
8.47053685405
3.20813916855
9.96433475425
25.3756461253
0.355537106457
5.42970714124
6.83193425966
14.3083953326
2.25867042447
1.06693876968
27.9066550013
28.714589225
7.41940699633
3.54396212578
3.1880731005
4.19053888366
5.92084452161
37.4775022765
17.5575042421
146.507612976
8.11848447439
30.9705176778
0.61448318698
2.16820399223
12.9245897387
4.7769299011
8.30277921995
11.7451127697
13.3128521711
17.3685608621
11.7054415724
9.94059962923
25.2311936113
7.06777028837
23.402913618
10.243939033
19.0068406005
3.26331702471
0.890695266021
8.67122107874
4.41558136787
2.87409748809
8.18920029998
2.9143395178
9.11199386018
8.05171212783
68.7117693898
21.5385541491
16.1923009681
3.36877457637
11.894941717
43.1839765253
47.7007865566
