11.0954380924
2.21441327951
6.93414954303
3.57839325395
2.70404857261
7.11945542431
7.73262992849
11.1485311749
33.7208074769
17.15048875
5.12685599126
32.6247019675
1.04995223514
2.51717931602
22.8647436681
31.0227108749
13.4154785447
55.5923038183
0.619072588755
61.5509670128
7.78305167123
13.1847417089
5.94209236763
34.9434306658
51.5452852406
42.7230127741
6.1398717729
3.92587025543
14.852517171
8.61900152688
1.89736481499
53.587434444
8.51882170725
5.59123555788
27.9890277442
2.05504455832
10.2922296531
31.0618661695
20.4988412537
7.79876691458
57.587514707
9.52127737431
4.58059119881
1.46800086341
10.5992177499
0.468759631649
11.2746600216
36.4919717308
7.37870725977
17.557965277
6.23051450193
3.70089094061
10.9673757965
82.5970349694
15.8505062908
12.6291747154
39.620009281
15.2910592539
11.6887078447
2.6243025986
16.325683286
20.7660909708
7.65949587652
2.86578894595
58.925939397
3.86144708766
39.2880624869
13.2172087482
21.9498605586
3.34560388436
6.16790412344
16.7736437895
28.3545410988
9.32047918876
5.239940806
5.98477136675
7.35467742097
46.1034172359
6.24604520652
20.1314191655
22.1496751768
0.551200592184
32.3460177396
1.80225123458
5.8483092579
28.4555190935
8.40707939756
46.5275725468
20.7327427635
0.947297319646
3.57192796263
12.7475754843
15.9438869204
24.5420305665
6.85853413913
7.23833722176
21.3524661677
19.2809122303
20.9460078539
3.24899231627
15.7482036071
0.955446247714
43.2306731823
14.0137611503
0.960975908286
7.38993746929
19.4027661568
5.75815593127
10.7312955561
9.22227159769
10.617485972
0.104002638723
10.875995455
2.62088931688
13.7561210346
19.2258482268
6.98045182351
2.97641650372
14.5433637145
97.3378647918
2.27688369214
2.41117137433
26.2037996688
4.31532157698
16.7277641836
3.32132497875
7.81254831989
4.38410297399
7.97147104084
0.405072858625
24.4797583482
10.8556143967
48.250869174
10.374136552
11.4111844464
0.631691838565
26.0300524601
8.20791180464
4.24545179482
5.64613808729
6.23889153353
1.14494580227
21.0426637032
1.87143526322
45.2084771781
12.6215215307
29.0634070704
6.39633874828
11.7547107853
5.16052906779
8.54764244225
14.5001345481
15.3642803325
2.69106638123
16.9826631685
4.87714177034
34.0185679651
20.8473436928
13.4198217673
5.72287365428
3.20063943198
4.69136383997
5.25140655851
38.0330655418
21.7870547021
1.0577688982
11.8604350992
29.5765729654
16.4405888445
60.0683542247
12.9684752405
2.22523321792
1.18897487545
6.1129406777
17.0806671559
10.7886486506
41.1185859794
4.0201284775
46.2527735876
13.6145406745
14.3734261047
20.4314963278
2.19678409909
16.3679162166
8.23763661556
1.31858340107
0.815377015707
145.095849127
0.5745408429
2.54081139957
0.967214544592
41.8743889965
0.416079967979
0.609839939043
16.3117492552
0.0659719957124
5.1222370788
2.07319719006
20.780157965
2.61121519292
6.69563156395
0.978155299864
12.9157736504
12.2742991591
4.12607601386
22.7395720333
5.8934681221
24.4898785092
6.86391747063
6.36340937565
7.96099203883
3.09219702975
18.0050513554
6.03366900175
20.9004487238
63.0063103765
13.7226682338
6.57687969304
9.42132000842
6.19437962519
15.3705168107
10.1633509325
19.2884015594
16.198381652
15.5819032808
13.9386834409
24.0302498855
1.24501448283
13.2169960345
62.4120912941
9.07460668708
0.985698415287
33.4638064754
17.4622316702
0.288347364917
32.3173515393
0.0895629542157
13.7958991459
3.36249078006
20.3066495825
22.5372387158
30.5241960731
20.187689105
31.8900669025
1.49213931722
21.8912581775
26.3168004435
14.723476947
18.1012507331
13.285391465
24.2927441976
7.80770842122
32.4976435297
19.5090697682
4.98815174932
1.31484425692
49.514140282
1.49504587776
10.5883343608
28.8789225772
21.9665562544
9.86290068655
9.9982348532
3.90486058512
5.55421317197
5.65847134067
11.6604281439
10.3434240917
16.5737908653
8.95496713205
11.3468097094
30.1325769975
7.62309563442
11.8304211143
12.8291924138
1.46165941939
45.2051656494
8.30558604113
8.99148568973
16.7022942778
16.1763001566
0.714533865866
71.4447299639
12.1712059463
10.3000533336
5.94834188543
15.9632628647
4.91142708418
47.001347301
11.0033616558
54.3142810842
6.14389705242
29.2453853097
92.4208488176
8.41532380513
9.79621548967
8.94799255773
0.0626246280741
2.67161934893
64.335737505
