15.3527235975
1.5534008216
3.53736066647
61.4632322499
23.3866202832
8.66761728199
10.4140381184
4.32366802341
0.679488595603
19.2250448797
9.34289998961
50.0124667234
20.4020040213
0.638377860876
8.86145975593
14.5504192719
3.90508733051
20.520149105
11.6019945987
6.98826339765
12.8836261515
18.2648325246
22.85965422
1.93307938727
17.5956808038
4.10532365602
30.8790920289
3.12478282554
8.02484624879
36.6256278393
37.6620495925
20.700714543
11.3972693029
16.5484008235
2.20937678978
13.5757009403
0.628311375279
16.7089664531
3.1980054964
19.9347660108
21.3627811265
11.9106284081
5.21167601486
7.65243701284
0.0256495646829
4.10150065243
24.5129358332
11.5239694662
13.8652921734
0.65456725057
0.70754146757
11.0256490488
11.4326593649
9.14345393479
0.71268934153
0.374171965213
14.9688921218
7.75978497945
9.17220927455
3.1320340624
11.083123279
47.5584520554
15.9786080972
19.6316385567
23.10921157
3.51148092925
9.99182973244
5.38319184814
1.29549045885
0.72274977611
25.5936519268
3.32043998546
6.57626815987
18.9021415878
0.875873239792
1.47083898629
14.9502351862
36.4025867212
6.2567664979
15.8896463426
1.99806817671
25.4600638803
6.00554044606
4.9844001994
11.4814050696
5.33765716156
20.0113605957
32.9177559361
11.0019821449
0.741999210608
3.49376298053
23.1499835615
8.87225202196
4.24298129468
13.2067008488
33.045983722
22.6557455009
19.2363168552
35.985844897
5.55358966916
12.3397371083
5.79132974365
1.45131143721
19.0380005833
18.8424063797
5.78704556589
67.2622890059
2.25424521199
5.85384693513
6.49585491332
5.73564875908
8.28435158011
46.9918624972
0.963621357864
15.7447939773
5.41109390661
2.66753768991
10.7859493522
4.73841447077
6.82113467332
42.3546443177
12.835708873
1.44143913232
22.1193168562
18.4143979233
32.475836836
0.325864481164
4.71317872268
8.45831252389
13.1492771835
11.4278162182
57.347273976
1.03180426105
5.69276954368
0.561471984484
21.7898398366
1.24449365938
5.0684651725
1.98561819943
1.34590739796
11.8276352981
5.70707544792
1.9277136423
4.99862834541
2.12816443459
34.6736622929
51.1367703874
7.33888924162
9.4462411065
3.13919267199
79.6901481334
1.46613914662
7.92566559613
6.29298635046
0.120077067192
58.7840028005
5.5865827598
7.85855138031
8.70705104919
20.5517561806
19.3263708289
1.38526921481
2.51131296941
39.3132428811
70.2070421044
21.7148561808
1.29294630865
70.9971245431
2.40541995723
0.580013258296
13.9057299687
5.23994355189
25.8408526236
17.7277572717
0.0796693618414
10.4907167782
0.703012495889
3.41673807384
10.2631996579
36.3138671048
14.224234086
14.6973751893
9.63660677259
26.3150315748
13.5745730115
21.8358682042
41.0508015952
32.1471994605
0.546598038903
20.7282712186
6.2933361662
1.16655208088
3.92174527351
20.7733337797
11.2218123816
9.36058272795
45.5040039059
26.6037965951
48.7831423757
5.39437270856
37.4247708596
13.528240701
3.69927112589
11.4078459298
8.59592263896
0.347443268719
28.9015177356
11.6315751613
4.31263494501
0.751682543341
14.9164957532
13.873101899
18.8548211744
13.7164321794
0.281499233373
8.96410661253
19.097771816
1.96703271468
4.75446404678
38.5790955018
2.56750244646
9.09771827547
16.2630119978
14.1420092061
16.0841373674
4.54831030588
4.07645883053
7.14662827377
21.8486216317
5.03259404928
2.92868174125
9.11111440703
2.85111231361
32.431677227
60.0675166849
3.66758228359
4.21934859454
0.609914442709
22.4543467953
7.43988173447
10.829195657
2.5935325544
0.423169924004
1.43573283096
1.44440111384
9.01007941109
7.02940075198
22.9762266376
9.59048958878
4.05434482538
0.20859023259
3.5662255172
38.6200991662
26.4615119984
18.1038753583
5.83715440568
12.5050208887
43.1521637487
5.08032026799
1.06387554856
16.0134608363
21.4883962325
54.803148645
31.8996652048
5.73887508838
25.7152040029
1.65243120802
2.62335958877
18.893674305
17.0103654776
20.1257580173
13.3521721076
2.26660705415
4.79286278439
1.82791464021
18.6090579327
9.0873377613
13.8935903786
29.7501721739
35.6347732568
3.19564441743
10.2657715079
6.54665871148
4.35234260863
11.5769755269
20.7585213852
4.51614527011
31.6840284641
7.5613397903
1.89379225493
3.81123937758
2.83867328376
43.7335138382
10.2943189657
3.54537847779
5.51598397474
1.55782892003
46.4173394877
42.7078292317
9.68625083079
