3.32282062715
2.46014384321
4.67663942682
9.64523931919
3.19345388692
9.85396162815
0.339637784532
55.8069093715
5.17210693898
7.65823790746
24.4454271994
14.380760504
3.55448834225
12.9006988709
37.0457378117
21.7947108209
2.22550150936
40.1179718679
3.6647443557
13.9699315286
20.7995032462
11.3668132943
70.2466456927
42.5044119262
59.5656239368
12.6935665562
16.6127011953
30.7019441224
3.53077734864
31.429301946
2.3476769758
4.42966525253
29.9378377579
2.50338393163
9.78448032739
2.84748382757
16.0847290345
3.54233788809
13.4353321189
79.8578792682
9.12893781176
3.81838650171
2.72916043287
26.4983283048
4.1045016332
1.46331551536
6.22713996261
29.6859410786
14.0124517081
12.5216370797
20.3784048533
7.58417492952
68.6623095575
73.3964495636
1.43304539796
23.9349298175
1.64473594382
3.52776051936
1.02924969303
9.67720768813
5.40786987561
9.67011114978
9.55392325153
27.8053649383
40.4182731266
13.42134841
10.5399478678
0.287770465673
23.818812168
5.87624805749
8.10878392025
22.4537269788
1.44187081552
9.18157298
29.8038474124
7.023746025
41.3255437439
9.14594107768
8.77784642719
28.4635998915
17.3871750578
15.945307227
29.8854979798
6.80767352381
5.74892219472
13.1567255018
3.80916284455
20.2624127285
7.41848143011
50.961533674
32.5155436727
36.5502763815
40.7430749487
4.91269016767
18.1148365427
66.5528265142
20.258083112
14.1511313939
21.9701286049
4.13451461236
11.823877491
8.30482341062
36.2845852387
40.5420747117
54.7427196851
7.23706756364
69.104389002
0.712224241446
15.4726248921
8.42833459031
18.4090908135
19.163285565
19.8362096704
24.3756930303
9.02893927653
9.18445767882
45.7783285502
0.782734400519
7.44970413143
10.1515520989
29.7153404991
5.9356630929
21.6845375706
28.7080166601
20.6851844263
9.32263956956
56.1695783286
12.5072875253
2.83692346627
26.2333769386
25.9999586271
11.062770164
1.25050568343
0.618780456865
17.6581520071
15.171477503
16.5351361106
1.99361557014
2.75363079181
22.4358065134
15.1970903202
19.6286590286
0.688024145193
4.22164890604
38.5913393688
1.08177166927
3.7998266507
1.15001879335
29.7373534232
7.53106518059
25.3378864412
12.5615551994
5.04387658484
9.02842486152
7.98239180385
25.4876240833
3.59490811077
3.3050936033
7.01206480586
4.4548034292
34.4774928017
13.8742192516
4.85735594543
12.0917291933
2.57680012628
31.3572466074
61.0300963572
14.3739928034
3.25525159553
6.55112122493
12.3066446096
7.25673335987
7.8528033079
9.89638622595
38.0079582592
32.3790342787
4.39387173709
15.1812197333
10.0166828768
2.43044349572
10.9244612654
36.4535170418
5.035031399
7.66329559295
78.426028081
30.2752278296
0.644339614413
26.2021570773
5.97003448266
21.0205892326
18.2160415669
11.1933253278
11.2400755005
2.14199630713
24.4428238278
12.1444548458
9.06803663959
14.8387886049
0.521935334347
32.1376135327
10.7396015156
14.1822370946
15.8028229746
8.00560917781
8.05314442072
46.7613903304
20.0430760136
15.1958347497
0.379730885536
0.0833183793293
12.8127872167
2.96760660361
6.23351477259
26.4024601662
56.6957646208
6.16811902484
8.89084417597
23.8280310078
7.48418019509
6.09857795238
11.3249186646
15.8968902781
15.4719191779
11.4033210145
10.6841507576
1.57633981687
14.3765599959
7.39672271694
32.8236562545
0.176241022375
1.7609865913
11.8172672874
13.2260369422
23.610552224
5.99028104791
8.09343219869
8.92852822856
26.9988937061
1.05971643324
77.9658368158
0.257196158238
6.33519973875
3.46487804236
0.689426895263
2.40982608252
1.73823136922
7.51807527174
2.83153971416
2.37658575257
1.09190335094
9.3230003393
43.5251839321
6.15396703961
26.0537841367
39.0261851062
11.5971724421
19.2409121721
10.5777429922
0.109535026191
0.691748709502
7.32102302314
5.6451815446
25.7975486116
49.932153727
9.72018258628
1.15988915071
1.41921291163
29.2580968728
3.20351837892
4.56388962481
9.87731981006
0.456560063664
39.4481324411
10.7689544944
15.2800228615
3.45714016272
10.522490565
21.0478956857
28.8227444862
3.37265675357
3.17679000968
4.9785619209
40.0539334146
3.34153361926
4.05411371191
2.08367653389
2.15072608064
31.0066695615
15.3625151376
41.7743454293
8.17862195794
8.28317959591
3.43514095308
7.74624077476
20.161495524
62.038528765
8.58162033315
11.6659564441
27.2610336701
3.59900367993
