45.4776289271
16.1221855435
5.70680146889
7.10671947966
14.0341382626
16.0813358903
36.7146476598
31.3870513556
7.56024932051
9.6185668394
2.08702897991
18.4151274137
1.55291987583
10.7968851591
31.868795345
33.3907407555
4.04190583755
14.6617673791
6.05031018514
41.4918398384
7.44865762651
23.4607916781
17.3696814694
32.8390336853
6.90706149838
19.1735166851
2.87366200531
46.2366440597
36.6651354788
37.7727374518
16.9770847386
15.9863326899
7.29668924588
19.5920541014
4.88110363747
5.53097951394
1.77912726441
10.4087294477
12.1253935542
14.1835441475
8.50387729771
33.1688742657
1.54421377771
0.102916064413
49.3119252697
13.9294241929
19.1361775536
6.00899422072
0.200620822603
53.623221391
12.9835398677
11.3187915339
1.47205949234
7.90259876063
3.79211378462
3.69285498175
29.3096667751
3.27866623342
79.4565578163
12.5681888179
2.24023593361
10.2985722109
53.3901907498
58.8824355798
24.6514268434
61.4984101238
25.1537668487
8.9557591357
23.107818383
0.799996353242
32.7031553004
20.9871447733
17.3860032292
1.00820082871
5.77878817587
22.5112623228
1.49610260256
0.93268401438
19.9705353313
1.04129575414
24.6927605731
17.597982484
1.49344843923
11.6142435395
4.24458352277
6.47988732781
2.93387187509
62.398896846
0.804500083191
60.9268502011
10.9056367772
32.5313881244
14.7862615045
17.0724904949
33.6918017472
14.5121289798
9.72605643293
4.22356806664
44.3368448842
17.6103786112
7.72585422691
1.0604400384
15.8870159968
22.4949859219
27.0609104234
25.9833509184
1.80876585813
28.0160965194
9.55012859131
22.5585056667
35.0615243196
16.8362962198
9.52563340126
33.2253790343
3.38614906388
2.58274201661
32.2872526115
6.79609092658
1.2968130678
67.1817696348
18.6497543545
5.93563730555
73.4344661295
28.9771092316
3.35517549806
6.23676367423
28.8490456857
11.1836369967
4.23321482377
2.52565980505
9.99481429385
43.5768638073
13.6673025546
22.5821826801
18.6975418348
0.559731948241
39.6093657564
6.60075580354
48.4319925794
4.23537836835
11.0501017554
1.31763338325
7.5681213715
31.656587702
12.7561370048
34.4023170837
46.1699663722
66.7007668492
4.31334322886
2.45602046828
34.6105876617
10.3024587809
9.53864194974
13.8137458232
5.91819055967
32.8192694381
2.20892684709
6.66928574786
1.76171486393
10.4093825153
19.3475382448
12.2875660482
12.9534054557
5.17512102555
5.59996150862
33.8880737276
8.4003688159
15.1308685336
19.032836327
8.39359190857
0.889759902127
28.0488467154
3.61815126669
0.457905793931
20.8105654722
5.13867117828
5.95631389604
11.9782936537
21.9490186935
3.5801094099
23.0053191616
0.287324940059
31.8773015909
26.688718965
26.756205669
2.04498442481
20.3200981954
16.8892444406
33.8331317693
10.3842433147
36.5832430541
5.51865223449
6.3637877008
19.0613336394
28.2173861435
2.15180601806
8.95989217869
10.132005296
2.60735982568
11.485864846
10.9296138651
13.4036567078
20.9636841374
3.10473909315
18.7449039955
2.7168625176
18.4633225415
39.6752410204
1.55680856009
30.0672765581
29.3087749154
1.96081132573
15.1756878422
16.4025764923
9.86735673359
9.13180873964
46.4205261791
13.8391753422
37.7827956349
1.50403061603
8.49460487619
4.88310199593
0.714558859087
15.5039215385
5.49826871266
5.50114837821
7.15830981543
0.578936935261
33.4445882857
33.9714656906
6.55178735391
10.906919076
13.0363212591
3.05887890234
11.0668902133
10.38348718
45.5264711967
0.589589686003
12.2726056928
14.6546409595
14.0551807612
57.6665055881
33.1915605886
1.7249049109
17.6134137034
22.2548033014
15.8459736683
3.63895881448
1.17836132973
9.59754156914
68.6070235992
68.1629504731
4.10496865783
28.5637706999
6.03158698844
1.70090647073
9.11826067691
5.68862852597
0.541947552501
0.487782655004
24.3887426376
3.96253539856
24.7527335985
7.20845438024
1.28309073611
10.6764806439
67.8214592685
14.4160666163
2.71406499951
31.4220894202
0.48900391344
3.95367116809
0.623692427335
2.24903356895
17.090709625
54.0430799119
30.2316938327
0.39229287781
2.59672398514
1.0516923498
13.8536796316
2.32497831224
3.2311404202
7.63269579207
0.131524992702
2.34253789342
4.04482462844
7.28573717197
13.5643084472
14.8168714395
13.5475510182
19.5183046142
32.5290061079
19.6057405643
7.28282334694
7.2995900252
3.82521262438
0.0487893699128
3.79640293085
32.8462981765
