6.25892532031
2.53071883012
0.21585445152
11.3198810729
47.0218012093
10.8684290334
75.0457845182
14.6650358429
0.622115669421
1.98688731847
12.7794685681
7.10500669024
14.6233168198
0.122361656959
20.3180824554
30.0778607782
1.49877324617
55.6008417293
41.3910735293
1.65214916511
4.20791202227
2.5528560294
1.96358389362
32.1428976202
26.5504858954
15.7783498405
1.83393764421
0.148649524957
3.68798682958
13.5771484233
4.87729463319
4.14674611074
10.1506167613
44.7518289732
10.9796872903
0.447331485822
92.0106834583
61.5835827046
15.4359436679
0.106978289581
91.5507449063
69.1202010421
25.8903323097
19.1166354053
4.34282126648
15.9561056472
41.8912105103
5.65606666662
13.0649295215
21.0391182177
12.651373224
3.50491939758
9.24837068594
10.0469652853
12.213806634
41.7142171155
34.6252709029
8.15659836947
4.80922483728
0.615711656183
7.44470907775
1.46421249261
13.4381173342
10.9385115338
1.01564743494
1.77655432448
2.6247400743
12.2306929142
35.1907650875
9.54489981182
5.06919686666
1.66421022687
14.2848411392
5.52155967823
28.8280534886
9.26667775949
1.50253008042
24.3997668471
9.15264688742
2.44871552264
4.42303274617
1.79879125407
38.6445773791
1.75765398311
1.01630353507
7.04984869166
3.0521166662
4.49794776121
5.97666018683
26.9080465008
11.552803407
7.92909694928
6.31839823174
1.71653572145
1.08235489062
1.65000918431
2.62177087891
2.7620971858
1.99572269235
2.56248746035
16.7878578453
3.86115105508
8.24149330667
9.99022416293
0.684937138243
2.90569890719
25.6942677451
10.486117799
13.0450169066
7.21026286862
11.2186319807
69.5560224795
9.55697742782
8.97606579063
48.792327303
6.17858899763
2.45354148557
17.5781521002
22.2807573744
19.3914750608
0.418975611735
19.9789428547
10.5907742423
18.7314434993
12.3916615843
3.81403441952
31.699549118
3.23514136987
39.0107708726
4.4547613181
13.9501187467
4.59537475231
4.38507128365
32.6101839442
5.17238093567
16.5806264985
37.0945422391
6.48848621534
12.6823784242
0.43631716976
11.044982871
5.16434205958
8.90300755732
32.2150033162
5.03228126784
34.734857624
2.68684669005
32.0939968367
0.900148274404
6.37386516107
17.8913097856
17.0092140647
5.72430935494
14.870978282
29.7547104668
9.56000037254
35.1009154421
3.58968176693
2.78054280122
11.6003529437
2.80200043387
18.8850709893
6.66108885274
4.97083294457
0.742548443268
6.00090580002
13.543328453
7.11318661554
21.4280376965
7.40511622792
3.30144820127
9.04418571187
12.2003485841
11.0119441488
4.52600735407
3.26835218105
7.73160381328
0.88103176304
31.9999861993
2.50163956646
15.7079564544
31.1907607207
3.65061653629
23.8566879021
41.5184249883
21.5889356802
14.654288348
1.46724852018
19.1404638669
10.4917022813
13.576208596
1.12285051725
1.01638982169
2.64154116882
2.61317065764
15.2497032224
11.5292067325
41.0848925566
1.77707825369
24.9370550023
50.1497677605
2.04909814096
17.7149342187
0.0896078803528
10.7899694465
5.07239152374
25.3055381829
0.667497749351
13.6354583382
18.7968968965
7.67896423745
3.60760174823
7.42265609425
1.80325847209
18.1865616926
12.9879887523
5.83780172538
8.50630862983
5.54332442975
52.4543756019
1.63634755122
11.0769031832
19.1093412979
15.0221741578
0.828585424498
8.92808126762
12.8967501159
2.10290554049
38.8202273162
2.6063051663
3.51229811696
4.20252667054
35.9567934107
5.81118375465
6.06888644862
6.02670932687
3.20829404589
55.2185668288
19.1954456804
48.4656405558
6.22355679484
48.5862311006
11.2318971352
1.96542032926
30.2079377005
9.43631630836
3.04834007611
15.8609414883
1.994895115
7.63872967365
3.65323245407
38.2218753114
17.5601849954
20.5256616198
8.39535093518
32.381342295
35.8627025972
12.5367855898
39.7043882201
34.1707665086
3.43713502151
15.5949334945
27.972463683
19.8176335928
24.5932838545
25.3229999954
3.96067800625
20.7263682159
4.30274393419
20.4544015711
31.6423118257
15.957744225
7.03262857378
6.5839563117
4.17337214828
16.6068716212
0.929040007165
1.50999880475
45.2681703128
15.8005670607
11.6974621328
11.9558896227
7.97108525134
2.69417198433
63.8507457094
56.3056352901
9.2542730209
5.65550827738
19.2143643105
30.7827797972
2.86837771108
4.32019469763
42.7745295756
0.639021293379
26.140168875
22.3178890694
22.0221797121
5.55107198861
10.5920600609
4.75914032043
