2.37407669123
2.13905868847
11.3979917206
1.04495585545
0.891613415516
6.62252414586
16.2202266273
37.5618090084
11.6175129314
11.9665311302
30.5605146861
40.658332454
1.81572035889
8.5706050692
3.73955459134
11.7810353301
16.9119762439
39.67814605
29.2371856212
28.756152186
3.0566943033
6.33967853525
10.5894893892
27.4037175583
8.10173028793
0.41135829708
19.9806347275
22.600881634
1.37466679608
2.86876724428
0.38322332263
15.1968163355
2.13511583536
2.75910514665
41.4871805314
35.1403329279
1.32339961566
3.76335114173
5.90481776159
8.20243364451
2.82375908526
5.07336094417
27.4863767175
6.9283752247
21.5484637877
3.66648663463
12.5343651599
0.916910818133
18.0400176679
3.83011284899
55.5317344187
22.8256066134
8.73906887615
0.689339925739
15.692203481
2.64190081325
10.4562158747
45.1335296932
3.77638852721
44.0032201628
7.24443968989
103.122834698
4.84764400843
8.03307387211
1.72149507478
13.0042066652
17.5581638076
51.6400922103
1.51006587135
3.87877339373
18.0616559328
5.91953254725
11.6219678013
17.4446832968
18.3022771078
9.30135509552
6.680973009
33.9243603761
46.3869218371
45.3152897649
31.7690812088
0.816411823476
93.4823443239
22.7880435351
11.4455452754
60.5958846497
22.1506618584
0.589084932281
3.69321262159
17.0078687927
8.81273378413
3.11594209807
5.92755633119
8.63777082665
42.3520143711
1.52699454487
10.051620319
22.4510931003
14.6614521396
0.290096836828
20.8761495858
2.84150980355
0.308497257938
9.19064578213
6.99045545662
15.7570357727
15.7146945893
16.3859772008
4.29879063546
0.570552922466
6.07249165389
51.3913730305
9.65601434277
6.138366146
17.4190863123
1.89634557004
9.20459499021
8.70610096518
35.0795221138
27.0762172984
2.3431629563
5.7388567472
9.4729109569
0.108641744343
18.5239943813
1.650300306
21.5588842512
10.7033747535
5.11391155116
13.2850203553
16.5755420419
2.62203916536
7.17989070827
7.48664734545
22.0884979837
10.7579607634
20.4609879503
3.7711395669
28.7222931778
28.4253438554
3.84994864081
25.1301794526
3.59713034449
7.76953270027
42.2236512218
41.4809396504
9.51912321958
72.7506234582
45.5241491259
22.9174894623
13.6314803806
5.39375314413
53.1433089802
42.9942426186
3.61993579381
4.73850499475
58.6153600027
10.6673998225
47.2720080331
5.92761155511
35.406944511
3.28740006271
19.2828193092
0.560244264112
4.76556005554
0.664927617654
24.1003598924
3.03353466663
2.31338262769
9.32245648375
3.35183127959
28.2492764911
10.2274587832
8.97202145807
8.65406728905
23.1805064677
9.88354437258
4.3735148583
10.3530390976
33.3226625659
0.228207511846
1.52165661699
3.09308511262
0.908559774496
0.561797118083
40.6179538809
17.9180478064
6.74805992052
21.6991104983
9.25576827408
3.45199839313
22.3406900205
36.5158407693
32.8301212988
2.97609169188
3.61325974351
22.7535283935
1.98980889872
9.29809237862
8.40208686946
14.8337583211
0.64816029825
39.5037013803
17.3050584164
1.48686728959
1.48826301107
15.5091744557
0.0895260850521
22.8959540856
4.312495383
1.59386379428
4.79878968721
19.4145469529
0.368504784459
7.70739835077
1.65521875418
3.70893587946
18.0736105881
17.6542277456
15.1716220709
2.15435710086
3.05670739728
15.1848384053
9.05500699984
14.2122419786
3.48778931374
4.07966333779
16.9420754891
10.1481691287
1.02801976162
1.16823544127
29.3285556904
22.1078855276
8.49954696151
30.4735944379
11.1955241281
12.3758381468
44.2149376021
24.1796000709
15.9099783674
26.0031140477
25.0226804744
0.683893322867
19.3478894652
21.3315930252
6.26734164578
5.65412032169
13.4800928932
49.0252882853
7.44605681155
14.4911841986
40.1071488117
0.206607852933
10.500078891
34.7678286532
25.243768019
11.9185387938
12.5957403977
11.6770844907
20.7867292147
1.12609264922
5.31919536958
14.3239352901
3.89250736008
24.1821594977
5.02145369024
2.0551466974
1.0182190412
1.09567871654
7.4731142744
17.8718410866
8.73937995916
9.25468743954
18.6809936953
17.9728152343
15.8121236908
5.45548199134
21.3661769483
7.45639825916
7.9744071861
73.6442757753
26.922777341
17.5967454331
35.8480934136
35.2738245914
1.52696565844
25.3548456078
53.2215487301
6.55691724354
18.689030942
6.58455268469
14.7932333657
19.1712526603
4.03003605324
11.054119852
6.98180404767
17.8784975102
69.3984816533
15.0481716397
1.06657082209
