0.70568522488
30.2826057575
4.94916169831
18.0389764611
18.5468351612
1.97171598635
59.066604534
44.4283215335
0.952445320342
12.6328198883
22.4855910739
0.196920332557
2.32006589993
3.06231802766
8.94949825397
7.1205162025
48.0449302572
19.1135355691
19.1201061251
4.7273103358
7.25374060499
32.0883308895
2.52953816392
20.049950108
13.1564218032
8.42567018859
26.5335910069
8.69673754556
4.45006413275
9.26137103901
17.8293550603
7.37340874874
24.6920359748
17.1025931583
12.2173363397
7.08870285774
0.510210239849
11.7064800296
10.0498758446
7.36226812191
1.90235592424
4.95443313476
2.13832077336
43.0842424039
48.0535720655
3.06225799137
4.05725028353
26.1922956489
10.0839646646
1.42094065456
4.90180877006
1.5190659769
21.6268209621
12.6968505715
5.95796059642
26.5142516455
48.5436184984
5.91212499413
7.7533177521
22.1672504405
50.4044081684
4.72184449967
13.3049694286
10.1286066649
28.0805689161
4.27454048056
12.9891584606
10.3696842176
23.4659132284
7.03375869304
29.5010905857
44.4894640578
4.8670241581
5.47668399733
8.12245936336
3.32652272836
16.0683888767
16.5216855057
26.9278953544
15.4150877835
19.5394880868
11.8478346797
3.280528109
34.5537743105
11.1813274225
44.1202888312
21.0505966029
10.6378592443
24.5796462299
0.402358445587
2.77298580579
16.5080063003
12.5260242027
4.4001328429
9.27143057801
29.2214732281
8.30713895616
11.8585004977
4.94453212354
12.5033232094
12.3818729341
8.68748551198
3.22808968313
4.36508064379
3.59824066334
6.43876753976
30.2478916958
10.401324408
0.568110832842
9.54829055538
13.5327538345
26.8108002287
27.6710762754
10.8997323537
19.0014795697
22.9322562411
6.73663776192
93.2223573191
1.34422373164
2.34347973727
0.765690082507
2.19606919655
14.5706583983
12.7517410719
41.4725891235
32.6371466813
0.914563518935
6.19735417645
2.93278593951
6.24513751374
0.930505637265
17.074787274
1.1839747922
2.97121438827
16.0934514516
19.2475150202
2.48616763688
17.5191027245
11.6876961889
5.29562493403
2.95955839627
5.11553284476
0.470487630211
14.7963207006
21.6719520163
7.60633419565
0.346790605666
25.7229094765
9.00672365968
41.2445160388
39.6740184369
7.39522158987
37.9437528047
58.2246029074
0.910806625836
21.7616735079
15.5075233569
2.60911144501
3.47600841604
15.0025065006
3.60116394567
4.09057592952
54.1081505207
13.6806681402
30.3036170358
10.0427187629
19.8801622704
0.284476301551
2.23492423889
2.29005463384
3.4705750454
20.1007641912
15.687867284
18.0365500749
5.41290491415
1.21371827987
42.0735929901
21.8841854946
10.7162461255
1.60744108705
1.40446702646
0.698931675049
10.9219937856
5.63114025479
7.32605531671
22.1503844819
32.7839724517
58.1039554536
11.3863548724
3.65008486488
21.332839855
5.62069626989
20.4917497608
8.0504262254
32.6194891042
9.31318712606
36.4738694751
8.83128336873
8.06126771185
4.8372409406
16.478509213
49.5960694331
2.40018849322
7.68434498506
0.127327643966
25.817507497
1.375277459
4.22974168136
30.5951506111
4.6033709897
13.830373374
15.645766289
9.46055652052
10.5264175043
21.743523402
8.39291830219
14.8694328688
15.059289661
31.0814743976
27.2224446467
1.24179735584
1.93359904504
72.2379868189
2.38556441266
1.96863114988
5.23698703642
57.6369230851
9.6437089183
9.42329591056
16.4985931393
25.5315603773
19.6627109255
21.0097178607
1.49179666917
0.46728558585
8.51483015244
5.18023006115
7.18945522652
33.5996285001
23.1200744313
15.0931803285
37.1718638015
58.3501733419
2.37726961185
6.42743154729
2.81226793832
3.9195276321
15.0069026883
13.8320342083
12.0454942461
4.99838514578
11.4908799029
2.54215690956
7.67469350765
19.147935519
1.26714779036
13.3081672142
48.8574426445
21.7334476364
0.326451936961
20.3821493084
8.69014831136
4.84736121514
2.58579714059
2.10788012913
1.55809937724
12.9467676952
39.1596293442
4.61965914816
9.64547325497
45.0815893494
17.2635942716
6.0594036787
43.5412689516
2.10974809764
19.5153500504
16.9622410024
29.4064812174
68.4198985954
2.18938121196
10.4815155735
13.6525757077
45.8970607932
10.5819354183
1.74408375299
15.3982922121
28.4593368064
2.55187669454
39.5563224905
10.3513787131
7.03862216666
19.0125483933
93.6949599542
3.25819272653
15.3349909983
9.03225754114
13.529468421
8.02522274352
4.04799340925
34.8546086235
