5.83854865495
7.15213023442
25.0960220388
9.14087062973
5.4292348456
27.9533059958
16.8234172301
1.67181221551
43.6232192718
1.25151699035
12.0424986826
14.8828706811
23.6369711148
49.0952658041
14.1100895229
17.5765916304
21.0847487608
37.7568344138
2.45129031201
5.14634917993
36.7708504332
4.10881163517
18.795139685
2.83944261833
1.01064781793
36.8486005422
15.7868184223
8.36349280186
29.6298226782
17.1635140098
1.06669219267
21.838122582
15.795922562
14.2086885073
12.1324101972
14.1186755644
0.417781161929
16.1423549476
2.79225232297
1.07078531691
21.5723118287
21.2689345587
2.28155638548
22.1062465914
5.7515287193
4.35017137887
8.0128971287
26.7097125473
3.36191768204
3.87593094434
11.1178557392
12.9309362754
11.6499885689
25.2086003362
17.1659204784
4.62821289701
22.1091112306
9.76868918106
14.1310126038
41.0742923333
27.7076217249
13.8616225314
2.11975383664
7.23778931909
8.42244223843
12.2115598737
27.2047038624
31.5190070234
26.5207230958
17.9798561633
22.2659992626
28.7665059233
14.1728313037
11.3598924194
13.7185197452
24.123800245
16.8314215657
18.5134752341
5.3072932616
11.2557016252
3.85256764382
4.69136773628
17.8147335421
26.7162847986
0.704211463278
5.66636492443
38.1982107427
18.205190525
11.6984608566
31.4431331655
4.26384067152
22.9992002098
0.862338295263
11.3025848621
15.8491647423
1.99141617843
18.6512711416
37.0278759677
11.0293355962
16.9921879675
28.2109875559
9.97067376714
12.6550970107
21.1159773289
1.94520165672
1.71664463518
11.8356486267
16.6129028847
10.8270291556
12.6255762406
2.54135199049
7.76091951773
23.1023695744
17.9792579805
32.8191486463
19.795482867
17.1479736861
6.713474123
5.07019994632
28.7840802329
11.3186099554
1.13316838147
9.5885133231
3.79659380579
14.0440545794
1.88041613648
7.41235382932
47.5624620574
8.51260114631
5.62146006156
5.28899553097
17.2099095329
0.35740098331
3.39212862866
4.66553610322
8.60233491176
55.9714002803
11.537832221
1.85887584068
9.87510421691
9.60578427243
5.46432898504
22.2802548109
13.2530366042
9.25858948937
7.93755435178
9.27658260978
3.79881303174
19.7680046796
17.5681078732
14.5256024996
4.76813816568
18.0602894165
6.04671525889
13.0275286659
4.09831381739
3.08759608328
12.5352842159
12.0841427448
16.8733861721
17.1219184062
0.788456352973
1.87773769942
0.586963864871
24.2905063637
29.6378847117
21.494762842
2.98346453339
4.09004041781
4.84112975759
11.5183249699
25.8796617769
3.21202486449
4.77282314077
4.10786213367
8.53310935077
3.42439038994
28.2830171378
33.7035013848
8.07392989865
17.2782103767
33.3834121072
6.98294546698
1.14950429686
17.9176657912
0.785186875029
17.0923260581
2.84398876319
0.537869841734
0.537523764928
17.8284775516
1.68280012429
12.0862078392
13.045360907
29.4003251028
11.2281387434
32.5323192757
11.592680996
5.7577800873
6.61687921871
6.24527598278
5.3493194536
13.6204139737
2.25854307066
33.8819652886
21.7652374317
20.9249757984
32.6298862557
2.36736713802
4.44282012047
8.9821320091
39.6231877908
20.2890139289
65.7410884883
22.9324885811
2.94988147519
10.7789192608
6.14417084168
41.6665010253
10.2709287298
0.983367608499
0.121395340911
3.47369429935
2.31155394452
47.4620816994
4.17118100432
15.8990016433
7.94569973778
27.1890235446
35.397929568
5.64838689146
22.6612738342
30.2306180796
14.1616997315
20.8954392009
27.5259207479
13.005255138
7.01339046357
31.119731701
5.99412972686
7.50403508425
5.55074465518
9.52880473612
2.06526187896
2.19537138632
27.4626293232
28.1683777693
6.01625960296
8.20379392311
21.267456528
4.73862177888
8.33754343756
19.6314448183
28.8712762585
3.9684479229
33.67656824
12.1211554362
11.5848525467
0.564629207862
21.0559721879
15.6873308358
17.008587383
15.6253952618
7.14197975569
10.7574839403
5.43834738644
21.6369268402
20.0632426939
12.723009462
7.28434610595
19.8938853959
16.3186727909
7.10368121335
3.90043040619
10.0236597707
4.52508524524
12.1505006935
0.878220677919
11.0600092598
14.083486229
0.236067651201
49.8597091556
22.3021228774
29.4903409126
20.6986027674
11.9444305518
5.41935489063
2.25130572556
60.9357133303
21.9786023733
5.84568696135
10.7713639538
21.447455391
7.72032965035
16.9229864278
2.01251834837
12.2913123609
19.9342507094
46.4580163656
25.0051516716
