14.1233986129
10.2883832219
7.38012872625
13.9393543885
27.9074571269
4.29657808142
0.528156313704
4.39742686356
9.83024655622
18.7573885601
3.02465002032
1.01775175658
7.94503768187
41.0118505461
5.09927411624
7.045433389
22.2476428465
16.1459218055
25.6521107748
33.041116371
7.24165942966
21.7539609066
18.6964009414
11.6436992995
42.9716756757
8.0475846941
79.2557702684
16.5681743148
2.72419305195
27.8247014153
34.7647836164
20.3644565155
12.4202420581
19.4457148192
17.6087371146
11.0693812702
10.5015485135
20.7513684442
9.01150538795
16.9943553734
16.6409346512
23.1524758983
4.38397750935
21.2753844497
8.26642527306
41.9466547634
7.02421341448
6.56729862178
40.659893421
1.11182792413
54.7024856597
1.20265517499
10.7893209174
7.06060300205
5.93775149355
64.3138144186
50.5825876644
0.933774335441
3.21804829295
2.35091200578
83.7991024727
4.98733858167
34.578730238
14.5051978041
1.81467317319
17.6553435552
5.69717808647
9.34454426905
15.1194461666
22.5298850559
12.4810364363
69.6989821289
4.61782149036
1.36027543174
8.24854868989
69.2686966095
3.11192252951
3.19228625137
1.43925599268
5.89603512105
1.78571476105
9.56664696987
12.8205038222
8.73659254784
21.1442467582
17.423787703
21.4724522604
11.8799610656
24.9646807586
13.3820798096
45.3746368893
1.65668264448
5.68739504228
44.2061641564
9.11349919024
47.9907902239
9.30792064391
3.76354292429
1.91423047483
83.5106385743
21.01099058
17.6430667116
56.6625589798
20.6553570435
4.77582199511
3.47361499053
1.95447080712
22.8586547497
21.7402101943
12.3526408856
19.6836271974
18.7024742986
35.5272193509
13.188038502
3.68768455466
44.3692656654
5.71627878391
30.1205999143
0.311848920319
1.21127932571
8.41360768506
22.1425891077
5.1406802305
12.1960311175
1.23510964904
17.0891364687
4.02094094694
5.26409302304
34.3462061708
13.847783778
23.9195957109
22.5889690237
3.56100475793
13.4829827783
10.1444729623
26.2518992319
6.67621370305
11.2841026273
2.73295203033
25.1407888581
7.8707405143
1.37044524798
8.20290069754
1.05020394304
16.8332774411
16.1101929537
2.81410944027
8.52169389875
12.7364693458
5.5328584237
1.58437890629
27.5035065655
53.1322553478
8.949743024
1.81605708778
18.6738578447
6.87326006549
1.12785613427
3.31160037513
1.13621999222
28.8722721287
35.3148311332
13.0269847802
11.8905304943
1.04395901736
31.1401076408
20.0856270297
16.3095650687
10.5423655698
2.66625502595
3.78927067828
5.52216697563
24.3055512674
4.19250227257
22.3500179726
14.7008793387
5.66133521734
8.69386620463
7.80210886714
8.34595313145
12.5821895197
64.1039957076
8.02986755782
25.8132269153
24.2654662511
19.7109948613
2.93500855868
2.62296749916
10.4300303169
0.548806433157
7.60421114829
7.39840832868
0.467643547238
30.0384319794
2.09947624821
0.64688665358
4.56708339729
19.9143838381
13.1511112767
12.0275701158
13.5838050541
11.238087944
1.11168106114
50.2966638981
1.78831295599
25.3748572451
13.5785706225
18.256606726
27.5905480344
30.538838886
16.3312567818
11.1980263835
13.2542605322
31.2649625939
11.7489476463
3.94613969241
20.3283859259
10.413002692
14.0155948624
0.0825366413652
4.67190973919
16.5928187866
3.993907999
5.41574819745
2.89161971354
13.499277116
13.1004334046
20.9444631976
5.6428421566
9.69669541925
18.6378392414
3.36670919392
11.894270225
11.6095602393
46.3435202989
18.3377469585
28.5132673701
7.25987242541
32.17347032
1.92633611728
5.98437861887
11.8681510214
2.45451247726
3.20534779931
48.5776113149
14.1231545381
25.926657947
9.78282226139
10.5941148529
1.49759128595
30.9562959719
5.26870393167
32.6834804768
7.30182845475
46.9901890427
4.41309105574
11.5588700218
54.9230247447
61.319507685
2.47864751543
1.84781761086
20.7356715415
11.1553581973
34.339706421
37.5211741488
4.3875537001
5.54829963304
2.82196580402
39.1133056969
1.30645497102
7.7948305292
2.54346564283
10.4055516803
18.2872196031
25.5496031855
18.024920364
45.6550537117
14.5421334511
3.49987544865
23.85764741
0.196517382766
16.1310586141
21.234724833
30.5726951952
20.553433183
0.674567275273
5.55800216448
14.3487495962
4.66222005945
6.35289662022
7.27097721875
5.13491092013
5.79340183455
19.8076047772
3.81166072668
9.75199045089
32.7836605532
8.46348246448
22.7482311991
0.553275263029
