7.33577563482
0.12898397637
33.4661625021
21.6083971729
0.400030632306
1.49033618401
22.8757161102
44.7793442447
10.3340922089
8.00189817832
2.4710058562
4.04412534688
2.68330750083
27.6272285016
0.968307713708
50.4730499477
10.6431228876
35.5134027606
6.2935847428
12.3318070656
1.55922502988
0.133728532744
24.4326059758
17.4942688742
2.10727374083
7.65178611799
18.2725030703
4.65345205738
22.8591431662
0.569322828432
21.7491994848
2.72908473195
12.9290415931
3.10197668516
8.22417329948
0.695431813167
2.35156345594
23.8434042574
6.02570429645
12.2924786843
3.44584079046
6.27340807963
8.01654338798
6.7917998441
5.23549257637
69.2671457068
18.7398821961
3.29125944677
15.4409412929
0.657410626262
25.7661645709
20.6118793316
12.4213148293
0.499643562744
7.09727390556
28.1842194606
55.0742416001
3.89206611462
45.4631022157
6.06428453526
5.86175102732
10.9852914148
6.41872728939
31.6533176647
2.9303705332
10.4473371118
3.04131311302
21.102407411
0.572516017967
23.803483304
4.39577506741
46.7301677752
31.7265104254
1.09281247867
1.3331730776
7.72850023038
45.1118157275
7.21093155112
9.47048498952
17.3517179583
6.92270552385
7.59637873591
4.44394854325
7.158962647
20.4262148757
20.7767915225
3.63650423345
10.464018997
71.1502578162
11.6212873791
13.3646758001
36.1626356599
11.9265253939
6.41147249752
2.43284985076
15.0675453167
7.26406252802
0.364442006912
10.3706387627
10.5701208386
24.3416390054
47.294347844
4.47940916585
0.675478720981
3.20306722226
68.6203064982
15.8421568585
47.8463330196
2.39692381501
8.96971706198
6.43616778514
25.8021007464
0.447528743038
29.6672577583
6.99240575163
4.97700398314
4.03520223898
22.3755474191
7.9853692846
28.6171516626
8.18904686163
2.90825544935
14.4206273539
8.38475241374
60.0667835142
40.6669192895
24.2482689727
1.9290488186
14.9348552119
35.2563906124
4.46129279189
10.7688908228
2.77453133107
43.9553224684
3.40719366186
13.9912164182
22.0116540352
55.1701761663
42.7045700917
3.01911750414
0.545860616479
0.719198902765
25.6873655215
12.3536508212
9.83610791555
13.5562995673
2.40682511639
3.20509644545
9.62385032676
0.625508738589
19.1377496074
2.57577191387
5.77169787718
9.88586650664
4.04147826173
5.83535009187
14.5011185295
18.5835998434
5.38243627172
34.3602110786
44.8389867325
58.2300684062
46.9236367142
7.89894202247
42.2834680296
0.827153846066
21.4713804634
4.55932170142
8.19254220672
0.156281212643
1.14005705836
3.63723005785
35.3457834608
15.2908030935
16.7213874584
24.4865792237
20.8386214473
21.9457851454
0.721626256663
24.0986093892
10.304586975
9.25528193076
20.7037204899
5.21893315305
18.8954743631
4.8281716261
0.342885955389
3.36713240776
28.4543943318
31.4304775074
2.91086808436
4.88640981074
25.2237620737
5.61222456237
1.07987036461
14.7440881877
4.41907276069
15.8852155616
13.7752307239
2.11053377043
25.2219180093
2.92187159441
3.41416912805
4.10840249464
6.55436953701
26.0387433248
40.0724870354
5.28663285744
19.0294131062
5.6272039354
16.8503530033
8.00480049662
59.779782366
14.095744529
15.0069514359
27.1196377399
30.979624423
1.04354155808
24.83163945
4.71890350564
1.13534066721
26.2196989538
6.390370405
34.1298866856
3.01323248971
0.94720722233
9.96798859613
5.08483410263
8.37038534313
3.22270272735
40.4591818849
10.500956319
6.92693614761
1.2511551079
1.37592058651
4.20728342567
7.00363300899
4.57636257664
0.469732922846
97.761641158
7.68148820261
1.93490961436
23.3193619402
6.69916765083
14.9466692809
3.59481211577
7.32113586522
9.35934238889
11.3540524466
4.54936901313
5.24454141614
10.3316914464
4.47916095984
47.5612130897
3.39161453146
28.8018377057
0.968956126993
20.7949014142
19.7672467362
1.53894135635
6.36770559428
2.4540816903
15.3843881312
15.579672514
15.3657955513
11.2991683197
21.0556861263
18.1495545263
59.117690447
4.43977402289
14.1137520347
48.0244791461
1.98513850036
45.7295377132
1.60000504799
12.819955387
59.176994427
12.814656621
14.7160140638
1.03632794823
38.8717051793
20.6775050899
31.7139872418
10.6868341984
74.5070521826
18.29747928
7.41253963484
22.950833442
5.40714014678
11.2726268262
10.4748636696
4.07029075421
10.1132798052
18.1167274811
4.71032809759
2.31558154341
27.8513352167
17.8956597778
13.9425253423
17.1041795653
