7.57548303399
27.3011435149
35.2527980396
0.212394564477
26.9207277834
2.53910922363
20.2978205779
1.46283121676
61.6792155201
25.5049431385
19.6516837305
16.8094802184
10.6071585181
29.9058508596
21.3259793986
16.2895504566
14.058721813
4.47173636174
33.9414907608
28.9506813485
31.8312516414
15.0153262157
3.86509157902
10.3530777101
14.3886324688
3.69220295291
36.9305042454
0.0920030741973
5.40279257276
17.0544645641
4.11613386444
85.418859447
12.3446660897
0.0677831541758
14.2943557259
0.436524135027
1.42059857995
24.0677539483
50.1299262688
16.6074171255
0.77159464904
15.3008137328
17.8268685097
2.18787040348
21.4821752776
7.56453611687
3.21755292164
7.94577765569
82.056216115
1.69390139387
5.63517107925
1.60141775614
32.1857144318
1.24432412665
0.381446083563
2.51045619566
6.92408202029
1.20473653155
5.83771771054
59.3607336237
5.25332036862
18.4529988353
6.3891920167
27.1853310187
2.7299039325
87.0236595533
2.99009910868
4.03898723035
20.9766658881
35.1918973193
71.082245854
5.64770575181
12.3638129036
12.7208775521
3.89282026496
38.142870734
48.7872430196
67.9427993601
1.2627173905
27.5616070761
49.7525440105
6.02677014766
2.93992453835
0.49863535057
1.95712573579
0.657245780359
16.8485687735
3.28232890302
35.2128474021
2.61459842807
13.4221216358
3.01503973645
51.2080818589
14.738679325
2.00813813895
6.74057315734
6.97443890027
24.9514902441
11.7165618095
39.3776253989
7.8481069461
21.6397416474
10.7374777648
6.10328149015
4.96077580824
70.0450282842
4.40227444156
9.47110167089
9.63262459969
12.8550341386
38.7059665779
37.5515939822
21.605767344
5.91815630316
2.58506697309
17.4761928115
22.1055764268
16.2334236263
3.73287237905
8.69799250457
6.19929338414
14.5881499015
1.44769874796
1.14443714536
23.8990755386
19.6641754983
6.63221143185
1.47774771491
2.10001363989
1.09298617022
6.92637149909
17.5797532625
28.33664878
8.85091007623
10.6570030834
19.5253969266
2.63284755477
13.4266663335
21.1591200557
53.1020444316
2.37655477134
3.56683770499
24.8285333284
18.0499213314
31.102868524
4.57769240516
2.79478252368
0.0727323643545
2.43987815037
2.40459571745
10.1504487745
20.1984888608
8.62043324267
13.8942795325
3.97616330716
14.9101931821
3.23590969589
7.45277328333
45.9765002635
28.027763622
1.89531523094
15.8620622811
5.48131153539
2.37071020698
15.779483846
11.0730339774
28.8557941023
7.65311040707
16.8917864917
14.4691178394
21.411499626
14.196400698
1.46201873875
9.25867435822
3.20722993502
4.15122456527
29.2172616592
2.63759379125
3.05961622694
13.8251424527
4.29264490042
15.0952344098
5.44763372247
6.07230377835
6.90671716505
24.3550279312
11.4836280229
0.447232178588
0.880879478756
58.2871481536
1.35663252288
30.2574348226
14.1783270366
32.6806578683
0.797400659356
27.120659862
27.5814105655
2.1820415977
123.181955672
1.60801984456
62.487776169
4.55929614781
10.9795572322
13.4207742918
4.34864852427
12.388725673
20.8980307713
19.390417415
1.75950346927
12.1298804418
1.06297717153
12.3225678018
2.26752467147
6.47752119972
3.29840541728
82.5972713724
30.505199485
17.8845640917
1.43420964611
15.8807173597
53.0354864894
30.0910671899
5.29174924851
0.617664856159
13.2087198884
33.0913822023
20.6418564081
22.7498398276
23.4911351707
3.42486061975
0.629925659245
6.36653637547
3.15546761475
30.9317864596
12.8428226499
5.72482486042
0.553639561018
8.13646225031
39.671610755
22.991542317
8.10577991969
5.09153216689
2.82914308788
15.1831067227
21.9967327332
4.38432536076
4.33316871759
1.18291471053
2.78134664904
12.3677746359
4.87457117676
3.13986965787
2.49317332946
10.7805636318
20.8987068626
14.3561439635
1.52362010382
2.86349018422
2.45972474256
7.31627446171
2.16413164887
0.171830404939
12.1912226924
0.315047595608
42.3540357576
1.75533091133
14.5549336064
12.0322635148
22.4385783329
15.4197673948
4.23518264074
3.43952456907
18.1285817021
13.2677080537
10.55694288
44.4386639018
29.3971689596
6.17140428311
1.38761472074
22.352806415
4.95766423227
13.2901557389
3.93661965607
0.571790061989
2.65232048449
14.6776909506
19.9423512991
29.7017076651
5.58689109579
12.9743436251
18.6420211946
13.5256820732
19.2749081134
14.3910963742
24.4828119497
6.14060747607
7.95873736914
28.96168624
19.5734313017
15.2408580455
