22.8850379902
2.61674118223
12.4288131168
44.6763043444
5.48958395992
20.28316058
9.12814601104
13.9949695321
15.9793758708
11.4653230931
35.5693088638
43.6498977566
12.0440382322
6.77231154928
12.1079668113
6.18542049588
7.24338334932
3.33321150317
11.6872053129
32.095285436
31.851440546
59.9351507912
5.28618473546
4.69120640925
4.72126232863
2.4506154756
27.1963654952
9.7287271067
3.68163220095
15.7964278196
15.6146591716
8.35963028935
9.25051207523
22.8756867467
7.52003368927
9.68310425613
17.6142739419
3.7719655991
33.912495413
19.3621848265
11.4824501863
5.49862195339
4.36968273247
18.9509447532
14.3763187981
26.9212149575
6.69328540502
8.20879346936
9.2198910213
12.2812220256
5.18903967974
6.23435434118
1.29829326781
2.2587336306
2.047793395
41.7915185146
6.59647098874
42.3844105106
17.5578860836
14.4147034958
13.6334102522
13.6793106717
9.5027023976
22.4430846271
20.029125779
19.4763497371
5.12613415793
1.78761646237
35.6897039734
32.7198258431
28.3023983709
2.63249727128
25.8430456509
18.3132680864
42.2917148368
12.8778179777
23.7050257928
15.2829986413
43.9664877375
7.60551237087
28.1645252152
27.2772222297
12.8986103073
9.54479510918
9.25386791087
6.04518179055
2.00965173425
11.0748186143
1.50336187476
11.3907131966
7.57998845287
2.19495051352
7.81639824022
4.32604057407
15.0135551817
8.11025989047
3.51515400178
10.3290300906
25.7239446183
29.244455472
21.3090165637
0.0379943010229
15.2876571318
10.4837935763
8.44662570979
9.25290075363
3.19831529971
30.3616402723
0.59767384981
18.4459714138
21.4467825905
16.7921834683
16.4557344156
8.10326141957
13.7066372358
24.0803816123
4.57596734984
14.9869572391
1.77253703252
2.77244599867
15.963766895
9.54022175001
14.834339341
31.2048738515
17.760698299
8.1998148842
12.710841454
42.9181895464
6.42285057798
10.5300978057
11.8929361854
31.7683296823
24.5829281889
13.2204700234
2.88522970479
2.57024287564
6.24247831757
8.44038986445
62.8839965599
12.9058078691
1.34738051277
0.0475889206089
2.73040261076
2.71676062439
0.700857791472
8.00021697922
26.5820453635
2.63216436981
2.4171922261
43.9700334927
6.73556091881
9.80728662799
14.3726439671
3.89897997903
9.76869914521
0.960499837268
55.6732705814
8.10990824437
8.44067850376
5.70031641302
35.5813537086
13.2858242277
15.6869417557
7.32472017611
4.56494905576
1.96294193487
35.4144529909
0.890875009303
33.2784610968
8.58806378376
3.11453857745
25.0137044638
3.86494863903
3.0665701904
16.8001688953
4.22552302598
3.02568460494
29.3154567186
4.33649469367
4.51356345813
5.86762699266
1.26845093757
17.4390417931
2.32850367213
3.18530701065
36.9036972271
0.735949832886
10.9155350857
13.8550571869
68.1904062948
4.20442051816
8.96050654832
18.8852932324
22.3133673525
32.5260583858
16.3851670936
8.15498026443
14.2431095364
2.02276554218
25.2873764983
47.1565854735
1.17084706093
8.87828688272
19.9192587484
20.7334719963
4.82731049464
11.7418513398
11.6553015156
18.6523964668
8.18481535041
1.64727253688
42.7836602081
2.42061057417
0.222395644012
2.70973232378
44.7814374503
19.7680037615
3.57522516471
1.53577703446
28.754029383
18.0043420293
2.13878712855
31.3950076516
30.0994955108
31.8307203562
0.470180207973
3.83441797555
16.5277766276
5.35730702255
3.46058144216
39.6244140598
13.3252361384
25.5961434355
12.1673265423
10.1036980974
30.0396422334
13.6711123594
29.2411972896
37.6793533898
13.166416898
27.6746041272
8.8418072836
0.390333789383
8.72810473746
16.7961750711
5.26258370828
9.50189991523
4.22974198752
2.95017832411
7.97474306518
47.2169046532
8.1684048515
49.6432119844
2.23295805789
7.20750897507
10.32774022
9.59946749765
10.128012579
15.7579917252
17.0645738224
9.74397457505
2.05163116776
48.581914516
20.0517610749
7.2582253861
0.0679962064898
0.917093486549
34.4216181527
57.5731030137
8.33046104279
4.24044287196
5.74090592123
8.94381407478
14.1639457556
21.1205812612
11.3249254616
11.954817166
56.4052366194
47.7290702159
23.5180364134
12.1425483526
5.72848680912
23.5740084655
7.5123874026
1.25367750162
22.9596116807
59.4262408175
18.6355927353
14.4719961115
0.443258528716
6.97680757375
0.513717095077
51.164691532
0.238666568375
0.257344390829
9.30072442654
2.29702755655
1.9825819845
4.57849690761
22.6459928047
