10.7915811227
22.162613663
6.53836816807
6.86605431482
0.590752803841
4.04866057314
0.866604957642
4.59827479627
0.369959590581
22.101905733
4.54788903263
64.3601671954
1.6200676246
1.30667347299
3.66900610909
14.6575431538
21.9661613704
4.86552595509
13.697464996
7.64204742089
13.7686511279
43.379687475
23.4257971538
5.90732342393
0.0957470297215
71.8992382184
4.40927807326
25.7227689103
6.72717846657
15.0232249624
1.11479505293
0.133281201939
4.21382741867
7.99165930209
26.0231385065
8.64809552116
19.4106709639
64.7747701386
0.749625768704
27.0948175596
59.6535987895
5.22862503114
2.88322844164
6.27069848235
2.91841562871
21.3163850778
5.07283887701
14.4475869126
3.88939353818
4.2107160515
2.05456266108
2.40509837105
0.951093286232
26.7401898127
0.427396317129
38.1556138065
3.8062466178
25.5785792188
9.49326440851
1.89315699748
10.0235682256
23.616434138
11.8805594267
3.04198034478
1.75777412645
12.0287704531
3.83043353406
15.8961115377
13.3573970814
52.4082730853
2.01372634606
100.783909193
18.7361745581
12.7682592517
7.8418462249
6.58936149813
5.36530739639
19.5109115949
22.587588302
22.1322086086
2.30794451154
27.5589462657
37.801897966
2.93304493746
6.14886104239
2.71872414493
2.21129257848
4.80636603273
13.0678721697
6.88696746635
11.225163168
1.06677640786
15.811008896
15.4141652711
5.87026934016
0.0535440027004
12.899378365
5.42749945782
12.7386831162
6.02225020573
16.5196206166
20.0087062679
12.1281013395
1.63346839285
16.1085137096
0.000527929288843
5.91377637819
5.05709231656
14.1791738458
12.4492228075
3.20375052024
18.2887751186
25.7407081447
2.82346346915
0.478764445054
12.5423541707
28.9023666326
29.1621609793
16.8779913282
5.63605904215
8.47280726772
7.97674028536
18.3944492198
0.0969492097219
5.40042875921
7.18062819455
66.7142334667
30.6998241733
7.15352448293
6.65391415404
4.46826133983
49.4505532036
4.53193910318
9.09193522586
2.19404891567
20.3876163695
16.8448144725
10.3926257075
89.3364794472
0.476596767507
4.71241299697
14.9393900306
3.35030561463
15.3446746978
34.9800178347
13.5202425459
4.39645058425
8.22217103251
0.884976203186
7.68722400796
7.91302290903
22.358083178
21.3842897564
41.2940664257
5.47741793001
0.597052348325
4.02521523494
8.38568811634
38.0737160991
10.7766586685
5.40385646246
20.088207212
20.0111208013
16.2794142936
20.8586321928
2.88415279991
0.646477081724
4.52120956665
23.7544129857
42.8937895677
1.37781405737
2.5044839285
14.677050275
4.53201134439
3.89111881371
3.55794919205
3.3206519532
3.90969770879
6.32023976035
2.228701937
2.38069718715
11.8943975747
9.94313211538
9.83648658225
57.3981598422
34.5263091778
16.9169306583
19.4407834438
1.39154968027
10.7139588931
18.7492197763
2.58783615329
39.0048199806
5.78370660493
18.1820840971
0.10293990123
19.324721045
7.78738662554
7.28782528124
18.1474480384
0.465113335178
5.42013444832
13.2012752622
17.2508658471
4.00815775341
10.3624163854
5.78622341605
36.6508641146
35.7634595174
4.58832624458
6.27201702301
15.3183218792
1.90818193122
9.9488965126
13.0234349324
0.458317725737
21.2661003492
4.95559178433
31.9412272863
9.85746586393
92.2621227541
23.433722061
11.8637861375
19.9298890707
1.96793136202
6.06093090657
1.07341362173
81.1851201086
3.45078380496
2.8290842978
49.3310648061
52.7815549241
1.7051328989
10.0493524347
43.300826436
17.5313431501
20.5385823804
13.92176541
4.02390666058
27.130090324
13.3383016361
2.89031296598
22.9538096141
0.942994024858
26.1256121397
4.15891438577
23.0450805564
12.9334984908
10.8218329171
2.30260717645
81.4045911416
10.2470639948
22.7986941187
30.3929045189
1.97085368665
17.9766952908
10.2996886684
60.9235522965
25.3513059054
19.9448795689
1.00310395336
12.43362489
8.37078168563
19.8051461939
14.0788644066
5.32444780485
42.3406885876
0.300689395955
3.27957772735
8.61949693241
6.5243856793
0.174675368125
3.14482816348
11.467164923
13.7959630894
0.212822422287
22.4474472198
7.69714574281
8.77081326573
23.3637984377
4.77264141194
2.05556180857
83.1013943251
4.09405845502
0.244461439271
28.0317469043
16.3774520085
3.03064249349
6.54710969711
5.93953009594
4.18477398062
34.5742126906
2.8274805512
36.7303484556
18.0255262037
4.1797674848
4.46726850297
16.1475640827
10.5992726636
0.751754059225
