7.7893456166
4.17932788208
3.40280560282
9.50674418748
22.0228711722
0.367515213069
11.9365150041
39.2264855977
6.16305881674
5.74986719515
41.6273657275
13.421359955
5.25609263601
8.81622272781
7.93257491998
10.8021729386
24.7615782799
25.1515896175
41.3212300458
3.1910697845
59.1964197471
32.9138127301
7.71558683027
20.7124050281
20.4003639935
0.504946632119
16.1320294365
10.312583838
4.03627749673
10.7833924521
11.8040822125
22.4819199869
35.6721256825
19.6005459957
4.49845749299
13.9667189775
2.14247720935
44.60123762
4.33645024382
8.15358917578
12.2621010055
14.7375945471
3.99444706498
9.20220796531
55.7592007753
23.2137834786
0.376323713247
40.2440074941
6.17964110551
8.84071101765
25.78890708
0.970780260293
8.21386276202
23.6488347893
25.0152404342
13.9163865117
10.5840112785
9.87605899754
13.4022205232
12.5059870132
9.76255659749
28.4229195474
10.6143954745
32.1722750303
6.5536387277
3.89188921762
0.0463157364026
1.5330545828
1.73456290311
3.38184723151
2.64010712906
1.19951375243
39.4907882424
4.70260019259
5.68301823743
5.91080602249
0.397452917387
16.4230081158
7.81664491216
12.1293536149
6.55149583897
7.62875831634
8.0494493878
7.1773127247
0.888429217573
0.983081527482
1.1140973748
0.485458426733
31.6528400492
8.81080062883
24.4247435857
16.3076505996
17.6546244941
11.2994362099
2.24774242037
11.9160688609
74.004893415
12.6522235143
4.09649258708
2.42397856264
0.904446091708
21.4853613123
28.9763851969
7.17540848774
4.66737510492
4.20957853669
8.06533741393
11.6152921536
5.05281797809
16.051033408
1.96568505801
21.2297257427
3.9007922446
0.149130239995
18.8089352287
14.3978955253
22.6863797612
8.3218779776
15.3043694237
11.3238898551
35.373905169
23.2283430374
15.9890132141
4.71854862121
3.17589265426
0.444814815728
1.89191798465
27.1520797839
4.07578392541
23.2366921969
2.5042708069
1.60498670734
45.3502466586
3.59849636191
5.32699499722
12.0736825199
7.74616237531
9.42802857922
10.6945362077
7.5442569518
5.50615749193
2.06980475993
2.99660414618
33.7038700786
36.8007840309
0.381327167984
1.74190122436
10.8552695546
38.8215464374
3.62100949644
37.8163608347
37.5592333326
0.840464725658
48.9635345833
3.55401947946
3.83741964201
7.22881671346
26.4911460564
14.7286828743
18.2807065363
31.588248438
1.29505555891
6.71829325639
5.54163851242
7.5866610407
29.7627938061
1.26649832353
2.78838370791
13.8657135633
2.35360180294
29.603965831
31.7921408798
27.8629039286
10.7465348062
0.851386466803
1.95199725449
30.4015900132
16.9736151856
16.6383150852
17.7123923047
31.97890805
30.7625937305
17.4007372525
7.82872014165
4.3103830668
10.0360457521
8.82104334392
16.1666381335
4.69892182571
36.3313942122
9.68018206599
1.58726204555
19.3067678592
2.72407535156
31.4271446218
12.8363472118
22.3239273894
6.11065835806
21.0237424689
10.9408062255
0.141646999795
8.95211942048
11.267236123
60.5512782274
30.4086929313
4.52897847646
20.1080772918
6.05201072857
44.6356952643
4.40656126952
10.175318443
22.2964729936
2.50923230829
2.42523960751
46.9910717439
3.80136858078
16.6391810094
65.5936635258
26.3061146397
9.12595737883
12.5732114958
3.10141686043
5.19392504702
2.91484648946
10.851982262
18.5134470263
10.9151325217
20.3821258702
0.626753044825
12.5127304335
17.3225464624
9.47403172126
6.97711015588
40.038242379
53.9801786
10.3762506306
4.73829466021
18.3693176584
12.1715967988
12.9840276868
34.9932818042
3.82437156393
13.262161473
0.836347939793
6.6642060693
10.2956794524
1.92144424495
28.2444277591
3.22816755819
1.52505862952
6.35109188293
5.87047790503
1.38285007281
2.79774779999
12.3084973741
2.98316437845
7.42444060704
4.42144907069
4.4374151508
5.43366612407
26.3178819709
29.418520098
5.4812771363
16.022387973
13.5000873163
0.893402794261
17.2685058792
28.4236120011
35.3067153705
1.62184552558
23.3666055652
6.99357414646
0.0234994371729
11.8402545167
16.0161745882
14.9430606451
16.843054445
23.4103600357
6.38296410722
18.5011122556
4.6890571194
0.800390292807
8.98387039823
15.4632746705
15.5911218857
5.75749680195
20.5150691132
43.2209813308
11.926427839
9.0512542604
0.185582555319
14.0257186339
28.650089465
9.66701300716
1.49002334374
4.18295259361
1.69988310347
0.690679326118
9.85377611604
11.8227559772
