16.2549665195
7.66743744791
10.1471506093
2.32157321983
5.73452198703
9.66738807468
4.96000835208
3.32362552734
0.720331320166
0.136249623979
5.60033153136
15.0936797011
6.01954553073
74.7209445555
0.0965226733383
30.2538925499
16.4372982935
46.826264721
5.19802489191
3.42905013156
0.770576231189
71.8692214069
33.2534599383
18.6147933197
7.06701882288
3.22512120778
2.17817174357
11.1600199059
7.70722116182
18.8337451669
12.1817836819
3.82614085465
31.1856546979
10.6306461361
33.1954406403
2.47639666132
3.87528128102
0.338061437745
0.905946619013
20.5247873533
37.4482511504
7.34271607227
1.88405489093
12.5472510067
22.2253921181
33.2925180801
11.0834650984
6.52864224536
12.704309499
15.2243960098
10.4608707299
23.5045756494
32.5205677646
3.22420814212
38.4097832569
26.8556174904
6.34791019084
22.3265175247
9.61157945935
13.2862693219
24.3013545775
4.03659635205
0.995436676359
2.55010944695
4.04555129021
1.81940378376
3.69310443914
2.5364706425
10.8055533865
31.3348659458
2.47845082283
3.62844378763
5.84855027339
1.49335448837
21.842714135
14.9016177475
9.33783760103
14.8655842911
15.085639894
13.8403931575
1.54043124396
12.1324293014
42.0182863164
25.49117459
12.2084068572
1.66695297933
14.4367699838
22.8223016819
13.4658622352
4.56704571921
6.90802077462
5.13929943601
16.7124935533
5.82517974971
30.1373030754
10.112385205
51.2724786942
3.70315168166
1.69910578159
3.27368099585
11.4021519015
9.74132646185
11.7091605313
28.9155496614
1.32765869426
16.463203101
13.4072480484
0.491469709001
9.80548264374
2.14816873603
26.699516539
13.2356190282
5.69596258297
2.15590423271
19.0220587926
0.0656545281544
2.96385629544
8.12920255512
17.7597562885
34.7381667494
10.9541387987
0.876988542337
2.53930124378
5.57433703695
13.2330037653
4.66878164643
43.792225811
5.39186847158
3.54695001669
40.9494037786
1.79141682474
32.9323481316
12.2814754804
14.3171903812
35.0550318551
0.933461209779
9.89505346314
7.88023326886
17.4298936116
13.4221600617
3.60714152922
21.5368200496
2.10919122209
20.0490274164
2.55360047256
6.74473048565
6.79590639873
34.9350392418
28.7621372947
2.07453518974
20.5672741333
13.8653437868
16.3466461912
9.57483301313
9.68372615377
24.554135439
8.60057910418
12.168114771
7.70330481909
20.5656101093
4.04109311841
57.6241934025
19.1376760686
2.47569538839
14.685399656
20.6818179588
3.83932819348
2.26567423133
31.9872939468
0.514261707975
12.5512645827
9.19389167868
6.43853519618
0.0955142199736
4.29560272279
1.7168060806
12.1486994761
2.27989867009
16.8789393458
16.5808005919
3.23190689219
8.51744043134
37.5783130037
18.618634208
66.9865729852
13.0796489529
8.09070924022
2.64689005898
3.69380969905
6.48658801433
15.8312673319
25.0559433077
30.2254479796
8.43498723528
40.4743382255
2.63984268713
10.6277836821
0.94717925828
13.7229257608
29.6844510313
23.9890714259
40.7579493139
17.4975598663
27.5164471169
6.94278384758
5.98974171272
19.260241761
3.74573173819
15.9416950547
0.983083373823
0.830822933008
8.88502101124
8.32276577809
12.3933774671
34.6884842488
9.01271373367
4.54061770373
20.0756439961
13.2806619763
5.77346643872
5.46525557376
1.44699406605
30.879459193
3.24916685032
23.1852166264
1.23312786781
4.94524810724
0.516671298201
1.25724391998
9.5841941789
1.40074568924
4.71561856867
13.4409295682
3.1846693043
3.55366142621
9.08998427734
3.07777453731
34.1325517645
4.78116521033
22.8054960156
9.23159634365
9.21494623952
28.7669130203
6.05261062461
10.3955489053
1.67593420238
91.4540283453
4.18266623752
11.7607512734
7.42282781707
13.9925200115
6.32029851963
1.29289163238
23.4430707988
24.3353441295
3.63168360643
8.14558816967
15.3341586773
3.47166982917
30.9276805387
1.19872768746
47.7793273829
7.92649432636
6.323470539
21.0400637777
5.88531540575
1.65712708108
3.90800841279
12.5944074677
3.00151819927
41.9164516168
41.8369643787
8.40210554295
8.03980364153
60.3670324146
24.5878737515
5.63112820546
9.57063228445
9.98530658019
3.7723910391
6.18710317503
4.39190115247
9.6077813151
16.0682917731
4.01777727019
20.1717371073
12.5291124511
16.4627730887
3.00339194873
33.1117213932
22.722825872
92.566803999
10.5232135445
10.9901625471
16.0547774365
11.8150896871
15.9568697314
6.63640575932
0.841006683111
2.94994326907
