37.7203271509
2.2839406709
4.20871725845
1.47846839636
7.11748648421
9.29172695461
16.2036831687
8.90376016065
24.5783986935
9.104548299
3.71508984244
15.1772605479
9.63890553022
22.7561981446
9.48357823536
5.65711120918
1.05661476881
6.6875391964
38.1013132805
0.376313602837
6.49617988344
31.3278917481
5.80399021085
10.2748491485
23.6448081205
20.6278972621
13.3293954376
5.88021653031
14.079222602
4.08708939291
12.0722924846
32.4746588488
2.89506074082
10.4828494884
16.3351615025
25.7204602623
12.8458401215
23.8191944362
3.66814685452
6.15627053605
1.37039269051
8.81386498476
13.7351596094
4.98835203055
3.73910172133
1.76475332739
21.4763911851
51.0669203384
6.90915801909
9.42810835666
11.9460940448
5.22712491784
21.1692468252
7.73182836159
6.55519118056
11.6625528672
2.08301354373
21.6500069729
0.727640407651
5.08684910252
41.1088625163
18.1347140503
6.26035123139
9.98382102976
8.86348942432
34.6591188441
1.89579525536
25.9230045535
14.9413339214
12.7872699426
35.2938689927
7.32004730237
23.7440476275
4.44410543671
11.2361947903
2.52113740461
14.244725156
0.911328485054
0.580598521147
0.437971439201
1.76351944272
16.7294657855
15.4849041874
2.5105398454
22.0012671816
18.3376365346
12.1095017032
0.671913542505
4.20979213573
14.7619988809
0.870435223806
21.2007162556
1.19847066705
6.16953357007
4.74389429479
13.6149644359
4.01521623902
4.26287166736
6.9382770476
56.8087500629
2.90842924895
3.20395413613
8.00424833295
1.7699020413
18.1988081206
30.5999078797
22.1399792191
24.943224372
7.667885827
71.8855575194
68.5618783253
4.56319110849
13.0111440062
12.6385790861
4.65093128879
19.8961509396
19.548704062
35.7234190846
16.2285580483
2.89237125135
23.6625818777
2.02412998798
11.6128251923
9.4346326613
1.14914618705
15.5493504097
3.34790839523
0.57550561714
44.7611689889
1.7642879664
15.036277943
15.2774657607
11.5730816313
16.5426964439
0.565054744092
12.6409802338
11.422378382
18.6276573144
33.2921757925
33.8198729047
50.7609474408
16.2818719312
4.34467044824
34.425397873
2.50138262861
6.93097557498
22.8214704587
5.85189805855
12.1556486271
9.33806990728
42.9025525499
1.73688091063
10.6823713522
25.3964103466
3.13909430229
49.5164406271
2.2045729345
47.3115207597
49.5775259733
29.2486020216
19.437092794
8.20286691317
7.09150868351
3.13356205203
1.35050944464
18.631349968
16.2047371996
6.3111928196
5.06193067794
20.1575564345
1.55459922669
7.16672305222
14.3224294728
12.2602807211
14.8915370869
3.52038556976
8.39771736481
2.18317579422
16.0480154978
3.13447291457
3.29870525715
12.5157284671
35.0430417065
0.936075056228
10.8111256397
44.5162415977
22.0347734273
10.1859764169
11.3656719284
5.90402098711
16.1932321546
14.3868215195
26.5092064183
40.2779928324
10.2963000198
0.410359806578
13.4546729526
3.19356715915
91.7170839588
3.33061557114
0.469302360793
2.893664848
37.4638049871
4.5811698042
0.224289918529
3.24268332544
20.3267271632
7.3995569849
4.20054753762
6.49765080333
26.3073873134
11.525961706
9.18037329821
0.784633082779
20.9698533149
17.3867447726
4.81181361992
2.85952814238
7.76389758776
2.01306218919
25.1700834811
0.989141817098
8.04456452015
3.41228785383
23.348020187
8.87413731616
26.1508912321
1.78796076791
7.63847234839
33.0619681426
7.76072024308
7.37099422342
5.53340713597
16.5029331478
16.0145916746
11.3784933997
18.0543720474
5.84135022529
1.1466856799
14.2297977906
18.417340502
13.0073854462
13.1453572278
15.7395651093
60.2974633393
24.0884577003
25.9543059549
35.5744666627
17.0563345629
2.18494935636
12.1715070022
14.654575925
34.8247250484
34.3625168215
17.9231223034
8.15330742637
14.6232481995
42.8907711045
11.0958264823
9.80801316358
9.97328421811
10.5250911061
14.5303576872
34.4936478518
9.44263468232
3.42422704023
4.79941110566
5.09999257828
31.3262398975
22.6869263679
2.9390592103
4.63015631641
0.179205825529
35.3529361749
23.5349881781
2.11940255947
2.71309161102
7.52125341983
16.1006392282
1.24314768196
1.80749764253
58.7796909162
7.56915511849
25.2127110069
17.9713930634
6.3133554298
39.1336864541
0.647951997812
7.01648145235
20.5123274815
28.5834559356
31.7952704675
19.2858512824
8.51590444824
59.2101083174
2.99571207656
1.94527657302
19.9483464014
16.3135325247
9.32629381908
