7.82320189666
1.96495579547
3.86601373326
21.0253068355
20.4183174426
22.615838525
22.174593368
2.76277540704
16.2100311682
40.842014578
9.41484304117
26.538635638
11.0280775516
93.8363035506
2.40693393605
8.32333168569
0.726321371908
7.22498134696
1.82390602409
7.10940017483
9.6866904093
35.3522017138
58.028353762
4.82119238252
6.69093353254
0.463015478689
45.6161455132
6.88757566578
8.97657115459
32.0197741357
4.89787886906
7.3709342347
4.75862772811
12.8011514708
10.9867662138
36.522022023
24.6963583255
10.4654497531
8.83489962355
8.07553945908
11.6410882597
1.21402671057
14.4676757306
2.60623414576
50.3753545965
18.684510979
4.15734556081
3.0451630271
0.42103712237
0.0201481732004
10.9246725291
14.3465585318
3.04323849718
11.3352461053
3.71020073774
1.81761059249
12.9622881651
6.09321106523
10.0323228634
3.6595307024
23.771361191
53.900194735
2.28078595351
17.1491622825
7.09911123668
3.90051031497
2.26448624524
3.84446755486
25.5497287548
13.2608485871
24.232436846
3.79581160258
7.46116721123
16.6255986534
11.6206860102
6.36188346917
5.72858906366
8.51581766073
43.5198368552
6.74335639816
7.89581193584
6.04241900838
16.4912364825
6.46794903704
27.9718353036
25.278701249
19.3763804273
2.05262485276
22.5284027118
26.3912691224
6.17699051639
51.5257958872
7.19726182106
9.11907968981
1.76939506927
16.8217328652
1.5044565843
13.4316779775
43.6648650197
8.39328111403
18.2913568862
3.01876169822
2.50203981685
7.46557196737
1.90519555654
10.61054029
11.062402361
9.49838418253
9.70632608645
28.9051181634
17.400648448
11.8931781613
6.24805787319
29.3205474277
0.717716340567
13.9391220471
50.5754415036
24.0860235505
31.5402563875
6.88554256636
17.0160901806
1.65631067662
5.38068052533
0.78923450865
16.2093048461
30.1765476177
7.92372851547
2.74868660521
64.133778218
52.4813160933
35.2207576716
26.6958750254
15.0301019156
28.15119847
7.0244075694
4.95870497526
6.73285307499
4.91920294256
3.91278727558
26.2645235884
20.3890679524
12.784391325
2.43539344045
2.10174168039
8.49571023496
22.8859022841
2.89922879306
1.13869759205
17.040801074
7.24730024697
9.14858259188
0.0415449911469
3.37962566132
2.69897447262
18.5490525382
21.5945744211
17.54806201
43.6236933191
0.175023741641
11.7686825869
20.8310893064
32.8281673253
1.8913260166
21.7554913538
2.84855891874
5.51849397517
39.4967406276
7.9162416348
10.305772538
27.6899796869
1.92340542608
19.2670973706
25.150856672
14.0850790426
28.9544698469
6.10862135887
45.8065246615
13.9225636427
10.9125829402
33.0396862096
31.6936532369
53.5633393137
14.5462870441
26.1201640414
58.4030452589
25.754622769
11.1154125803
0.750690494196
5.81262382358
6.33032581639
39.2969766805
38.4275446715
1.61071982257
9.09724274331
4.84701040501
14.1734205867
4.1929123208
8.90477252912
27.082720719
23.9220507423
6.14667631359
3.23066586878
26.6378004402
20.0826322443
5.85919018858
7.24454214411
20.2526511888
20.5174088732
18.8920761634
66.2393177145
21.7599069962
8.71280185528
48.2658265639
27.8783800651
35.2053299925
14.6060828096
26.2233378089
19.1465897213
12.3428482106
1.18176503826
32.50200566
15.3099648973
3.83524926785
2.50404830825
6.95080706473
2.11628081944
6.70115488496
5.70228278651
18.0631390087
4.00046936886
4.73600563084
26.720267875
14.8414220187
25.8191907849
12.9303432759
2.08041001456
9.19680172974
2.43170430412
15.7449681342
40.9443280843
15.8785166645
4.14625116234
0.791199788765
5.31419197935
9.85211198832
8.67120922157
17.8655459297
0.129245699178
13.2332468646
4.3384797346
13.1117496781
18.2717981419
0.88533425257
3.77812625371
38.5111743072
2.29026972761
12.3738565783
27.4425299991
27.1172319562
14.4756602078
3.85481153883
30.663907896
28.3826528278
1.97972055586
4.26970090743
4.25518929509
40.7540865007
17.8125486806
24.0842502249
3.46471830132
13.6942361548
3.15305080247
20.1600116355
20.2739963061
6.72835233267
12.1458693898
3.78148720164
13.0957985575
8.75987048788
3.87795460091
7.08537445515
14.5387497539
11.9232701445
26.9192924148
3.18110874027
2.04224973152
0.422597008155
31.4027387403
1.6410792916
36.9949216415
3.03218779713
8.08445685612
17.1686917834
68.8336087139
31.6104325921
0.896451944883
0.879422167019
18.6284552283
30.3979335322
25.0176384083
