4.64563467309
25.6986169797
7.05968702712
8.80491444506
6.72716369987
16.344079807
14.8803852743
23.145473574
24.6743268481
4.34415425648
20.7425201042
9.41003880485
8.85480658844
4.02827726454
3.0102253016
10.2620888347
21.8819236404
0.410819570095
5.72462727809
29.8822346506
1.99092634755
15.3416363844
1.69852884486
28.8927233392
2.12381556671
4.79128474777
2.4704069041
7.62781262722
34.8920218662
10.0313102774
5.42553839233
13.266418543
27.7110374878
0.264802411633
4.66932432565
26.5932954573
12.0946866278
1.99369287625
5.41608579707
6.97161567623
15.1891908583
3.66934859465
19.6588621411
4.13829898572
20.3007063808
2.94141786493
23.5002293073
1.24640527336
20.3867940686
21.8552479333
16.3114029598
35.0659761429
9.398127441
1.45187545952
9.32215865317
22.4450648435
83.3405570236
25.314705429
14.8613718981
0.349498662579
0.000546223271267
17.7438491827
52.5710507455
11.8087337671
8.56219370982
1.55834782215
7.77137926666
12.2190563483
35.6673266347
0.850148778873
3.87186299793
7.09727271175
0.677112952915
1.25355792413
8.7217038905
16.8116292018
8.02877905073
7.89138856316
22.3957869004
12.1431599213
37.2306050489
11.0593130377
12.703259032
35.5391825579
20.6362093002
11.1155301177
26.1427866789
10.1715904758
12.3174798578
2.03585813976
3.15247889249
5.94648164753
39.2971173543
19.3433839616
0.311071398557
1.93641128254
1.45591820485
29.9272449345
1.69818163035
5.42206687213
0.915576934618
0.635522346718
1.24601960194
43.1108612028
24.5451771448
50.367795931
16.4017191768
33.0962615802
0.806794678625
36.3685318332
8.35123347696
15.892606441
15.4007574016
11.4133071952
10.2960634735
21.8533813212
29.8757268617
29.9997577014
10.5677259546
30.1518007545
21.4504734685
8.13596663543
21.0474425808
11.2174865222
1.02127621206
7.39625954885
3.41495206529
53.508950115
17.2346071819
27.3032737569
0.585866180286
21.6958013711
38.3711451131
14.309519895
28.7662891015
1.73557555211
12.1335514074
19.0549261911
9.94365336396
4.38490365776
4.11941341061
9.37723613872
33.5134323637
4.73822523993
5.61469466602
4.70088936541
42.4532839665
6.23321318028
15.159045921
6.29762458152
24.4576146
36.2586785671
0.0157974012446
1.44239302651
25.7152132287
4.53903647227
9.850064608
0.903546511314
2.9995942431
9.57547592956
11.5103765494
28.6891619176
6.93700046738
16.7122234598
13.7309535524
5.7125044235
8.50177690889
5.06064820233
2.71030377765
61.2071673861
30.579198988
35.5119216434
0.131154523161
9.08291700278
15.5847475551
4.40300319939
20.1196590972
16.2291467343
4.24484202547
20.9242615047
15.0381006899
2.99850824257
14.2012318625
2.38383533182
2.92955227857
0.886814160488
46.3669563324
5.92277639783
17.572382731
7.36535295228
12.2561761279
2.14946818403
15.870038584
10.3649692973
51.9061437145
2.84350083259
9.25504590373
3.56531862692
68.4868638084
3.2317766079
1.75240730088
2.02335400721
18.9216252414
6.13743453103
8.20802957799
1.69978099166
74.5434016098
25.3956281218
5.48152250541
2.27331045322
23.5503852541
8.13107863908
12.0204070302
2.16552628706
1.25009196783
32.9419511921
18.4571233924
12.5096044396
12.7113911663
5.02787079398
14.4442704464
0.726721279961
21.6107429623
9.02451180437
7.92664214632
14.3390856287
2.30056664263
2.54886490698
29.44940281
7.19293020436
8.26590571019
10.5902942181
11.4474479672
5.02686183019
25.72296735
1.43042054612
10.3866024229
14.2062305447
11.714484052
34.6340914831
14.8878924094
2.65870590137
59.4263933975
1.32262816221
44.3735569853
2.09480417122
56.1404090139
28.8155503935
19.3435535554
10.9491170107
9.83359663999
4.27483776655
25.777037989
11.2936913957
3.36621602992
0.124081672745
10.3847892387
42.7103545731
4.81471454205
7.09725082074
9.36828071671
34.3042948212
0.398386679627
24.6260025302
1.15048659929
13.2061906608
29.4719891844
6.93599295677
9.45269884021
55.264545242
2.39945050128
29.9085668459
41.0768864012
24.9484604523
14.0169828535
18.9569159858
3.15776528359
14.0973587266
2.20108889921
2.11824969079
4.07235723411
1.50264172676
2.61827968129
23.8360257945
19.9141185327
12.5290722479
3.44198422248
10.9032133645
19.2016218666
0.126378138125
36.5453170023
1.44075486867
0.443258609145
3.7096658132
31.8718262661
1.49851575997
0.517403223701
13.2608156394
18.9065117256
7.04301902944
