28.1352011965
4.26939602001
20.8410483236
14.2278783512
3.26130778219
20.9637144048
11.4478384938
40.7667746238
57.2767166636
6.48357980897
1.20135553377
7.49204513551
50.4150203824
13.868976112
11.6749183643
11.9930138928
39.7753316393
1.23387840154
15.9048991945
4.26241933222
9.9554889374
4.59463046482
17.3818546144
12.6659314896
4.73687692142
2.54266456976
14.2810512722
4.55328289367
27.2943046481
28.3024370964
38.1503779878
28.1020731246
15.1875094197
12.2551112842
25.4580484752
1.27647025095
19.0055768154
11.3144814075
71.0921864706
39.0055279318
0.962563949241
2.51895972629
7.73737443748
5.10839988097
15.1998202936
27.3284392967
11.4285066577
27.9521903643
22.8253370196
12.0419059983
14.4718293824
40.8550975926
12.92345896
2.20712243723
5.40955926941
8.30541442099
7.52278608902
28.5033655692
0.97410703837
3.20936342857
14.9835322618
15.3021192137
2.4058451793
10.6483467031
5.66874788605
1.97694196634
19.281302518
63.4732069916
25.3771143062
4.09829201144
0.614227094727
12.2614026054
7.71983182334
65.6286289897
51.9249629768
5.14044858675
5.02643915199
1.70416149661
86.8706640013
7.0525268365
11.5637095644
5.93475476437
3.01531104756
2.65851248633
1.93735029012
8.26301022092
10.4570009117
34.3120088085
13.9994038697
17.8716879338
12.19326071
23.815470997
7.90684472351
16.0779425011
12.331992894
39.1552971873
9.83865797505
0.3904874164
28.9611899701
1.15708335434
5.95220996051
0.0550270651953
3.62126017983
11.4809024267
0.944240522811
9.09920878209
15.1297372822
40.1438985508
19.8082364117
4.27634192925
14.7256328922
1.26717248851
18.3614484135
9.91920257205
4.57210658698
1.22375584345
10.1178580243
28.6476202555
20.8539888143
72.2103989395
3.21878827619
3.32913927516
0.0410313550751
32.2049995522
29.2629670265
12.5071688626
13.0693180866
7.86902607711
2.8136650815
23.0347815972
29.3931875254
11.5592519376
28.3806118323
4.59494902716
21.9377490496
5.38219419177
42.406330666
1.12949335013
38.0646248801
21.2485214589
13.2052167728
7.89738825734
39.7320603751
81.1669808163
22.1963386959
19.6747488791
0.086577530513
17.2624250399
0.49190134566
6.45122590893
19.0538888106
11.6177688919
0.726186311056
24.7963491414
21.9781739445
0.936310033638
12.8374237709
0.924509669147
13.8904642804
16.7563495271
0.164386379065
12.3697627322
36.4314012321
35.2921283676
6.1600752355
51.8938695756
3.21515688888
4.04086709912
3.32415318107
6.27128419859
7.22018063589
16.0410898393
39.6045617391
5.28479682038
13.9383364053
36.7178967717
7.56809186217
5.48590870351
44.3755846585
15.3673903698
5.83542065932
1.39419297396
3.86114223147
21.2538596358
5.6679743653
1.63210007502
2.41602930976
11.3845420864
17.9448694706
9.14334812709
2.5242043806
27.6310211375
23.4752695582
4.46957571594
3.73739894257
3.43693834151
26.3718730768
26.9483007808
10.9008226252
3.66734012759
19.4013073162
15.7863358801
6.93488077058
6.21184064533
16.3117782592
7.35853899782
5.26682065927
30.913507228
2.41355013482
51.4377776039
1.58818015909
6.63775570241
28.2197452486
13.9097881137
3.50762801537
13.474764593
13.3695973118
16.4166508627
55.1228224215
15.9592651375
6.25043655728
21.4017795593
24.904654149
2.9221994301
35.6657617375
0.231286116915
3.1141980832
41.5754750484
6.78396633156
8.45195445818
26.1106991036
25.7019807435
35.3741881444
1.75512583439
2.76423845485
20.8280340468
0.440359331037
10.5533301626
27.1751285612
30.2135790864
28.0722340134
10.7296436156
3.09232767261
0.300302544745
1.86929963828
4.16880564983
0.0876882105202
18.1009923813
25.7285172271
11.9082480344
2.37980772887
82.4038778731
3.34676583124
1.94559341826
33.1243152973
64.567220862
1.91403499361
4.07581697556
21.7486238889
1.63627856318
17.0201015761
24.0719071043
7.53207243417
6.74599637608
22.624761024
4.09070607007
6.15468132676
20.1634249635
2.39245418405
20.4920310793
14.1546313055
10.2896445649
2.36556930647
80.4171286663
1.15295633329
1.0625362733
1.44330599159
41.770125542
13.8004401916
48.2953882667
27.6260029449
5.98503054659
20.6516659392
10.3995251295
0.675735459676
4.53566972228
16.7974848564
14.0224289501
0.399387355831
4.87532256022
1.00185039384
3.24717758186
25.1775528106
15.3954679468
19.2316890087
32.9389409511
11.5613343164
1.5471462131
0.940244063155
36.8628247936
