1.95082320395
1.54163746083
11.6884416497
5.0156666701
12.6359787256
34.6765681375
14.2111853137
22.920466598
11.1472170214
2.83655686774
30.6051810283
0.260498245025
16.2115946488
7.15590590778
43.2539319076
3.12257461566
47.8501531128
56.9358887485
7.41837925262
24.9728237133
0.77227820617
8.5430029957
53.3829448828
3.21206963181
8.0915673021
4.30156006903
0.567818564354
24.831946839
9.36564356766
0.0840407177004
10.9566467047
0.164497586895
15.1831752837
5.90172564143
4.29335433577
9.36627220876
2.05659275114
3.27183340697
6.43709134307
16.7226639359
5.55085298003
36.0868964872
1.97276773792
18.1156457942
1.42650061734
5.6028853372
44.1650040256
1.8178214818
7.51182951072
16.5575390141
7.15844581154
1.68590686878
0.549995552777
3.88381352032
39.578780385
5.95129744896
10.5564836023
24.4804840514
22.0503460642
5.61337822558
5.92653528239
11.8848316054
12.5528860713
0.717410226852
6.25362565354
9.53791003268
20.0107348669
21.4530543065
0.0525120601085
31.5600735519
10.9203214411
24.8482300263
2.38995771362
0.876665436595
5.52935593345
1.68397386786
13.510506347
0.556336319742
5.51765584699
1.58179016735
8.95686134761
1.12282341909
7.4415535233
8.88503174632
1.43561868502
1.55016466857
19.6248271254
0.571354547101
4.98506931826
3.0280422439
2.54076008052
7.89722857917
19.5229675863
2.70396973249
33.4698135155
17.4008516947
28.8102039201
7.11636477051
12.2994018916
0.773237170245
28.3967407177
22.0632076543
0.697065579353
5.6423985138
23.3057922638
11.5711137863
3.77164955445
21.6690787483
7.02044823253
6.51146205865
0.333899231269
2.18590355808
1.98805094423
2.53663739769
78.1039571269
8.37507219778
19.231662264
3.90333126507
3.35352660258
7.40656913891
9.2297859728
3.93252289584
26.7791071203
0.116115335598
4.70714832266
3.46462962221
3.40504901782
14.3965944768
45.3780596222
5.10828818811
5.25965909753
9.55301796144
2.19514461038
4.3628905077
5.85156526252
23.1480412667
14.4929614006
17.7540810406
15.8456838851
2.14533899331
22.7460039483
14.5953796848
32.3928261263
8.85969125239
6.64298051714
4.31288033475
48.4469886454
9.77805973804
2.85251463565
54.1504064658
12.5023015675
20.1536772811
33.9642384727
23.8231626644
5.43352362974
5.42355754145
76.0327588221
6.14367011694
4.93264198132
12.8187008435
1.29807356052
11.0523341845
12.6105909791
8.77878713182
13.0373419966
9.58861183315
42.7464473057
3.65789564829
50.4300386793
3.38307401588
6.03083141742
15.5895186201
10.8792840562
0.214872829075
4.37797128795
25.9657649102
2.05440236344
15.0073005131
4.76817627719
30.4848200779
19.7896748132
33.0229500289
9.43351678793
1.35623242109
3.19922559018
2.89166828164
16.0835306839
30.926548591
0.692910436306
4.35784512111
6.69812835757
3.24423307124
10.1427035355
0.549229474461
7.36569105501
12.9315824757
10.9438759095
23.6688080841
22.4913176678
15.981812267
12.8965718729
4.35338354008
4.52789376388
11.4551298453
1.34536435861
32.1608162509
6.65945020989
9.21513824299
12.9317043057
0.195328028602
2.52456523725
8.71761261489
22.4782113334
14.111372528
9.9535638311
13.9297117892
10.9742504444
1.02990946871
2.70252835229
29.3444423381
0.123104218991
1.99433378833
4.0856305551
6.6124026253
5.9726723082
11.3489335653
41.9219334327
27.7203936922
16.0421425
12.7111034806
3.43059577067
17.7592906541
11.0251144958
11.3979004511
40.789571475
52.1228904815
18.3329693128
6.04823501341
14.4767100896
0.65669804739
16.8957050139
1.02860332149
5.15861537615
2.8116705692
12.7411362636
5.12900690542
13.7761061418
5.96370872747
40.4494400347
7.75148185478
16.7522590476
11.1355996343
14.2581364494
17.8998197536
4.41284483054
8.43307744378
11.7919976854
1.94946771074
7.89249431741
21.5992459767
20.4110099032
17.4231564461
6.32322717625
19.694968569
9.37306447154
5.83266878761
2.41100767918
2.59779687186
34.9477781184
3.84018920451
3.35377642196
31.9407305327
1.85796336709
25.4477068233
15.3949595994
25.0483095188
13.742439014
2.39303686987
3.47252911798
1.69143586724
35.667679366
8.86690691548
4.46837202819
3.02474475784
8.77485265554
14.6828632204
2.48991197562
6.03361843083
60.8300170835
18.7456803587
0.221290271387
8.46569235135
3.17173745041
16.0154513842
16.190715738
18.2487818521
1.26756902132
7.80117496858
35.9105616391
14.0595955065
