15.6371699243
33.3480122046
28.1571375198
22.1938823457
6.57760298315
17.9174430025
1.99650309042
4.58235796043
9.7753559289
2.765900083
38.0727563168
24.7398389708
10.6712740842
4.19769095612
20.7848131446
4.72887086386
0.31540117038
8.24876862657
11.9674044177
1.37069219098
11.4935778512
6.94169452821
10.1628290524
56.1515133078
24.3713997587
38.7669137539
6.8867172533
3.61227088525
5.62744930158
7.82432579352
0.472924079846
4.81855681165
5.10697232084
1.49304981806
38.7558014499
16.3974973658
56.2843056188
12.2270151887
11.1060897687
5.28348012919
14.6110743846
9.63053765333
43.6673836673
9.33444882425
2.17968377828
5.28546964052
20.1082421405
1.63018312644
68.1600878957
46.853722597
0.305370538524
18.4111911104
34.7606806761
3.41297709918
9.36086868047
11.7682594901
14.3781617426
1.47118705991
31.2703918367
8.0065222657
6.29353601765
0.917628221861
4.70636478316
6.84753871818
1.03821802258
3.52494523914
25.4532828207
28.2481469759
54.7753740129
1.33169942556
7.86086737298
0.281257135446
4.17318390601
16.5137989415
4.65990049772
11.0909545069
9.91960920198
31.2010191859
18.6029309467
32.1163393542
10.4076990231
12.8628727848
36.9426058861
4.31295813098
11.0675822349
13.7674337946
44.7884432053
2.0770485616
14.8115489278
18.3873732546
3.21315929994
17.2886642271
25.6731044791
5.27148446825
9.85437529313
13.4471319241
2.02753169692
35.4639537372
20.7861995885
24.6330544221
5.54973438354
18.4907099422
19.6058428522
15.3976188756
4.44297760492
58.8542135665
16.7928464996
4.69163362477
3.79658240171
8.99239533972
12.983898009
21.3798154489
7.88293917747
21.6679009653
20.7450040704
3.29949294049
34.077340558
6.97982174556
8.9475589584
19.5689934824
18.7507901231
9.30892409277
13.4859986811
11.7487605805
5.1332262752
1.51556365857
24.3390777074
29.8360832419
8.24329020583
1.98192816927
43.3202253733
16.980090142
8.21933925212
30.16177786
17.0096521775
1.05901059927
23.3035787957
3.46515750068
12.4730152669
15.9808988504
40.8885356588
36.1524662443
15.3358302946
3.04791316206
0.445767270132
9.15061070608
19.0337428395
33.7429551603
2.1692776719
6.77817553553
5.25332457071
23.5429462603
3.7417297111
53.1905433986
8.87992353556
46.9766273517
7.41429450267
12.7879639146
27.2990063448
3.88556736289
6.19026023371
3.47457769782
11.9327252143
28.105108171
1.7714380736
6.97889193348
0.863959676327
7.69304935787
0.472435449347
2.11841960701
30.3424298066
11.0178947472
4.09551428053
44.5788919107
41.7468294215
7.63452812565
41.5281176698
34.0969602357
3.14843230187
14.5547916421
28.9949241371
11.5645346382
20.6251408021
4.57558033069
6.47901263534
2.20864046616
14.1998843548
2.15364554685
41.3126490076
14.9253692186
1.57014511841
9.96110709617
6.39626288625
18.2448894423
6.61613604419
9.54469867171
11.9949531215
4.55806081377
18.3090452662
7.04309312056
10.1318377849
3.69028634541
25.3755132471
29.5739188626
8.93272279516
6.4613565162
5.97064493057
9.12845343358
0.956025643232
26.9959209908
4.33070727445
6.81483022277
10.8804356513
33.256946457
5.80754498169
3.020161578
31.0807015488
14.3038859701
20.5029900631
6.16201433018
0.703149108401
23.3303067055
24.518656929
4.77234047212
1.76700239217
58.0077031603
24.7406916807
15.9424849535
4.44176073105
2.17791360086
8.6770165479
13.5131342679
5.58296172153
16.6777796127
6.32923019776
4.966431137
4.41170611487
8.61429208325
37.2944235874
2.8063365086
12.0936205283
4.09926918529
9.1247904562
14.3565177047
13.5224914235
23.9628933699
2.42208181552
3.07299348572
16.6020960495
15.2496648879
5.87115129984
7.28890551074
12.7417773014
23.2048522308
15.7927504121
4.53666664399
8.71835162503
4.52084273644
12.5140428386
16.9558587106
11.484844768
5.78428891974
15.1297650488
25.6107332877
8.80114877137
3.29164989071
47.3282014496
14.8164106848
15.4252441267
0.138418666378
17.7878195294
14.0664066862
9.54604511873
22.5708122482
12.7827350436
10.2794483088
13.7426859487
17.8245567131
8.20477704094
30.2643125182
8.72161680067
12.8918229939
36.4149339358
2.24136022082
20.567249194
8.23627815086
100.431075055
4.10132494742
28.0701839605
39.8939722488
0.576260742723
17.5866741426
1.67834341645
1.64477240036
24.7669472641
18.7458034625
0.19992286161
38.7940531042
2.41601746193
32.7536919237
