24.1961163355
50.1617951578
11.8805585099
35.2350417787
2.62356184522
2.72887879075
15.4288515878
0.77542282977
7.6172551987
9.11893857035
12.2373521513
24.1871884117
2.0440705214
18.9798330992
5.62012164301
13.4343054047
7.23250566984
2.10629964042
3.14744747169
0.486691326888
65.6158177741
27.3142136109
3.64354295229
4.57632696963
15.7173637201
13.8553760316
10.5095481695
19.0869050965
8.34249489676
8.43592040309
6.16787692549
30.8071606045
20.7175717899
4.67106902952
10.5432867567
18.8526595588
2.85476614978
11.9560697722
29.7207039011
12.0693382663
15.532626415
6.18936191818
20.3036374511
1.60599518825
17.8506001804
2.24910312589
30.4884109564
20.6028298049
4.19716277936
2.46444891571
15.2900723416
39.9405387657
2.13416290197
19.7774694439
3.39157610358
18.7721983952
2.31243319371
28.0269637055
1.43217000712
6.12398719879
16.6863167809
2.60878514674
16.2876190137
45.7636434938
3.50367107693
0.31244086614
10.2827508214
19.7009667355
10.4057601573
35.4264545333
3.86043639864
1.44795020553
23.5079310947
25.5471411184
15.4606731618
14.1034070831
14.5895328695
7.40209220801
21.8176264741
2.35432789631
31.5632898688
1.37684443449
1.68492486038
10.1636089492
0.0666638297428
5.82121640971
1.25392193876
49.4903329593
40.2582177413
14.7207234458
22.1702425582
9.42221892365
9.86668880392
30.8793223309
14.3502836773
6.32648104071
11.1737424641
12.5882716329
1.30412374776
63.6526417897
9.54512194236
16.5803945362
6.31518942245
1.96206830487
4.18719346264
15.6975750505
1.98917126423
10.0041094384
2.66931870078
5.68162142436
12.7071632378
24.0495927465
1.89391601477
5.01510575897
9.55210663756
12.2000213641
3.14976814544
7.92229892068
12.5520795519
23.8151846662
3.66732505979
34.1929994253
5.55747840402
6.35558201741
41.6683827376
5.46798277956
13.0946936662
13.0574394209
4.34232716491
7.05294256024
4.63202250772
30.4410674387
2.55000256987
8.13934584112
41.7319245306
30.2072781885
7.31123565326
12.1652367154
14.4092199319
27.2026385036
12.7495113415
0.951513530663
11.2798058767
16.253074777
14.5528065447
24.1191935896
2.41878631875
50.6447677157
4.85266742995
7.48280724183
6.41828373694
0.493110778869
4.95629347793
22.4972832859
12.6488713375
12.8405045108
6.35498957414
11.3242355019
86.2981039576
1.48773433893
0.612646158826
27.9054041856
4.16424307577
5.14353895024
37.8981766222
12.9452689316
9.42367347849
72.7170496185
45.8468516028
8.50585225034
0.203672692797
8.01885423588
18.1966339521
11.5384475764
5.16202105479
7.25300569223
8.73702539061
29.3734196629
31.0602356238
31.5892414055
1.76845499553
10.9976433823
4.19447350592
1.01804548409
14.2011371945
42.8278326504
5.78855746062
1.43146498605
1.77489899531
27.3376491839
21.0000157741
1.16469021488
3.74340450134
6.45253006709
11.0464074839
17.084752349
18.9398388427
2.5511677295
23.4918168526
47.0821561798
10.1925529364
0.751989856488
2.174168814
4.18820321801
15.53864592
5.20302141165
13.0953864154
13.5334242989
13.8910608917
5.56655744718
11.1264411706
6.29440480162
1.33151717412
5.22129753717
16.4590396519
13.8256113484
10.9857291727
26.3130601831
41.1214686606
14.2321222452
14.0289016519
4.08458527378
13.4051133395
1.45548953507
5.68840187693
10.0845462792
37.102546434
9.55220985511
0.312665626677
11.0194706122
2.85352039244
9.86969154934
39.0975806243
9.61057517689
0.559650891322
5.57642216272
12.7201380822
22.6649385623
17.2894737058
16.4672199197
15.2797083542
7.75766012784
1.61093487861
9.95810554376
62.624799667
2.33413222036
3.01825490911
4.85697931167
27.1067764725
0.554583339737
2.28116244857
13.5640707894
2.72473828324
5.29708451815
6.00049212028
12.742553585
0.271282608267
0.257032711862
9.77746058013
10.0641009948
102.645023106
33.0886656405
19.9307285241
11.6774570726
1.55120146703
4.72993408208
14.6001935213
6.30242068742
24.2168138896
31.6388274348
0.962736429023
6.30532188053
20.5459896368
0.810969043024
35.2834394079
9.01973443699
26.5368016463
8.2516045376
11.2763007612
2.82672835482
9.59237772002
32.7171373117
10.1629789302
8.00033235767
3.3299813731
14.8875677762
12.4920175546
26.6827309698
32.873616337
71.3663412022
2.71067953272
10.9260314951
19.7493517423
44.4991157108
4.33719513772
10.2197747004
28.1734659069
6.77561914543
6.51527069074
9.56658845581
