19.0964888695
2.34312966376
13.6855395049
0.522514497028
4.28924538276
24.9020758018
0.46155934333
0.00768155072667
3.40379519705
32.478825761
23.7142563921
1.00041245954
4.6815587204
16.9931452624
10.4276526397
18.0546244978
4.93462949637
0.135599653097
2.03379332989
8.72972723824
1.95737807053
4.36216171736
11.626350304
7.74314056699
12.4441628591
9.08598898982
29.9518580924
1.47693685227
1.29917999014
13.904096394
14.9457472174
13.4112832718
9.97166895434
4.38036851076
3.82426589486
59.8974472014
6.41078993538
7.10645049038
2.04096625935
9.37044998331
7.60376764249
3.02221824101
11.5159931166
15.5048175164
33.5065204294
13.3588972052
6.77864019518
9.30828165618
6.90832783146
27.9102136411
14.2174842617
4.73451407174
29.9980098494
27.9255411514
7.62279405063
6.4864157656
6.66543369462
6.51951822787
2.4718762336
6.42934765413
12.280471305
19.3057467422
10.9939032367
48.6547947554
6.2788715418
13.956877943
7.150950208
0.685452773454
18.0130522735
3.02994296104
14.1400668639
25.0223244048
30.6140412782
5.86507714144
5.70373037022
8.9655407462
53.6921328813
31.1594814552
58.3933498967
8.01909735357
6.00448812141
4.18630333849
8.9914282312
2.90401907002
0.289818264658
14.1558986768
27.9410986442
2.23439896998
34.8167268887
10.6435973534
1.52254242137
25.9186613281
5.64717519322
32.3290126261
2.37107317954
5.54522037531
14.1186238134
7.14534565461
3.82675150935
12.3829125805
0.0362866659608
18.2194354678
6.64946875843
11.7535708894
4.12154829424
41.7779447906
36.0146561935
15.8215691909
13.8602329636
18.2093683253
4.27006390534
10.7253012951
29.0964576403
0.315510917093
18.9969327041
2.91935973728
19.0082735934
0.607196718343
26.7628018857
10.301371802
7.6952775521
3.03594159115
1.33994975124
3.58968605706
26.7087299589
22.5050879365
20.4286876119
30.2739336283
42.0463553725
1.73520224796
3.25293277371
7.86903816514
2.65018266206
12.1537653484
55.4285432663
18.1138490935
19.7794268879
0.779805437228
20.5138451777
16.4526787674
7.01586669386
42.6498218877
8.7997017776
25.0485907919
12.6306657623
2.11095021233
30.8799923753
8.92271048978
115.245677453
7.79983547465
16.6692087894
1.27107989281
38.2708107712
0.406756671016
6.95930497813
5.25195759437
13.5468919193
3.76601228627
8.16494149415
3.23506132466
6.76570546323
0.55431646532
13.0749642015
40.1254185405
47.7407506417
0.38336047568
16.4291472454
16.1151112379
40.8703130756
2.43808236491
15.6746245563
21.3269613023
5.0345755793
1.39456074878
17.5162791062
9.60577720302
17.1711290537
19.0798998968
40.9085740336
6.4441848572
7.09036829349
8.39454352171
37.3479819443
39.3075481628
3.46794136054
23.3536554138
57.2876342397
12.624257102
3.51617202006
8.8113274083
11.1692720498
8.35821020132
5.66871674503
12.1412411522
11.1728636397
1.52401630184
14.3261735657
6.42276334238
4.88503930184
52.6362279869
11.1048174551
11.4189796685
3.81254083608
0.545763412584
8.48032807928
10.0156934961
27.7656948322
8.21817520055
33.9405577995
20.8727514407
31.6356971344
11.9191898797
13.9960405943
43.7121944606
7.80343054044
28.2984986258
1.26513336726
0.967722018786
23.2905207962
5.58567798513
6.18329859598
17.1055138931
18.9823947026
9.31366778106
6.04866715531
10.0289844862
0.758817533962
0.2438558429
16.1591715323
21.4571067122
115.098213565
6.04734538423
0.714467686734
39.5042694578
1.53982420986
9.83709877453
1.56646196581
1.48449360419
2.95060680782
13.5946614297
14.6933146504
16.8832355564
21.2938310379
8.43473403819
14.4704748992
22.4747417676
0.234074254628
10.291357838
21.7229468443
29.9129038795
15.5463336723
28.8542473584
12.0298650257
30.1238547165
1.31896134985
13.8174778502
6.56697388782
22.0321919567
2.04123576635
46.0426084725
18.6553001244
33.8619773768
32.995355681
0.654604083063
41.1969605143
28.8744679213
3.03190852875
1.18461931362
0.287373781141
15.8465834064
2.21924709971
1.47184489304
19.6864469419
14.569474573
14.0410685157
6.49418772968
23.3661273908
1.14274384748
15.7029177822
23.7468561868
6.93472856215
7.78329761404
9.59307427164
5.98613961109
3.15543226009
30.3532216806
2.62344096287
31.6163738539
1.71755128072
5.285336896
46.7225679717
11.2907294111
8.8833484719
22.7570378404
49.3844343667
6.22161363421
3.22649343849
1.51084271122
28.5122932928
4.15795990612
