3.18175195655
19.9122948126
8.69329752694
9.51288144462
12.0536662315
7.25652990014
21.7076660093
2.76187277374
12.5291632729
14.4781266733
0.853244004281
12.6015185569
8.22597314614
44.6418028254
18.6435561067
5.77394226987
33.6885011989
3.1329495792
18.3259887639
10.9296415665
103.448726973
4.16979214535
7.28904958
16.3909959513
39.6209240058
25.1144702153
8.71626789631
54.9718671612
9.68544109781
7.77229427797
4.42757735005
9.16640877842
0.93327163748
15.1807400284
25.6388839695
44.8557133517
0.0518820172289
8.83923436977
6.04148272956
7.03359337114
9.68969566392
46.730610748
4.69487345635
7.3753381278
37.9843629396
0.898269993358
22.3369053438
29.1543773595
18.4096969441
19.0436916699
21.0573329424
14.8926962154
20.3397386195
3.96584592047
2.14435264935
19.9756936808
31.9275989797
63.3104202725
19.6173360721
5.43280149833
7.46417585018
16.5244711364
7.6406329429
18.7592045103
15.5805007475
11.8829435397
55.9982707032
10.6934104936
5.28006720238
13.3240948639
17.6098625285
2.19230303987
8.72121962787
32.6840786815
18.6730606468
37.8752761815
5.67648759794
10.5508530137
2.0210026528
5.79995118264
24.4924481907
3.81997479461
11.9941249149
39.179274253
3.63973643375
24.9747381355
25.660872466
62.1308844903
10.2114684046
35.2377175221
0.541510369677
24.7233744642
5.40134755351
1.33272031892
27.6068991444
17.5600867881
53.2380945031
67.4363855864
19.7868328198
2.75372691706
4.46161058105
8.57347068858
22.5896408124
14.7957277962
23.5413631346
9.72600793611
29.8359696509
14.0639401896
22.0772792635
7.16918718381
2.53256473967
1.7273897278
4.38627296765
9.84855105366
5.09910453238
17.828261109
44.2418122913
2.35940436603
13.9271310902
27.1986436036
8.27590631229
21.08414988
22.2062613458
29.9216831967
6.79468259099
5.96395210203
3.396055317
4.02983315051
7.24861829784
10.5623945394
5.24734504184
8.25676742867
5.20468926875
16.0663874111
8.02256365347
14.0942824871
60.0448511908
11.046641203
17.9823892557
4.97048825941
20.8213073621
7.96987336279
50.2637585487
12.2513616104
42.2332131793
11.3526670671
0.637960181951
13.9262700897
3.10025034645
23.9723519546
13.733409587
2.65400914141
0.902071254039
3.6912417901
1.52772316129
13.8596244969
25.0849436712
15.8994230354
17.9450728378
21.1710247986
13.363076999
7.54322913932
26.5229636302
14.2244436821
7.98629395864
0.695398240447
3.2124644408
10.0389926611
60.1786786702
13.406725517
24.3008238555
33.5035356242
3.18288198125
47.986851033
13.6928436223
18.7699584282
73.7034980888
10.8840854756
2.24956743845
12.0706636276
8.60969088463
13.5919135615
2.71153298022
9.91458151381
6.34786045929
18.8955777092
1.91817822311
38.0129889072
20.390157893
10.4344416195
5.13305711033
3.66266801452
8.81002811342
7.7836919823
20.9411608366
9.49118932047
2.36026727259
12.5687091255
3.25478014977
1.90685252468
3.74546594617
3.18205674247
0.275888929321
12.1318302486
30.5034505911
13.2496945355
16.5645391716
24.2128778938
16.4023506932
56.1229766743
2.13696044226
4.21854275771
3.67970929347
11.7706926714
22.0387817568
15.4276187887
16.3505290689
24.2351381107
10.1795059318
2.21758370983
13.4650263071
5.3985119691
12.4767619916
6.66392328022
18.0385028842
18.0101016535
9.07021531022
20.7497171826
0.0786657272584
8.04756118742
12.941842501
5.27818324293
15.4502189271
12.32876043
6.23913591891
32.7985073946
28.0931122013
25.1407782207
12.0489866316
51.2276226353
5.6614445488
1.61064207842
13.5162915622
0.938677391372
7.45490645706
19.6916649243
21.7735346098
2.10018283682
56.2031223276
28.4837118241
23.9262048053
29.6257046003
2.01670839651
0.23353099585
3.84406020391
11.551013032
21.0625897029
9.02423072332
17.940732356
1.42155461098
18.4414863902
0.251203850127
24.8636814794
26.095378382
1.17190789683
37.2922602312
0.799783550854
51.3280466995
5.07937431844
31.5614999334
24.5398542759
1.6920227774
20.4495357306
0.8968180668
10.6060297187
0.549584213418
0.0190179075375
1.90240185732
3.2200101549
1.85384793911
9.54123723212
5.12563253352
4.47079388364
10.6767803448
1.86675608494
2.75431456844
33.7879791798
6.44603490073
5.86090549266
17.5074752077
48.7093830433
7.4723073072
26.391662155
0.832041932436
19.8329209175
11.9642216243
0.145774025793
0.928248704981
5.95994397682
9.47616758624
