53.5397320658
3.74108912238
2.06192941231
27.4260519153
5.45694776716
23.8795681176
12.1306066354
6.88300866795
7.8486969835
15.1016760996
0.401395855803
33.8262786507
11.012505504
16.3195203126
30.973701872
4.71676058703
10.8353968716
7.83662805967
10.3338886748
5.63579622005
14.3414991037
10.3757801433
29.0463447819
13.8584799784
15.0021254411
7.32120091761
20.334508176
18.7616053076
5.6800154501
2.46813944881
9.4095358065
8.18055039355
11.4058139948
20.0586465503
9.08282785377
5.87628156091
1.03275433258
6.89040352796
16.6935820841
11.1593631641
18.8987703752
19.2291935329
3.23781418249
37.954733211
2.01624720243
25.1432255897
2.5286179091
14.8162819701
4.1735350827
21.9476102962
12.9608541824
11.1679113909
5.83719560029
19.7509047592
26.4414920878
4.48228811365
7.07156072377
13.7606515755
24.2637333295
23.2807322408
5.12381294369
0.656976822927
1.82791062772
9.07285993934
33.9112266631
8.62214004651
2.69028581215
0.762547815464
3.2633302585
8.94224172977
11.502840957
24.4152422691
1.10625803369
5.73326127309
5.30586198093
42.0987985416
4.98466511926
1.21267932964
27.2839515949
1.58719239604
14.039100945
3.3008433483
4.1854086468
48.5230436244
34.7396130157
15.1206892978
8.95608702563
2.47978682284
6.89551594599
13.8119759056
22.4055984774
1.15756581716
0.0589188915832
8.2454292947
20.2834592563
45.5321398627
0.518613000373
4.42672541133
16.5846042693
12.4604766621
17.360244544
0.484563001659
3.95770725772
0.503827824429
15.5484712721
14.5397039379
51.6664594577
17.0705197047
22.2046791753
13.5139195363
27.9849607379
10.5820770321
34.6561312769
28.6781424622
1.47225689155
2.9665176925
10.9225452769
4.48562400122
32.2278795421
29.0833006941
1.64798241389
9.36727771075
0.626411004438
18.7089634716
25.0364632965
2.27881692696
9.92437909348
6.85036605991
9.53096277238
1.34000195359
3.37599338975
53.3673064835
7.94962865208
48.2594599032
13.7268545084
8.16763856587
12.9442675188
55.8594599331
7.80347325188
49.6015324283
0.376999222803
15.8614892885
14.7254540112
33.3234915157
34.3551918658
84.7695321959
0.501061072139
15.7015790919
2.01129723658
2.00014224218
0.918074753618
11.0497556244
11.3685763049
4.79932794728
17.5688627143
33.6402527967
4.4025897327
20.682798151
2.94666982146
13.5693953513
5.41501492925
22.8363021969
4.84887194319
61.7294378733
7.92517952047
6.93944329622
24.409632937
30.4776503342
9.05919228187
19.6347649297
4.01362496507
15.8077006751
26.584432286
1.7112302309
6.01790222588
19.2824194042
6.98929348568
36.0449482845
22.5730356832
29.5434167076
6.82758386953
20.0948847876
67.286950321
15.8256047322
21.5817083346
21.3753379985
2.37006509396
14.451347363
20.8661292013
8.6013747616
5.87789793142
2.877747026
1.76068085589
16.6750012747
4.10798301365
8.97898161264
29.2156050244
2.68242472149
11.0580991612
0.438753739888
16.7048086351
5.36671969453
3.9954306411
5.65753118224
44.6620890917
1.26454327646
33.2574247509
36.4447658002
68.2469319219
8.48980683575
19.255137549
27.0596599618
31.2978948384
16.4415008005
5.17703953499
18.9730490172
14.6599313389
7.32082973576
47.8038412179
6.99978270904
1.4571942716
2.80953313551
1.65034637924
15.361940138
9.53532099737
2.9621867727
1.51718358413
14.0463978644
3.47254209184
0.317636007802
8.98428287505
6.5779692403
2.43542772618
14.981575372
4.84697401875
14.9655763192
4.13371122957
27.7763592428
14.9216597962
9.04571588847
15.9793540911
15.8053657562
3.32909775779
1.89832715367
0.110140183765
1.12912787395
37.9313525911
7.05527861831
16.8869628633
12.1717603315
19.7391939074
51.986589192
2.63060726361
14.0593411665
3.11564874032
54.2762113914
13.7919589418
9.92369579335
17.6954473845
33.5823653086
9.642254448
32.600971265
19.7995296315
1.89542525251
37.5809315946
45.2380453234
31.06703997
0.834432155947
48.1911749123
17.1418829813
6.78814714819
9.00214171942
26.6536687107
37.1670997902
3.47958894357
15.4467266435
27.115954133
0.768131801282
8.10877005051
4.92761838683
14.394280613
2.30718274721
21.0527737674
16.8547893627
2.6347290774
4.35266393598
7.44197974954
10.6169795039
13.0336703504
17.4815389617
12.97140278
5.91296849259
0.386149011908
18.8317701685
8.51719833147
17.8955790603
3.85564338324
4.14457396871
4.87484508199
6.36073474196
