2.85289205352
2.74254034762
15.2222657541
16.51517285
26.0162392108
6.14228408657
5.69775552697
28.8301977894
17.1074686849
6.72098730113
32.6989662911
35.1236770579
22.0501230971
3.89439193904
7.08789440035
14.4885435783
12.9751058945
0.0761018163289
0.41322928327
12.74295966
7.80753196908
5.8218136139
23.8119255768
10.1199315659
1.91276710359
2.01599823632
18.2691896411
2.20831992127
40.0642977331
0.845077721483
5.58665455795
5.99741772915
26.5566105318
1.96021928739
40.9905413964
20.42432169
8.52617160791
16.4164039694
2.94126861175
3.11635012082
31.9419707426
4.61508714821
10.5640139904
0.877602570922
6.23520196805
10.5267615633
7.66575317679
42.3463171558
106.712418992
11.3943763362
4.37145408659
13.9594875482
23.2516977263
10.1922571669
1.15267720714
1.4364830507
3.28177019541
12.4335914884
1.58383896522
6.25767298609
57.0289668148
4.34937591478
30.0342868002
12.6385233308
5.83434704862
1.33494197442
21.9651094398
2.40594652
19.6972522559
30.771977498
1.42929154592
32.4457720395
1.37624810053
44.1753295938
5.79451494009
9.62625792812
23.9308092366
8.43273871592
29.8941366082
10.9381563148
10.0351741312
16.5344869067
35.22993612
6.68215900991
7.38171683503
7.56269240922
35.8862535589
17.097574786
60.3171254928
0.508885311755
2.65122660474
17.4387199773
25.6481603292
3.1709854348
2.15523785524
6.31661192614
19.0950286066
3.21506455568
2.16563826783
7.05763905431
2.62120791599
0.244291620725
6.62698443992
13.6550202278
44.0683352241
26.9089278284
4.8697567808
1.92186868756
22.7169049999
2.71298344778
3.07788667793
1.39495845311
1.78992708296
19.6002751647
14.3668653357
15.7345981787
0.269737900262
4.60325893289
10.6210466214
8.4422862665
16.0128307534
2.37150982351
18.4395714606
2.25842839572
8.27498142104
3.0003296374
15.7430696368
29.6624290281
3.82511579967
5.18802862612
9.91683822582
3.91293666161
11.8436124613
22.0410147105
6.38177092703
18.7466122713
0.545617849191
17.652689539
8.7291019558
5.25920942173
2.12228816467
1.15822458389
43.4659296909
22.3939067711
40.0956099192
18.1161702594
4.38451666958
0.0433554948404
3.33928082664
6.75679661866
32.7325097916
3.71348718209
2.44708222097
7.75179893288
5.14734232519
2.03529620459
6.18887152071
14.3591546512
4.54431194597
11.0363394945
11.1368071681
34.4705577852
3.17515594303
15.2280837848
33.5452912695
13.7832989534
0.56722246673
20.7932630959
6.64258622816
4.25371391431
2.29117010211
13.7955395684
2.05510464743
4.99203852551
29.3819810204
3.92223299323
23.9782101263
12.8052657613
3.99404105903
0.65172600514
16.0749007585
0.766974274945
27.3109253641
2.98397052761
12.5742028011
54.1562021803
20.8649478744
12.8373292168
10.8103371886
2.88911087868
1.03903427189
19.6807711092
6.04720508465
28.1925858938
7.59513672911
32.0105634691
43.5391375049
24.2348745398
23.8383634203
12.1792939509
6.90473753107
0.952801615032
11.2030839007
15.3371998426
3.14312904043
3.54152597558
30.7904082466
0.537388153921
0.961152121004
28.2492182466
19.8664896129
0.946956067522
33.5031136832
23.3744965701
4.55816851155
3.36929739153
20.9800582197
25.1737167571
31.6150473057
13.4129365496
9.43870579322
11.7061392546
0.945246831654
3.8147635421
0.298195149608
3.33918309262
13.6632198322
6.16412759308
11.4710159659
9.84096286707
13.9814972535
6.20643477427
22.1965487986
9.74835092828
11.2319839151
4.02205747045
14.7256028105
29.046982147
7.72904542062
19.0839846359
4.02932764362
8.8375871788
9.67182480674
1.22375991196
35.1377133951
11.6982912161
4.30978487432
1.99598488884
11.4101665532
0.906558235852
64.1190259503
1.77174690093
6.66928511855
23.1475216399
47.0114179641
29.9282576263
7.33186279618
3.08292150817
3.84251442127
10.3411661307
6.07395264574
2.28687531761
0.5214345774
15.5948768759
8.01892803013
18.4522820605
11.5759752029
22.5571367713
10.8937212501
12.7358765337
28.2843692288
0.157390170389
0.920884144456
6.82396452287
2.99325895467
7.24842075463
7.19449508938
1.09910978734
16.9664305087
15.7687949995
0.881049595151
25.1930452607
6.50122600663
5.47820802693
38.2912940061
5.94594833978
7.38368996705
18.8769074213
0.74131274002
1.14686634691
8.64657761496
11.7442805523
35.2189780122
5.35461094557
9.50996024919
18.4852229591
3.95892674733
25.7094763979
0.969266197405
31.16177908
