2.50792010867
7.40212724336
17.7401105979
14.6372898817
15.5457551678
5.24406158622
14.6687553793
6.68208442318
16.4202280105
2.89964200536
88.6945878228
8.42242359909
8.63671621203
11.407854467
15.0461670048
1.80907091938
26.3518391783
3.09402542872
16.2213834795
16.6582124564
8.41995575968
25.30905276
40.3606743659
52.2532247703
7.10897521198
3.38507599035
8.23301596587
54.8482571534
28.2263772245
5.65561133764
14.9603268514
6.26104551299
20.237812778
7.88701278966
21.9603287635
26.8504506823
26.1353740494
0.446068768056
18.4240519049
17.026181417
0.508700416825
12.6331141022
41.9109839957
0.233596633364
15.4226777276
5.65444540523
9.62051761845
8.77926957019
1.41805988062
22.188169151
1.09019610828
26.954907636
9.44131130508
4.1650768355
4.50666951394
3.20534366953
24.7022270695
15.5569899847
9.21129130803
0.0511486043802
25.6267119719
27.4768087134
4.14156667804
27.4338523076
27.3079154998
28.6140898528
11.8264470748
40.1520063598
1.51690213383
3.96551929459
7.6104908582
3.46429200918
1.37223916328
4.13935933852
3.22130998944
13.412869701
18.3605679162
8.16479597165
1.12880420572
15.5846107268
7.90573860358
30.2886191446
5.13347661735
22.5088971609
1.33444834664
44.792988674
2.85715682419
2.34530720975
21.5714859434
17.3064909666
19.9430237941
0.831569745314
4.28978017222
10.7542029191
13.0993328923
1.63755914995
12.8165893871
2.04874880199
4.03874953576
5.09483242542
6.19706549491
6.21048001155
17.2490827192
18.2873957705
3.56223693869
6.99677731408
16.1783595828
15.9908060392
11.5792840164
24.7606266048
15.473280442
0.229003771554
3.80930274064
7.96560083013
13.919817328
14.1588741038
28.1012286511
6.39198958701
17.1337577608
60.690465214
37.5404653822
14.4592356286
11.0577508645
3.23597029126
44.7509063453
51.1223896244
11.1390548861
33.6488794718
35.8527261465
12.9449518875
4.67563240639
0.716094467208
7.74978795249
15.1006604059
65.714100958
9.90163035359
2.26598310995
29.4536428009
16.3644116128
1.43768757071
3.60898133354
10.3612163708
8.72763241012
0.101625759117
7.37298883647
9.88509815625
15.4655962212
5.83320534224
16.6879572239
11.6171825716
2.05220841878
14.5461924492
21.4245327819
5.60092998231
23.4429191394
5.68937518267
2.74077572491
0.0363049240852
69.6424417193
1.91681223363
13.4662121137
15.3741520339
5.91258758864
2.541650864
11.6864629394
13.4171510214
33.5756333706
8.75404418008
5.77490480145
6.28620981246
2.54454685066
29.9717232669
4.95031185638
24.262535794
14.2674502136
4.62008171734
7.1247679511
59.2684608484
2.94988614858
3.51975775122
30.5401517567
2.37521692031
19.5457235346
1.51876128257
34.8953187592
6.57274130937
14.605403578
3.90863558294
9.35726113423
42.157886452
9.14031636362
8.01719306225
7.67718128539
0.962963339476
20.5892086567
38.5946392731
1.93298645501
0.167013284258
13.0074052256
8.22743899268
12.6836803912
10.1245978821
7.45470426816
10.4828957824
1.69018295663
8.63557886607
2.85188573291
17.7141376066
5.64077361817
14.3630833386
25.826531288
0.243769571124
5.64378015184
4.08503780133
3.72983335776
0.00243751923349
15.5812604131
2.91846213237
0.243834948467
18.5177723067
10.7437167379
2.16437387773
35.5356975956
8.85442795645
65.0005479941
22.2901644295
40.5618125429
27.6122964112
22.4247063745
21.6377037073
8.90061434966
0.12501765295
3.28342932687
22.3757684571
21.846529474
35.3504760684
25.3526717046
17.10464027
6.2014040694
25.5079021645
8.97253210012
0.978345840378
3.33587735129
9.89795782214
7.14330304266
9.16299076003
15.9767708985
12.4143854717
17.2332284529
0.263748238865
19.0336029934
57.6566467309
40.3322344098
1.75637539365
4.38140822869
11.6158111572
1.7317310769
6.81192457528
40.6434565845
5.66802365966
3.2361866788
11.3738353158
3.47123139112
0.851430139926
12.1646523845
31.6057962851
26.6887976718
1.10168360235
1.45998943817
3.17665725638
16.5315392652
2.66982663789
5.94090638644
5.39260838023
9.04368861377
13.4026669872
9.66119868676
12.4709693998
4.67696068447
18.8043858031
16.6969729794
0.932138421284
3.46332982787
8.21995153411
6.81405848562
1.3997912879
7.09470723399
1.33676746997
23.6275033689
12.2020705325
6.245274051
6.12077738066
41.7618369888
14.8165083063
0.399793238576
11.4213836416
1.80694772079
8.4039134299
1.72095047368
2.94691656355
