44.3188798751
5.25962626668
43.3640557307
12.6046354411
1.29838966027
9.79429156568
9.44131358378
12.4937915531
12.1256204391
55.7534790382
6.92426500605
3.40090793716
8.86071909139
50.8510487006
40.2052795803
1.17316721555
2.55763325261
26.0656603166
8.12427661652
15.2993353722
7.05863475012
4.78643659905
17.4728726532
5.83822720448
2.97118040185
10.7147183966
8.98292256721
11.7336886039
37.3076626569
35.9605230832
5.77611026557
6.73448563338
62.9673668284
13.7405805349
7.45979976504
2.32051925694
2.4473077981
12.8229727635
31.715022138
7.75149406215
5.33609341633
1.73690140724
6.12236600122
8.55527611899
15.2060846888
11.3280927368
0.3462400914
14.3327003023
67.2003566122
1.90647806575
12.7744866526
2.34259550819
7.90556861906
34.3183114512
4.66818888541
36.8159060368
12.9782589658
4.65825642915
20.6236885808
5.65192420299
23.2637215205
9.9701940158
27.9736888678
0.576895423588
15.6129035175
16.2547930357
8.03788466375
9.68483933811
2.11397514466
9.07151309801
22.5419787886
4.89266746194
6.27557913171
21.2769832924
39.3379277299
53.0083208476
8.20794817634
6.343161972
4.08661686467
47.6622458632
14.6733659554
8.61882467265
21.7991552749
4.05226862642
8.23185103709
16.3337388198
13.3777540013
21.7800380007
29.2255773204
39.1735337288
3.70576080555
42.6180823187
33.5153662249
46.8633956749
0.38240435431
7.23231642221
19.019519998
33.0783943016
32.7648444574
10.6488118616
5.42764158683
6.44147138147
29.3825506904
8.68054887978
15.8126538007
35.729604263
10.7335075514
0.107673074998
26.8498565588
21.1782305663
6.0555222373
12.5165564574
18.5533650891
7.97037068789
13.536591641
4.73238816955
28.4992813966
8.02171976947
27.4174326877
6.98931744927
4.18003736386
6.97731576296
30.8900264401
8.08967211867
11.5259425741
19.1234706484
7.40102022042
14.9158051936
28.6065318301
8.16942719708
6.71791836948
2.36210620144
35.5592268575
8.72404052066
19.0066932324
34.7922294337
11.7647281487
32.635504986
8.53281645384
69.7780833329
38.1707843068
26.4581954364
2.8782840662
3.84264677407
21.980656282
20.9134366046
14.5698013321
49.7697780567
1.04438505724
0.959153627692
1.4107203584
28.3714472809
0.894808758523
8.80455502118
11.7063153723
73.8758943138
8.73328461545
74.3550617698
7.41436436138
2.17574417175
5.58916822107
5.71823474944
23.6800758179
15.383284488
10.382037745
9.62414506393
15.3643956743
6.38342860535
35.4418849966
18.2093431274
26.1387704625
1.28265823357
22.2645073454
7.35972092505
7.49204051877
2.91209604577
30.2313594491
21.092511169
9.37514953588
46.4845444281
21.4609134544
46.3084528731
1.50349366113
1.69322652477
3.88850791003
3.50488947506
7.23937715652
18.8666976252
16.5285881955
17.0399002092
12.5415693691
13.6403299381
67.6073907449
28.0846262994
0.558377153931
37.5430088926
21.5973486532
5.14222621279
37.8342967087
13.9486933547
37.2686176012
36.5576917486
4.04401496927
13.2389247151
3.58661951404
15.0739753635
3.01178356728
22.0332113597
51.1002283542
15.3013479979
2.23495502573
10.9010115227
18.3269771408
11.6286912404
16.1798253893
1.1674039296
16.084963499
11.0017609449
16.5839299122
2.15649023455
0.0311536912488
10.544796268
3.76943767155
10.3168321331
0.332338132241
50.127932587
0.695376290325
2.46948493917
2.80406822616
2.21124991231
47.411662359
21.3028205405
86.8897032048
4.16374562415
4.85506222197
10.2979363848
3.29516507645
12.1990231984
14.5572978724
31.9695427263
12.7112716592
0.704076919761
36.9124684554
0.955933114796
20.1804547396
32.6154814021
20.0922549237
19.6831955638
18.1207069567
2.66548290866
2.94406785195
22.3311910272
11.4769990249
13.1241972316
12.8551610371
11.4057353051
15.4660119703
2.19073439325
8.74102116397
1.80216089023
19.8224293709
30.8153284932
2.10793683061
24.549621607
5.4978365989
30.6629834424
5.52847821544
25.7457035893
7.27654430501
9.35989561517
21.7973464213
1.5501350553
13.0402619138
48.1217822954
40.0482679416
7.29894861133
10.7593003507
22.3750410532
14.2091465011
2.15252046919
0.881277391184
12.9842516506
2.0494220573
45.5360226116
16.3959899494
1.61144820487
20.8817239401
14.7173070369
10.4585227794
3.57525584697
14.7588580871
33.127902447
16.680682498
17.4694721099
9.36570657677
15.4663664451
13.1518523408
39.8643573998
1.13457329569
94.500669513
