1.16889847353
3.92641080434
0.714797016442
32.4443394922
23.1100868904
8.20452286108
6.69601063352
5.26361427577
11.1802464486
0.894655869778
1.42316572978
13.7495735425
4.33516053153
2.93155986897
20.1057906815
3.81395645569
5.45201292153
1.31392310433
41.5955343041
0.590114251729
23.1179892592
1.51029974751
56.2648221072
0.895211329822
2.88373778577
19.1176117019
2.01628109177
54.9126527419
9.83149674878
19.2766697824
51.101871458
0.620233785261
5.8909332064
0.940952991994
41.104179265
12.879428512
6.03650805084
26.548797192
4.69629394442
43.5567187473
24.8340485972
6.98896871262
24.9222863091
8.52885124853
8.00926553743
30.6287341564
6.36698625457
29.2049963056
4.73113491018
3.65844416271
34.3664414269
2.64534267798
40.3392548109
24.2059398475
30.3109608226
23.4276271426
17.6272523297
13.6861469401
30.5757833295
14.2762186456
8.11637664151
1.50999461586
10.9807361993
17.8327865341
1.52736818996
6.27653731194
26.7112294979
0.920800680365
47.7545406804
39.9271793828
14.5829856346
7.34818859369
0.650761380806
64.3971171361
8.78177398199
14.465398227
11.6294984313
1.60379335177
14.4203294173
0.318627947781
14.9954752773
1.96232825438
3.72711473135
6.39679664097
30.9542317681
14.7424142385
12.3214809926
19.9686937983
19.5597358385
28.7396694767
4.52053836789
11.5175746853
13.1615082033
34.4351866911
1.88701964983
43.9076645418
11.9399275399
4.43400184463
70.113417955
19.1165380021
2.62225013971
15.3249551352
9.6110895876
34.0737467668
14.9499991561
7.99607510715
30.3011383653
32.6804581381
21.2668142617
15.9326920571
11.7894397407
6.1681128752
0.421601023262
1.48917303505
0.908365260966
11.5207054694
22.9075054822
5.13975456199
0.116671328623
13.9175773093
20.1339866063
65.4176582629
9.51342077901
31.1878755708
10.3971696836
12.917510047
4.50351772233
8.47923994067
0.426210658872
50.9549689329
1.62511710776
29.4407496743
9.96235946865
1.15416610003
5.09071841663
19.2528364746
5.50823707661
4.1793797256
7.21593814308
13.5470961341
4.27212566628
2.16714007376
12.8652834473
7.62373205858
7.40088977652
8.00882237848
16.8351427238
4.649784939
24.5721938109
6.23133172952
2.57884468609
36.6883214895
22.0729302153
22.811340486
32.6914684853
34.9231443593
3.06947770281
30.4103711438
33.7559339636
45.1226814606
2.82215501194
5.98434129665
5.56435586692
0.568671279057
61.2157176423
7.89264320147
48.2940790573
7.67629347727
24.4554451267
6.86568032247
9.53509401785
1.88547932337
6.73312696331
23.5819983212
7.09424994123
15.3046483341
5.11629414843
16.6867595735
19.4497583098
18.7376324865
33.7297088633
6.54292735217
27.6869014167
26.254363612
6.28987493469
1.19367623533
27.5679403701
8.24734476591
7.14116067654
0.393550074155
11.1123794723
32.5797850025
24.796287315
22.9996299449
4.14517727093
47.6322505137
51.2982647982
43.9122638094
2.86439410702
7.99600480721
3.490538112
14.9548125029
11.7164537953
25.3336734087
12.4125057156
25.0802198352
8.24940380524
10.3396995026
39.7836784939
6.08171692256
5.37479819085
0.705248208403
34.0407185416
5.42594413044
4.03076750471
0.9825671876
16.5008002039
61.1665766262
3.71957319697
13.1646913633
11.0355920613
4.83256444696
11.5148253548
1.16637924512
1.62408601026
10.939159608
14.7626013959
7.01460556296
0.798490656606
48.958527717
4.8856458102
15.4347453681
1.72431910441
20.5698365589
0.252341151288
23.2398712157
52.6852864553
12.8936054347
8.18490994872
12.9919318814
5.75025156321
1.12154336172
1.85183562366
6.30596523869
0.701830486123
7.75599172704
0.464566590112
6.90332210632
4.7355907704
3.06444365439
3.82103159822
2.53601040696
26.0857819753
13.6017109984
6.12096037093
12.0941768985
1.76541321643
24.475160418
1.11245163542
3.85182719255
46.8661993514
15.2284569041
10.3958560423
36.9622932124
11.4155647071
28.526083482
36.6776887837
8.6458115158
27.2872849383
26.123781244
9.22212749455
1.62246457734
4.24808455735
4.28498595337
4.4031391548
0.811544316451
3.66149909881
2.90071476113
13.4503595804
5.64113324408
5.87036673684
4.03620886219
19.093105851
7.37747460455
44.6467841406
2.25348637836
4.48173430044
13.0363206612
33.8820705972
1.54972747249
6.96147714345
3.0102782776
14.6336770269
6.33228116782
3.92708585715
8.93803117902
6.47663906831
22.2158626867
8.60803465592
6.08227140287
