18.4238760781
3.66346668129
6.84853992047
26.6920690364
15.0578531716
13.2582821393
14.5837376308
42.6633837586
6.06156006357
31.406999039
10.9783159347
12.6893264611
33.2709649921
4.69839699563
3.65061019332
4.74033299304
11.7923319904
83.5305233216
4.87004237381
17.5124518111
3.12610647293
10.8005710687
4.3810884778
20.8597740512
34.307330974
5.81499629507
26.0281621674
28.7777105642
7.44078086364
18.7538625883
2.88943135446
28.3618342979
0.160383461653
0.232436763651
7.53459145204
8.63282484666
5.90430721063
31.4176404534
3.84220839103
22.0551986909
34.1364166196
0.110933729488
22.1758917361
13.0814904897
38.4077771953
15.3539382535
11.9842836518
9.4955879903
8.40183352939
19.9469085294
0.130043375962
11.0933067197
7.24089839578
20.281065952
3.2761522254
14.4570651578
2.46040674026
7.65256343277
12.9892407008
3.1177566682
13.8296636978
46.0535849005
11.2510853163
8.32191382006
16.4306857208
3.62028742962
5.57387431168
2.5060151104
54.6356268538
0.908214007868
9.19325222067
7.56863219503
24.4727968074
7.35887566008
32.5228231404
8.97408706473
4.40830729579
24.5973737237
3.05528717801
15.4980311322
2.21240053444
9.9716824058
2.81577848449
30.6455677527
16.4121167509
64.8813006885
15.7244610467
37.8632925613
5.32419161958
2.16001444509
0.67769659402
7.486291602
20.6774044545
21.5360115014
17.1763731143
9.29061025532
2.74309565092
4.46164714468
17.0211672997
10.4403628801
4.66133799308
8.76142404245
31.6440150191
23.9821996984
3.65911043918
8.50994802149
9.63197708182
10.65576251
0.248065986332
14.47421882
0.807686787983
12.2892091336
3.22988809545
27.4853779285
33.5759392877
32.4857594226
29.565861437
13.6403643692
29.556091557
6.28268893035
10.5285770944
26.0881043796
2.68111702784
19.8727652282
7.60231508561
1.49262628594
3.92602454773
46.7096699972
14.6141332009
1.13294245109
16.5710500974
23.952719142
17.6423416881
5.753219415
9.88873522059
8.03089693804
49.2355631066
25.6850874741
31.2642468834
13.2081766264
6.93031744828
2.52544665258
15.1891735886
22.2730846478
21.340642325
0.726807942742
13.0638461582
38.1772245435
11.5747637396
6.77177681248
10.1860863573
13.3604342538
7.95614192004
5.46290672561
6.65616032209
16.3116513345
41.2220684448
3.34665398935
14.324223105
1.96226945617
15.066162332
1.96091790211
19.6397088955
0.625628906441
6.2871134447
8.40031202282
0.498473172878
12.9117511301
1.74248164513
0.047718327612
8.65898477334
8.42506352634
34.9585344432
26.4786796257
1.40733077114
16.6533243191
9.61698115698
7.5686563714
15.4102361207
12.3151519789
8.31040033468
28.0901674117
56.8159013354
65.9743635176
8.56109229871
6.37149421571
5.74317964377
15.4302608598
4.68001385364
6.32424719974
0.86243575739
1.52290097609
14.7215863855
9.50233784631
10.0334625742
22.8922676033
17.3766267505
0.615373206294
5.08697076681
1.35613113581
13.0178125171
9.70073639897
41.6864105718
3.09243685325
28.9117425369
16.712430112
1.38920418386
11.2042427391
3.18948968114
8.10727457619
22.0631790468
1.99611129141
14.6868490307
21.7584452286
5.54618221528
0.260790413647
12.8226167664
3.75646992384
18.3254349124
4.10071946702
7.7285913641
11.2883565646
6.83851499015
8.07278543584
0.765893902787
6.69862403947
0.148674959742
56.3733860518
12.2160498537
18.9408600339
50.1863080666
1.43247109755
67.9357017117
2.5804613835
5.98013353307
24.1179694556
10.3646922218
15.406285707
9.83925605394
10.9185392168
6.81499957938
18.9604890823
8.22836847552
18.1313244807
3.82680379753
8.87496165299
6.95377315314
12.2654356096
23.9728470774
20.6378292066
14.7609847189
25.0772130828
16.3928208687
3.08914781809
3.35717339228
16.3622086828
5.85349520557
16.1281537091
4.06050752772
26.1363441152
4.58797695127
91.4272182397
28.3426451848
1.68360336754
7.49716911547
1.93402455318
9.92069833383
48.4289643779
8.69322016413
9.34850326152
3.65663816676
3.36485665853
10.5165165192
33.7082377156
5.9622012068
23.6191619832
17.3213472503
47.0546729316
0.378895539464
8.76019031479
3.0403638164
1.26079460241
22.1072163021
12.2324553779
6.02574263212
32.8977490552
2.46794606675
6.06550949188
3.43450564094
3.60855664973
2.40108666757
9.94744562389
13.745537632
19.0088483072
0.962037877286
8.99983172151
26.1637179947
17.7801966972
15.1546987769
3.63295509649
