6.01783023778
26.5598598653
3.05087089376
5.0778087397
10.3132246979
0.561795327225
31.5516774953
2.53211966688
3.52630844039
0.384567045552
8.85134088911
4.27729328423
21.7519199128
18.726538945
10.5627306403
12.2710191071
10.9720456966
33.6875688099
17.7575257118
17.6543881119
4.57090170257
14.8782893233
4.74190103516
16.0989257765
8.62486415576
20.8815108613
61.3358536054
20.2841636468
24.538562708
7.00302503945
2.17190387666
0.484105009127
17.7474859311
9.48776639386
4.84470158753
36.9469913529
13.94395074
44.7497145193
25.1614613441
13.5334227058
2.72961216462
19.2251401127
17.0548726095
0.129629175157
11.5865722588
52.8616377949
11.261286082
9.3354633011
8.46703004298
18.0619533651
13.8813371481
3.69520787923
4.06100613587
29.7093908991
20.9246983748
1.30900268737
72.2685280428
2.39512789796
1.1289723653
7.62620899503
12.4389339643
20.3995422029
6.19663101434
21.5750502368
1.46261168153
44.8696608907
2.07275408552
29.2149977783
7.96637021052
10.8610704849
18.9620753378
0.86746713204
32.4399197036
16.0703592954
16.6889951428
3.71316022809
67.1826356225
4.33377802467
12.5649755954
3.28876548627
20.9597398974
11.5846665958
11.3627503594
27.705057463
18.1588824226
36.8308901533
53.2982970196
3.62961594568
7.42110804122
13.9654543833
12.9832712951
1.85237050682
26.6069773332
10.4476551751
15.8113763964
11.0989872774
5.24911270888
0.067763368642
0.459125374504
17.0955368731
30.5036816067
10.4809025269
7.55896922209
5.15041196194
35.3988836407
20.4900074162
18.7697139968
14.6371671354
25.89886288
3.83015538643
30.3934838485
0.180144345754
2.71753851407
9.40540263194
13.270686456
21.6234732156
9.60770981485
23.5326956438
6.16310094382
20.0422715387
27.3540732731
0.551800296265
0.526122885324
7.1732762969
1.60669432354
7.26784100274
6.64719944755
2.71818127546
6.16582019104
54.4342282325
30.0551230111
29.7036354082
13.674624441
54.5920637567
23.9319123182
16.2869258636
20.1469013646
13.1595202911
3.76977734284
20.1336167881
0.0229690273434
7.88371584962
11.4935519247
2.32506511281
25.3653330102
40.9658232531
22.774987698
26.9804383869
5.03845730611
6.67895260599
2.24482142732
13.3612523226
78.1454507928
5.59276697731
33.7340215557
3.95184010683
20.0189954305
25.4142966841
5.23762232742
13.6312431738
1.71032723981
25.4914107947
24.8892490244
74.6800222338
0.530097293688
19.0489826932
6.05546827769
5.23509149866
52.9065418234
4.79029481948
10.3722736213
2.03972664517
6.90903153766
22.696718594
22.0660134428
15.9701236922
32.5457631698
15.7689770323
5.9295859276
9.65161491639
0.0221225494162
38.2204266042
0.313418385404
13.6219441058
17.9338348447
52.6440868038
6.23066237119
28.7030637585
15.7577623291
16.5135844334
12.4795030851
7.54142854483
18.4297241505
12.7658023231
4.23189041038
13.0623985626
3.75763303068
0.210858639922
5.83722284894
17.9737642887
9.15726883628
0.395715140431
18.3548946948
15.3053992432
18.6426986111
0.192468917038
31.4557655666
6.94210911063
13.0745439142
13.8144744631
11.5382600484
5.80982256493
3.86192621837
14.9680462723
3.00413355908
2.04779006627
5.98982827791
9.26808766623
1.63469511972
0.717960566792
6.90918816267
8.93139045521
34.501905785
4.31872998252
22.4586373795
34.016293105
9.83852101038
18.609873808
14.3378897144
5.35284097555
2.00399487031
17.9679702473
4.74990085649
4.59340082274
25.1139207623
15.6797804836
10.0976614743
2.45851688661
10.0842861788
2.15349082411
25.5886885096
2.15138745468
13.7556323394
42.4119854165
10.7417396537
15.5690018251
57.4904333658
20.0708144289
2.95754453756
8.15873891841
5.88675433618
12.1868962869
23.2179250173
1.93216100851
17.1424436658
3.78635894654
9.56694831577
64.0678314781
4.81640493274
6.56435855556
6.46692266489
7.51257199551
15.0469993205
3.07568324121
34.5535168735
13.632268749
11.1519036448
7.40361453168
8.47264005151
23.5550451568
20.2208453093
19.7989503284
6.07580645613
7.68360295156
28.0836899217
12.5601206303
7.10442911302
36.0672421265
25.3315096785
0.600353413913
8.35037609935
3.75309132083
13.062032861
9.17657028778
2.74327016502
14.0155754096
8.71996903969
1.03392947285
16.386193437
3.8702167948
20.7173945271
31.4338635911
17.5932919442
1.79833468475
4.07129932296
30.1737894886
4.45555624376
0.846413997303
22.3452548297
6.37216644552
