18.5634275608
1.56227204508
24.8083034417
0.533816048918
13.4750106275
2.72003251789
20.0040811737
2.24638153964
0.688019225705
13.0744405351
31.009996257
20.9553784276
21.3960404438
47.6983711567
37.8496425649
31.6914298279
18.0865474918
14.7073913941
20.1923841507
12.3632970841
41.0715040547
6.26618887625
5.54042287826
1.92649577722
0.737671558026
0.203464220154
16.7137412
1.10462941569
1.93757071918
9.30409002175
17.3735903916
3.0663212294
6.70188583026
3.77029345072
4.0260274652
3.34030161702
11.4203117528
8.72767654824
4.14910120762
7.44234377166
1.35010726645
22.5460609882
2.0000797027
71.8753737002
3.95595027988
10.5847974433
24.9253343426
12.6459071863
7.59363420561
3.62649477163
8.47647803303
36.2924308626
10.9862765372
27.3543708788
2.07178085394
7.37590467496
16.6463467891
34.2730348425
2.17905172877
19.468347598
0.923868536683
0.476948077657
37.5117620418
5.20777124971
21.2809771284
4.11661638756
56.9569867124
6.31772374026
0.068856778702
59.9923229257
14.6520998016
20.895847073
52.8432989749
12.1738153379
6.72672216175
1.05030464197
13.3585564073
17.9112096484
25.6235757239
77.0951757642
1.9993859111
20.7500911393
19.5169358162
33.2704847682
8.76122989809
13.2860402287
30.2790720495
10.1549409557
5.11947991285
4.29333458145
0.0762529146674
7.17651715882
37.0245935962
33.5214775917
1.65763707654
5.15002294989
2.27917363608
9.44994348052
3.13728873353
8.94884235837
2.2742399911
9.69679156186
12.0137636319
1.61999881616
27.67136268
5.1972770763
0.121586695655
6.76855249005
29.9137537672
0.565549404577
13.999278228
0.703574469942
29.515914687
16.5984419284
38.1923817719
13.1850905292
5.5507463418
12.9220309314
13.2980233349
0.352434236265
16.5785463099
15.1811482998
8.61747308189
32.3986594527
9.10173743344
75.6153520068
8.68735563431
7.874830199
33.1581988538
18.7113823207
3.69005164351
18.0113691627
24.1388053078
2.37761606161
8.30013803801
1.37152736759
1.71248169244
7.9991088819
7.23526061827
13.1456225342
9.08965040765
13.4122210901
7.05213985612
79.8711636002
34.2686114243
56.9609305348
0.985654304877
7.8559682631
25.4333582592
70.093326623
52.0102965609
51.8176186446
14.7380555542
9.92001306324
4.92413612759
8.8614784061
19.3438912427
21.6394949775
14.9491009424
13.9039162703
17.2557833091
44.2989258095
12.7846622171
8.66725270584
15.5627303769
23.401387636
17.6471529042
10.2954447792
43.3597997215
6.43623950736
13.1308140871
2.03627731679
6.17232190653
11.6780856095
11.1993456075
13.2758503324
2.97965219467
5.86408598487
43.2028287657
2.24887379213
42.0097843642
23.0209307929
10.6201555823
2.90665686594
14.8785317293
20.7069079443
33.6846166224
3.77276564222
28.7126241295
5.7108482241
0.458945053858
10.6026104564
27.7397278357
34.8852192668
7.60994751341
4.46902812429
11.2722533955
134.002237285
10.0890168986
8.38605781424
87.2322857004
3.75776674752
7.24678144855
17.7118980796
6.1100157701
8.72375693211
8.08828789395
57.3257059729
15.9832252049
9.90454149759
2.09753452888
19.1464602603
9.0383597082
38.7055178886
27.3092120855
7.91412527571
33.7853039313
35.2692551984
5.9442033804
4.59409887744
9.00083379995
5.07109615775
1.60497831529
19.6659169232
15.451296501
3.51237454861
12.9454856824
1.06834004796
91.6375839025
7.90843499453
4.94335349512
23.8964589543
15.2080263327
14.5005594964
24.4272336103
9.23844923418
1.79094364158
5.93195604746
16.6997474521
50.1358804306
17.5444428258
3.48721158453
25.1388421182
6.32718539292
15.1072316801
32.7318439984
2.75793373223
53.3680149374
0.5800990205
3.97172406435
19.0461093638
15.3154136033
6.18178224415
9.12684140775
21.0848964205
8.59282946725
12.3892542866
35.4625258769
11.0686708366
22.006579878
13.3578642651
26.6744185059
29.658860488
2.76767190602
6.22338244467
15.7110404097
4.42672198772
4.45947034141
1.78262434017
13.3965556914
23.5180838145
37.4035181595
24.5086721067
7.28379828614
5.83380586066
11.2104017604
0.0222156096639
17.8971097844
6.90619167326
48.1690575708
9.73060626213
1.36093458898
6.8173159938
10.0904568356
45.6745809969
7.83937604063
47.2057290976
25.6657898228
0.452996829689
11.975245752
8.50912447542
2.20852607241
9.85838151234
0.311646179776
0.839961098976
37.9258460991
11.6458954179
25.5200976084
22.9389663126
7.04987457017
