20.2076920258
8.0571561178
26.3308568424
17.4837287616
11.269251164
18.7998025979
4.63606182892
14.0265976496
27.2257765516
5.73593981287
21.1120484388
7.44054428706
11.4010700236
2.305510974
1.93961468193
43.0116398264
1.29620050131
11.6653589944
16.3174389967
22.0591558647
3.2728304851
14.9618590241
1.33032085232
0.0526651018939
31.0502817272
1.22180743112
0.905145249339
24.0985638489
6.31203327498
1.63553485149
9.86511775884
6.94455071945
10.1861334241
42.0433869234
25.1211409971
19.4090833877
17.7871052151
19.7517313735
12.7498262953
50.4653328091
0.459902680515
1.15053766809
9.26748839718
5.88960069982
25.043188625
8.23023597039
6.40142646249
11.1197407495
17.6068926818
8.81916316205
13.9567463122
3.95874249765
1.13946036812
27.6339969606
37.227512944
7.96119380841
46.2407864582
25.8504495947
35.48080805
14.0609310893
8.65229996964
4.47795823042
4.48875400951
28.2561344744
6.86386105627
11.3371280641
15.2712703914
3.15374562183
0.62435992354
51.5090885938
7.64930659344
23.9299736436
36.110448696
72.5121988305
18.1028453024
27.7949166252
6.59798512761
19.3627410591
8.85732736454
3.50869268761
1.11265294601
16.083236094
19.5006313178
3.93775129238
4.24704246007
12.8767527142
0.433675314625
3.61015978213
1.36034165558
0.550353446888
39.0784673765
0.619238074085
12.6192672531
1.6672710348
10.1828686229
39.9497604632
5.28322458724
6.85152267359
9.12968492534
13.9757418535
16.9353843243
3.05607118203
2.02297005337
13.5315356246
0.355758435484
27.8351186573
11.0594849733
11.8532523104
3.65469058498
8.89810675607
1.32791067961
28.9032880261
35.3678566167
4.60202795707
1.95720331556
9.81234530281
8.22084158909
20.0944423151
1.61899944731
7.339450119
26.0305536813
46.2616899326
10.9433715548
33.5936573049
7.30239483791
19.852540951
21.6820946852
16.5443043334
5.33492896096
17.3725008056
2.42200645161
17.7821456117
21.4634600747
27.0869304242
6.4281127502
0.986371655857
1.460124618
10.7770566589
27.7172794897
33.9493232681
28.9589188434
4.41838288807
1.18843449704
1.65977023038
33.2658737712
17.981311962
4.12411166509
44.1314386525
3.57924364431
3.80194949988
23.3452499544
1.66772718229
3.64262612777
14.9574843831
13.6764897717
10.4732661534
1.09332869203
49.0393540023
21.032740953
6.3021407882
58.4987098319
11.7432984504
1.35789937
1.39723077575
21.2164881038
2.96036563891
1.32814967304
28.5165539005
23.2716902346
19.3585033258
1.98125187139
1.58132709667
32.6423812893
17.5242927578
26.4468445307
27.8279183789
6.48012540123
2.0545157551
21.535989421
50.3754285849
4.16402617263
5.33358827717
21.4593608906
13.6874367946
14.9235348737
27.3439973504
33.0448291675
5.27037282098
4.10135530227
1.32672803715
5.14653506325
22.0999467309
19.291151448
29.0481401557
3.86238901092
4.65117501025
3.17130397325
27.3991900828
19.1169176216
75.7696508502
5.02068414814
14.7917586357
4.22161428726
2.71655554232
8.04313238726
8.46845878677
1.12097261257
2.59668697822
5.76373352104
82.530723595
3.3605126105
43.7869932803
10.4135858331
17.4861108901
4.63247692073
17.4847982471
8.0129321834
14.8969558453
17.5332388963
2.12072507886
33.5003612053
34.4360626163
1.14874828108
16.4310967787
5.95857894166
4.9783709097
8.84507615623
18.5807158511
19.3532211055
7.07852746882
2.10444573145
4.31463211247
5.03202790131
1.62506517627
12.2621712394
20.050491013
32.3304880412
1.82883852878
4.82628298071
85.7581085131
19.1017557554
1.68587168832
9.50294249059
40.7136966589
10.2934906722
5.44627147689
14.6334378808
0.574460457238
9.86318447484
1.45391516048
11.7719603402
11.96864933
7.31814445448
5.96760951753
17.1451343709
7.08752652986
4.20227633987
10.2290733368
11.3536865118
29.4433811257
0.853317571642
6.83688062557
8.80261198328
29.8109191996
5.71401621629
5.51364770743
3.57125661316
4.512656816
0.445176086376
0.29834439033
53.9973461241
10.6893826063
3.2909588194
6.24352378549
5.43920306593
19.1708137186
34.5658168173
25.8176935314
27.5583627994
4.44587761004
24.0431026832
66.29096179
19.95457653
0.179275418058
81.7530921958
23.6236648461
2.29375222582
2.77184171907
39.7558776058
11.6583775368
15.162591298
35.3787647715
27.7428535557
28.5384686364
57.9991305309
5.80672290462
2.4306636059
30.2296784782
11.0979806042
13.5677902143
