11.6070457329
15.8809408942
18.3067820761
1.9483020073
16.2939607396
13.318794885
26.8803068618
23.7292131882
5.82535554206
9.80824055588
14.0940593872
0.493548563569
4.74833754422
26.029612922
13.0482702166
48.3752239155
2.83148543265
12.9328043899
23.1664387203
13.8864493987
0.198934302384
12.0247526078
27.4677256282
28.0224392253
22.3705225129
41.3485245598
1.74012097805
26.4822355576
24.6790493838
22.8864726383
16.5692878458
0.896959350087
25.0601945626
0.652150785222
1.87897204113
6.12188870304
44.8872678995
2.90403687785
7.71655435852
3.65642032801
3.67074236756
35.7330008453
22.7668651888
16.1098814233
17.9615795911
5.1597603452
12.7748991524
5.01502836992
10.4622737127
0.988667204533
9.73522389028
21.0921116748
3.41825078191
18.8123231503
7.21492492255
19.8267016817
10.3648460126
4.26383919152
8.74182752129
33.8715502056
16.9067298398
32.6796786219
22.7455419996
50.8756287803
9.34223347068
16.1583776436
0.633655088041
3.21639912645
7.14975019316
11.3422184312
20.2299722682
12.3712159196
14.1052163842
27.6392223217
32.7841307752
27.7107039843
9.72505953461
17.6799596468
11.9177203875
19.3659740062
33.8768248654
10.4386700675
0.913373917928
66.0195706667
2.21008928487
45.1786730023
3.67906090188
0.624092116891
6.96750601774
1.90703839386
25.5846435481
1.65590314187
9.90536681388
9.22404273126
16.0437437693
46.3306018548
25.283042852
4.36182081755
11.7667659827
38.279205353
38.6490014482
0.00804128523266
3.28958907871
16.3296630164
3.95479801101
2.65181142987
13.4384734137
2.57498321718
15.0207755302
6.77882132356
12.9327022992
10.2398128998
6.55123536401
11.3033699281
16.339168077
30.7699425703
19.9256575078
33.271157563
29.0253343308
2.93618190547
13.0953060285
7.48536150659
11.8175439996
2.89016156459
43.9286174972
1.33418282271
12.339667445
2.51183712171
42.9537273564
6.72305916702
21.8852305759
8.40796825646
23.8980785015
2.53220209296
14.916708636
8.05563793582
22.9597696579
2.84023533251
10.1784000958
5.66923662307
69.0242065137
11.7870430527
41.96184424
7.60023343189
7.85513140968
10.3407743546
21.9829486202
27.6170094747
2.27423604452
50.4822858321
18.7128638251
23.4488119496
9.73470527105
1.38308072409
20.8495054189
15.2631405957
46.1574853365
84.0777168278
41.4397373214
6.05090148518
3.53556358688
18.8639502305
30.9596933635
4.88131902718
19.0105974242
0.239095852626
15.7120489765
0.956679898637
49.2169508913
7.47934828483
6.10854963272
2.35399327099
18.1414329762
1.20500731158
12.6802811275
13.9614617355
6.53101527723
24.6775544893
12.4682963214
20.9601305689
32.3105044178
12.051702343
10.437613174
4.56307505193
9.24141046772
9.07440544016
4.93879146259
33.9765635554
6.82484401719
7.19504163864
23.7090188496
7.99361391609
1.98540505104
1.0869175365
16.6753932292
2.2677057368
10.5268802793
3.30082618546
12.466913375
4.87989620367
59.9932834481
19.7422492917
13.6128626501
27.5365114774
76.536531094
3.99468950947
7.74392618853
9.07688779793
18.4918151796
7.02554611529
1.08843320197
8.17300193614
16.1898076575
13.0456624617
8.06551318463
0.916942348307
1.13935015715
11.691622159
10.1833479591
0.880423965445
20.3191694842
4.4712343581
17.4211123715
4.20027138186
22.3878835081
1.88097196869
12.7270821469
20.5727984659
15.5337263947
14.4022407934
2.92281202706
0.598237616667
39.125274006
23.4482185959
34.3573413527
3.97560308315
8.07768447973
21.5056355493
1.56630977956
9.46732841562
5.26939236976
12.5032269724
19.4920922868
31.3912710797
16.3742727991
1.14743624712
24.4723338764
13.4511381956
3.31628713239
30.8224131776
6.48771871085
14.044675052
18.3210043671
13.5905067361
34.0201344998
6.24725537018
5.48012737594
0.582398042866
4.69857787379
11.494936223
0.801679590614
9.50408473568
21.9708483956
11.1021492382
6.62155521755
2.5662241818
3.11577077557
8.88091186758
38.7681950639
5.47052012552
1.26729404322
2.523300268
6.79484427951
46.8464877117
5.70690123682
4.69860441171
4.99704430783
9.83331229453
14.9408431889
11.4271617477
20.4367488437
0.350430541491
7.91174106998
9.33011960377
1.24449860237
4.93603026108
7.89981698333
6.72570514906
1.82576203636
6.68040457521
36.1776788853
14.6348181179
5.4607881916
7.65880823677
21.5873055099
31.0905992949
0.539588108587
52.4442578643
3.90640502507
44.7634939549
