6.95431177075
5.64639603601
15.0423141639
7.1890007729
4.03331569862
2.51983364024
0.0158843214263
28.0393981956
2.41264768766
1.69223927774
3.8512202187
8.72088088361
0.0430892487211
3.45682957777
0.757846509867
24.1696709341
2.40827889895
18.304015611
9.06232231374
31.4685469765
12.1683446885
24.2677606191
7.14539342716
8.20825883548
5.82894914041
0.200303771673
8.35111824473
17.7909069721
10.2251602217
11.018348125
9.48165363001
9.64197439517
21.1582154662
70.4519152431
2.02471430815
6.09097846375
1.01589598781
3.16989281576
48.1898824376
27.2866271205
23.4380914783
6.09949718077
20.2435784446
11.5290000775
28.9124503472
8.89047350679
21.994250094
8.02190345416
9.47682195405
3.50456670998
3.5234607316
45.1015501951
3.62821739498
10.7589851639
2.70303968892
30.96433259
14.7829049215
34.6711519971
15.3050299224
4.43119966743
0.862742180805
14.5613082009
13.5718251878
5.38957911227
13.1104552113
2.09058532428
8.31380486587
6.0676765749
17.2175210776
1.72817248424
6.06465365966
35.954714765
101.836578736
6.01053417569
20.934925072
24.3620572834
2.18213383142
39.9387878716
5.18231688826
52.4386440628
46.1578882478
2.96307234426
38.250252236
23.0364264439
5.8142908443
42.7660030297
2.02089877377
8.08140725103
21.4616285466
13.93294745
6.40227326369
13.8276942591
38.8867864599
20.4307815093
7.97910751669
3.63198048577
6.892061141
45.44021169
30.4796215622
9.54635538922
10.8032575243
8.6594279743
5.30744393455
11.1915574387
22.8608111967
24.0020290023
24.4302871187
52.0297371305
7.20066266332
9.12718004712
10.6360905953
13.5791018299
12.9712399627
56.9572450458
3.85416637046
8.22684932399
15.1418566656
2.94167474805
4.1836764876
1.86389078438
5.84154235961
2.02785627577
32.5529835861
60.2202101181
6.65072598478
32.7769546784
1.76135175093
55.8974043943
13.730553959
16.1647232814
1.44968768489
13.0569359757
4.03905164198
55.0161980621
11.0454239069
9.42849551178
2.37698484605
2.68909865176
1.98191580451
28.0513144344
26.3717911843
20.3533483083
7.52394110431
5.62685786073
33.9437099165
8.5337841791
2.0565616772
0.135005171172
42.9025918892
6.61430881071
45.5618057678
0.272945434808
41.4661404621
14.2117768485
5.82177261325
55.8626480621
11.5609531837
13.1651472258
76.9579646597
32.4415082306
8.372455695
27.8496005012
1.76736261112
23.1447833368
38.4481186927
5.95409215612
4.19877543673
1.49890166637
8.20338250855
36.5672129015
23.5573712986
20.2933034408
1.1133343177
20.7568501452
3.2011678597
36.5451062161
35.2902264843
11.7367855707
23.1063881067
16.7815209247
1.92605882661
1.15760117017
15.6159878676
17.9113157821
1.10982882484
49.3163590734
10.1604524723
0.326887816681
37.5495687557
6.926354076
3.6928374377
15.25584729
2.70365344066
14.4625032551
19.5998789538
5.7826942794
14.3877953678
24.865382591
44.7271115224
0.447229093452
12.6475577218
8.27053411684
0.859117887812
53.6969625847
5.21675697274
6.4930001036
4.71581846313
24.0540696493
3.22246676468
44.9001724286
54.0521553639
0.0322836360176
1.53698772592
34.0275345584
41.7083651154
3.03686570434
22.5053767378
4.17876069407
20.0955412619
4.0006362744
0.966274131607
10.4513924048
3.32032720701
2.62997672627
22.7898127839
11.1798232428
24.0362091565
9.52332159672
6.0071447143
44.343366946
0.305697107083
4.71875017197
1.92691924304
0.31743669029
22.9627095868
3.8295173645
14.995388912
4.52952055438
3.77327100358
39.3372148669
20.596123224
20.2649397093
6.98925518868
42.4200997111
11.6746962603
68.6329234151
2.50782244768
55.1173484267
9.51601485533
7.94888083429
8.65396475629
31.3388512029
31.4580027396
5.69396301079
40.3391383979
10.27263239
6.70249279032
14.0422915604
6.22131000952
8.19872426172
0.828376538846
17.7584752514
2.37838886508
17.8090871963
20.2777951377
4.3933852296
40.5790286009
3.07804253866
9.53364974105
23.5403275585
41.8520207709
31.2697351243
2.49903059173
0.98947369384
2.17966810223
12.3763191309
3.6975645321
1.59481153882
7.73914407585
15.1828559207
13.0563031052
7.59317011447
5.99721056634
19.7046411697
3.91499422235
10.3610963027
0.160338198683
10.2156751756
42.0244938468
4.14729559136
9.71713437588
50.2265304238
6.06001850279
2.65652363055
20.6856463545
9.97663134668
2.7203604247
52.4637551592
9.44379692416
1.12226327075
