0.19065192437
11.7919672794
0.283500943309
38.1013163406
10.0555114589
15.0311138561
9.64192066249
5.69947996953
21.1489152794
11.6145359175
10.9850008481
21.9820111806
38.8062133904
36.8285357463
5.30474442009
22.6756856706
1.05637124564
1.84924317946
11.3683655139
59.1628948878
15.6273254489
14.5979289064
29.1315653848
29.9518041471
5.15537636136
6.33502109616
2.81514424377
1.0872846776
16.6148188557
8.43814158385
14.8467891439
3.179301274
14.4745976495
9.41898660943
3.24582937883
27.5257068392
45.9233284838
52.7059430035
2.86009961987
5.62459439778
11.3163697102
4.54286687589
3.88170646346
8.07245810944
6.87224008224
16.1823559917
1.79123891275
57.1987376547
42.1842387533
29.1925418827
4.51162481264
26.2072026681
5.99197347797
19.078792124
2.98337923918
3.76828586292
7.8190150406
31.4729418994
9.53783193188
0.552832078973
5.32359206387
3.47423774661
43.0834105081
3.30757046671
0.960452846122
9.93354585312
6.94967473661
10.9042143287
6.45333988498
15.9207078647
4.86328669893
17.4314499147
5.52913268612
3.52225824239
21.2699845333
1.25058821779
40.0918167487
11.0347418449
18.9720862208
37.8735957793
4.48435260996
49.5717313865
13.5310118805
12.3862287049
14.2328958471
10.9891415107
1.68227999789
3.41768635734
8.67840501953
13.9674565507
17.2479726922
5.63341874838
4.48391844176
15.8456335715
20.5588382807
61.5515484979
4.18165020993
40.6524972824
24.6615299222
12.1314966518
7.24557371771
8.1889064186
8.19309309424
4.50979752564
0.580252319484
5.13072445412
3.93969931613
45.5942031784
0.635003137045
16.6147520748
1.2924763436
5.01900654315
29.0884763753
23.8669167219
21.4148137091
23.3844232081
16.360480402
34.4678186529
28.2550668325
33.3140423388
23.7374102513
2.33009102323
22.9770074897
32.3323790241
2.99819260124
6.68100863335
33.7771906997
70.3260413147
20.5769095285
2.38852408581
8.35619459548
7.83682693348
7.6575290093
6.71536583576
1.6533201084
61.1408749915
15.9670281995
48.394293257
7.99810890239
1.17250605783
2.05273644288
4.1463719026
55.6350749191
5.23891328613
17.7826171174
7.32322492922
9.35120716757
11.1871019797
0.0698140270597
3.7972746472
38.1535299296
3.91561526098
2.67221011856
8.14640727408
12.3459591613
21.3226234466
3.78989514925
33.1082384663
1.81472511896
5.62749816132
25.3340982473
16.3226927404
0.266525766557
23.4040693847
31.8539128556
13.2969322523
16.5888469909
11.9719050762
23.0550578209
9.18212405884
14.3546006556
5.33114645361
24.3116714877
44.4407245681
5.39004282631
24.2616270668
6.36981809758
6.82985954799
31.3966211354
9.1585669243
41.2918781923
8.76851833406
16.9301134226
41.9358828535
16.7811333766
3.41029864082
6.72476717095
2.47172036542
17.8100951104
40.0149534367
0.403895195776
16.7863468945
45.2690246399
32.8008859325
38.7392174439
13.8549932452
6.49854650547
9.23813516349
8.00735961465
3.77308553789
56.1201585012
12.670196986
26.3049234357
5.89371540784
9.37305508038
2.1377954623
19.9174491167
23.0456883242
1.66805130644
8.4944337928
10.3935894668
9.45402571342
18.7871615175
8.91926646889
5.07821230948
9.9358494175
4.71991495869
22.5185150725
21.1432674637
2.77643130145
10.4929194905
5.24563790068
82.5056806752
11.3044529292
16.1705741277
25.209243424
24.9400878017
14.2994998934
6.49169493634
1.77397493819
30.48166182
7.58111020096
6.98118627848
54.6130524963
23.2888972643
0.416260639595
26.0237730942
50.3101842921
23.1655573119
8.36836704254
7.2227444802
13.7897901133
10.6725235683
5.54457856612
22.4931695564
16.5825231667
8.18621123184
18.3573695361
7.58585346749
5.05606008563
14.9522098259
5.8522724464
4.86378484068
12.6309627321
27.7042955863
12.9617448039
35.4076082363
28.7827398193
8.53880323721
0.413997377356
7.00336716153
10.8127233651
0.700276817789
0.565313856348
1.81465494993
14.2075113408
7.25226333882
27.7745513528
2.62040329861
5.50008036823
1.71152872426
11.9716321346
7.59125870605
20.6798802918
8.6171063052
7.27258465739
10.5124196204
3.98020559614
2.98476334817
19.2134310687
39.1572334184
6.11419435758
5.94097613751
7.84159615894
1.68822323478
6.80506496076
7.29642153133
7.84569602895
27.9260057586
23.2224226612
28.9464693147
13.6778787646
11.9334462372
16.3974444432
15.4994959685
5.86121864633
7.12386600513
6.93884090287
13.5934125934
0.585697447343
