7.26148127466
3.95484397065
2.25208220117
12.8299764936
2.08219270221
5.87201182495
5.30490280002
52.350189026
24.9678481526
7.44963115306
7.00009136309
11.393629714
18.176486407
15.3571452063
11.8573791286
0.69746385683
35.7342406551
14.148972822
1.73162065886
18.1633774585
1.65556944543
12.9568922886
28.7313796345
3.30753018578
29.0897699894
2.82839067738
12.3798961609
11.1602048336
4.5968780349
9.05845259528
23.5215496034
3.33839891064
9.76544191453
6.13683159635
6.94615518881
0.138181251364
20.7795013078
35.1729958948
1.4745314882
0.232006542585
23.168440302
17.0441891416
29.7640152192
7.16285696705
13.7128377001
9.39651559128
42.171441259
1.02881691983
5.75975761511
0.768059186158
1.21298792153
9.07998941124
10.3732261236
0.772299921378
24.4609938457
5.16800626894
22.3348401383
13.5221548061
4.79849037956
14.0190829273
10.8986403855
4.30626914615
7.73563343802
3.56105045355
7.51808299133
11.5568506743
9.24763776075
8.4205393666
6.03616586023
12.8513088556
1.53233197857
6.38200578769
1.68330614314
4.55952735413
7.68977066051
18.4426542822
25.4221608548
16.8228809646
0.558983623711
15.2699625625
0.591640761369
1.76827923777
1.74830700603
13.1488301748
22.0810301887
20.2920998103
31.4458469057
5.25021927606
5.1310799811
16.9069563744
0.646682591448
7.98610917934
5.22657748291
32.5768397206
0.166470185466
7.18372509732
3.9918803207
21.0348528421
43.9879643804
30.8644266489
37.6683482187
16.1760325262
4.41862979901
5.87247167982
14.9306918583
41.5745773153
18.0493307675
43.0166863032
30.3269954413
4.52577315531
23.8454417749
1.29989423671
5.08710056663
0.850751330986
8.75328038179
6.81828779178
6.58742548976
3.38042856262
29.2481498089
38.0639777413
1.79435983184
0.0144328751655
86.8301253565
28.1766553809
9.33698320367
43.4553778567
10.9969490707
2.77686915396
54.7752231472
4.57822422781
19.5931446428
17.4325225939
71.1457031894
13.5371667776
96.9091961706
29.3957030962
4.37649279946
6.98977982813
33.8573060007
0.847478830586
2.10616952683
17.6001598193
7.24676720717
16.3875313094
21.9647201172
44.1018628207
21.883997831
8.12265715446
25.5579061449
9.27867739303
20.7835959748
0.0955503246676
8.29528170269
39.8752859688
39.0633945422
0.218479678636
18.1843788385
22.198665211
11.3702907246
7.68660075638
5.69393342745
5.89102108309
1.74124962564
20.0337652955
6.54791453601
6.11630883637
9.16893488575
32.5971835161
7.61786130008
23.4188036078
2.45667217698
2.77870390221
19.1035452569
7.6581311201
14.679420916
20.9595588723
8.18121350171
21.451735586
4.98236584737
0.572498478064
58.7384605185
20.0369829563
6.44133560009
29.5632308867
5.91720755376
7.5766875154
43.5752065718
7.68869868409
16.4901936414
2.87857543965
30.5615445025
2.1221589929
15.7507998378
47.0140981561
75.0128223593
5.22125705124
29.8100361729
2.63639058253
13.7429934771
5.50012866776
7.74249771668
5.45199000187
56.8955939733
59.1754318005
44.5149600448
7.08459741904
32.0939195513
0.231967867956
10.284888743
6.1590767859
13.4293462275
17.6206652003
12.3569179198
0.80922593524
99.516036426
5.24504090921
13.5834647626
13.5249269131
0.295470849794
3.10173799041
20.8183878399
4.20477850122
14.8343776038
29.2372587481
28.4802269091
15.6729044761
6.16332628051
24.9883983582
22.0437196416
44.6041016303
7.05488588663
2.85549074579
2.76667483162
20.1506300273
2.02928309647
7.74432708457
6.94090413841
19.5325769933
16.9951964036
30.2811727402
45.7122159348
15.4934808582
11.8381710888
31.5264558825
8.62633027978
2.26777677144
10.7815381797
18.9030885438
23.053493726
16.2965326557
5.49993563187
8.25617170763
19.4806616685
38.0913466004
10.7100432711
27.7302261327
14.8181017442
3.2464185434
3.57146180147
10.4186207323
5.89753518575
0.59694464092
3.43891837544
0.0673802248557
1.04091166294
4.92058852217
5.45587100566
3.98021439194
0.756393589861
11.351751352
0.684857327458
19.0058626862
8.54065157625
2.26813643157
6.03308707362
3.71427656913
0.547613054864
1.81060468908
8.01214944325
43.9512364351
38.0280799023
3.0218736977
3.87152871545
3.32022613631
1.57079788489
1.78234115451
61.2538548585
1.94985109281
19.5560015616
8.72910878885
2.60187839235
10.6064659071
14.1683919153
24.9609539728
13.1387903101
20.9605924615
9.40713219339
2.70046125386
10.8080742444
13.5077811964
