15.9188068143
2.5850153463
30.9475822635
1.2720825453
25.5518500305
26.4783029332
5.65435185519
1.503136582
45.1422909573
14.9146054825
9.49109503214
31.7937996945
30.6058919451
23.5893703247
12.673441957
5.41826521025
6.41938160172
10.2454163026
8.76939757075
3.41124680301
14.8151784621
19.3175710688
32.4944333948
17.1195034755
15.6381328517
16.4596709144
6.81042495018
3.26314636532
16.9906524225
4.30976083173
7.05631492725
16.7866508718
31.3480191316
0.584761740253
1.39435839322
13.4485346141
3.11761281605
1.39583445732
14.0564548739
19.222045936
16.1433084261
19.4486033813
10.2718153501
8.24043423373
11.5334651686
10.918627189
2.16521027817
2.61518666733
0.777632773263
20.8632934445
2.83092276146
8.49920681426
8.36017816358
7.39355016816
18.8152317585
14.2257024393
0.161066948712
4.65649827647
7.49177859061
1.32989647659
54.1728039377
26.4135450271
21.7053445089
12.2685373381
33.105108676
6.34042566298
22.8460514822
12.4238958928
19.5845236446
4.27296290484
17.0599300958
15.9935990834
17.3619303844
40.1239390946
13.6096757084
0.30347619437
4.16664187501
7.76692867843
28.8300952339
4.85461915788
3.66771864417
11.3710974824
3.23331812015
5.40586171903
25.2405394123
6.3937818603
8.00739530143
27.3457885891
0.172365773985
13.8045089041
29.8795643605
52.7940550725
7.74395095601
3.78945352047
0.920162016018
1.40976249107
52.0144805359
6.71034668516
8.05097714513
17.7160576542
2.4656120831
16.1992450845
1.85759821822
12.4711354915
6.60269632692
3.61065885265
3.09961051728
14.2742681719
18.6389364392
12.4226127653
17.4379427673
9.06831026164
49.9550185229
2.90957074116
10.9939105848
4.00740433239
8.9367837974
30.7165187773
13.8772272437
26.1576911657
10.9984763164
5.53653159771
23.6150775332
6.45819020431
5.27589371488
3.66789554812
11.5783785348
1.88959893449
4.37018124991
5.7043157231
2.83920122704
13.2337123275
28.5052299044
9.12523181524
45.8449871756
15.0229807112
0.269132713312
3.5587139276
7.63198953176
10.495216914
21.658371241
26.5500967966
8.96931159419
8.69774334405
14.2926654073
1.30457631257
5.33356859958
52.0395391849
12.4430913033
12.0696360896
5.00041709316
9.26867256901
7.8850233815
5.81946495013
0.231998335261
0.480446356154
14.6319290586
30.0958914692
30.4070962987
2.65415937644
6.13794870263
10.1299988322
56.029322879
12.9282205282
1.75981583654
31.6763801687
28.3882898952
0.626757798746
13.7122037721
1.9029125875
33.5752078745
4.84913845129
12.1637976524
9.55673068142
3.23377196883
19.2807726064
20.1699865727
7.34793140475
2.97599141969
23.9623423726
3.19871856795
1.97040831196
6.17386519368
2.09168905328
16.2876078934
2.10909740513
16.8932186202
3.57129385766
40.0793050877
6.01447076366
7.61825281177
8.72140831166
2.68732287572
32.1437986325
17.2412260189
4.00447770493
10.814338441
37.5670499107
10.7032352445
12.0889558094
5.28951212094
0.825116574305
4.05350632912
38.7935392047
4.15193913058
23.1633630826
5.34814939161
4.90805300024
2.18127468646
14.0461736165
1.20420287564
3.97479821396
16.5613763704
22.4681174361
4.14377490739
34.1241124354
10.765035348
17.7844396746
5.85915390155
1.6144648586
16.1597363605
8.06127300726
3.17517266888
3.33204163676
8.9595657928
1.67927766334
19.2043120839
25.6799997441
4.85165633966
8.66551579236
3.90529806299
11.2218843782
3.82910714402
13.6883504035
17.5807833374
5.82544975885
15.9661788161
23.0969018228
47.2688381213
23.6822383292
2.21674674199
7.64852761337
26.7342470203
30.8789268475
12.3942780398
7.68670113736
3.32507272757
2.32315048872
25.1044203573
4.92258788955
3.0467143457
13.8761313473
91.3221433291
5.293732929
6.83740395652
1.98464390353
30.2424672298
1.72843359701
9.30422073154
10.4378968597
5.00460749579
5.80591996343
2.43511712596
21.2361533911
24.3448897853
13.21693776
8.0623037822
17.6647900645
24.764573197
4.61915860281
1.89807738775
42.5820209953
0.725337050702
16.8542037273
40.9209351644
15.677209127
14.5945317599
23.3901321602
10.244234958
40.0206297394
26.8775985014
10.83292602
1.38717327097
0.254534153157
7.38470948261
1.69749230838
6.64142036595
37.9619918095
9.43594024386
27.4116155676
5.90275386989
22.600494588
4.5433092173
49.0860670787
7.22723331173
13.4889107936
6.5411750373
3.70646671499
1.25121286447
13.1216128632
