13.8105177783
5.787836552
10.0520890838
2.96303439612
14.0688139098
24.1500800939
12.4113400022
23.0776608732
0.642251658561
4.15575314851
1.02110958565
24.4288441898
4.52190497072
12.4077698345
4.68347025147
34.9987317816
10.6019942603
26.3927399128
26.6312793013
20.0651810794
1.05578552964
3.23248214496
1.74447453163
2.10558554716
22.9863560928
26.3413628589
2.5425066187
3.19433661475
6.06045984282
22.2228400196
16.6595791676
27.7083867403
24.5244411878
5.51183791038
3.64713600718
31.8978381145
4.34074203946
94.6754360734
15.7412968583
3.62063406818
14.8623911512
16.985284218
20.8334176011
0.773835752236
17.7391861921
8.7074108167
13.6473087184
10.2644059866
21.7359188959
12.3931169171
11.2104098049
3.32887604267
2.50359000075
27.8380257458
31.2186390439
28.7522016224
31.7125336446
9.1975829676
15.7011103826
2.33660829327
3.97451786677
3.00521774677
38.1783195369
19.5511469861
21.6116211664
12.1188969244
5.67955758687
3.76533896969
19.3356744658
8.85234255964
14.3471021121
3.86183310041
12.5847344936
30.8832261965
1.8708023801
0.0186735840292
15.6976220043
41.9403971217
35.6494032024
37.0176671258
4.43220315193
0.445540198758
1.68350593471
10.6156000143
0.29440702963
24.5188216718
13.3371009095
7.49673177319
23.6821141632
16.6847342355
41.1531838442
6.42669796476
4.72725692006
40.1056854535
0.193946129505
41.6763705214
25.7386352412
40.0436210125
11.4065657742
39.7568356018
29.5700359593
9.47720176525
0.680967010001
17.5440360273
19.888599812
46.9490970001
0.863432980654
41.5410272504
18.3113915129
5.76859782681
13.0627053269
9.5310411811
1.10247192861
5.86471177728
5.30744512596
5.74876982872
13.4984884951
8.56257845456
24.4689232712
21.4357912378
3.33741247899
29.4602204524
9.45091033088
2.12593984252
29.3311544249
2.35722692586
20.4063433958
84.0881978063
2.99474069433
1.1882006939
11.739935977
5.28155855833
19.1460289605
14.2999817872
13.977944635
8.07663353376
2.51087690903
8.13876988547
4.27202046774
8.64703523061
8.2352699268
13.1792472271
3.29304164967
14.714622086
59.0362621994
0.147314196969
2.12775649977
11.9861623507
18.8005817048
19.901236625
77.9508604441
28.8425522541
7.33008131138
11.4482004862
5.18745531518
4.06910190386
23.74153883
4.18709166389
24.7719448993
22.3872219983
47.8261043843
9.0782373765
10.3785783108
27.4656674963
18.3206574874
10.3265271294
19.5136498239
8.88465779231
20.1950299757
0.669507688278
10.9114810996
0.739469800393
7.78094785483
7.00589741928
43.9912519547
58.5411929836
11.4740531542
5.79589071951
14.2549293442
24.8621179564
42.2157136129
5.49311994945
5.81866551816
20.0134037297
47.9101073225
26.219745997
59.5086311321
15.6412697618
60.6345238252
4.51450386071
14.3876157852
2.50754973085
1.63592938722
14.0025517157
1.03427026656
27.0170098507
21.984126206
0.165073074016
9.86677239771
0.195807271914
16.8332688786
7.57670914096
4.78147734015
6.02641705877
1.4478582912
3.19788849285
27.3058806883
21.5153803131
2.77068708955
68.6916949375
2.06494881387
15.7248856414
9.46414961116
31.1937037033
2.68976755556
9.74533761107
19.7291966354
8.24650519634
12.6221844557
8.3858101144
9.14142314533
2.35625134047
8.97798040511
12.4808510761
4.85834626016
3.69754522917
0.66286808129
18.223617769
11.8554764982
3.11069867525
14.1851691875
5.48161551935
1.6169351149
7.05188025209
22.7989946396
2.27988243069
2.45311731828
6.25322854052
20.5220992901
4.47327622225
8.1438228635
10.9048850935
8.87291253521
14.1217482243
0.537267562073
9.60225093815
44.1551817697
1.13536018791
1.41775575683
1.63922122108
14.7894626749
5.24430025804
38.0649317789
1.07069584151
13.3803658798
9.16314076019
21.1293191053
15.2295599173
4.36706739251
9.41587877828
39.2567301955
16.9857363618
7.64321629315
6.86295984635
30.7265690837
10.5183071101
18.0784526196
15.576289381
13.014327525
22.3268831713
3.49921274493
25.656661466
0.51040277999
3.78250741637
0.421191684098
2.46978735142
0.0528648856188
27.7566771513
24.8472891574
23.912015104
2.17124294043
1.20044142076
1.59038416173
11.1811551534
6.56113386847
1.2511530405
0.795201257665
15.7650435887
23.9883331779
78.8964208396
25.6115929602
13.9375476834
4.08488715649
11.125483583
18.7239550249
18.7400937709
19.7364815623
18.7756296327
1.00497540463
10.5965182765
