0.0954437811188
24.0049689127
44.1311895455
4.08778260977
45.4425537213
5.41094929774
24.8715438618
12.4545458533
13.0852534677
29.269863815
19.5303288625
1.41788439546
17.5454983827
11.0576610521
14.7921101401
7.8513985815
2.05779929883
9.23609231277
1.05694374037
7.38203712608
8.58094207446
25.0443628087
0.58074883813
2.84005602287
3.22645002241
19.7860270261
23.2228946464
3.73262387513
10.0057436779
8.24775338354
9.45637779904
18.7400728191
35.0171742117
5.55344416952
4.10685491943
4.51647190904
45.0217381917
14.1625745792
59.5208634223
6.35799717325
56.1897289486
16.198962753
9.58605820898
5.38172746769
12.3318187299
6.95966580543
56.60662439
3.82212593133
0.420326559495
24.4271413753
5.53506890306
1.64404941983
5.46244117225
1.18981668809
2.48919117894
26.7205483623
53.9219097199
2.02317215976
10.6792907956
1.59905445519
19.9408190188
3.44336162256
2.98725403654
12.3647078385
20.3911447637
8.52812070334
0.0694278461572
5.4407477468
4.36655641829
3.82913333445
14.3953118028
1.15325087024
1.51225890533
7.20666029306
13.359032166
18.6730117882
2.15544714297
2.15686227842
14.5875925236
11.6057446648
0.400263079628
0.352947437747
36.6236230852
18.2971112552
13.041939411
16.1250856625
3.49013364095
0.196335134523
13.7340064284
9.31187133237
0.772614549161
8.68359387851
1.06660022651
1.40608286303
14.5305036083
8.87449023039
6.60249381227
5.32016554161
14.9332215295
9.55459840762
16.6523225913
0.342262854436
11.1466043358
3.48890474183
7.26513850689
9.0682643232
25.8723832353
5.30434776404
22.5618473977
9.60622610928
16.8565121246
6.8050425238
8.70136491293
8.36159879328
2.01609406673
12.479696922
11.150562439
0.370149997806
35.7887215946
21.1897564114
10.8546230876
45.6553172335
4.31662451214
48.9597269208
43.8429321099
1.31933177186
12.4338423337
18.3406301919
2.7087261742
1.50136078098
31.348217676
11.8686936833
1.94787616386
41.3164248138
31.9459167736
5.1855798429
12.0584711017
27.2856446531
17.3409107517
13.9618605308
21.5909013481
13.0591131696
1.04538735513
31.4172269053
13.11136259
0.229727121909
11.3015790217
3.99659935591
27.9922720685
6.97996383682
21.7665315089
39.6097611543
1.73363714514
2.84979038654
0.0795858043532
49.1700185672
6.92491597379
12.7045875838
9.84667546509
0.710344912519
67.263775921
27.2810898893
2.24774464257
32.357694007
3.97328239123
7.86119833027
5.46400046092
5.0787988719
53.7436450789
11.2119724111
7.30120635507
43.4619439507
31.5505468962
0.725800231328
3.0973504223
22.5612899106
15.6745680046
6.29019315306
1.71401194354
10.9384592531
5.0152200867
25.3742874848
11.557482461
17.6317261543
2.42112235429
4.79747249892
29.820173108
4.97178889748
41.5687074078
3.41114284902
23.640853808
0.0577100260722
21.4297202161
9.94510304437
18.7879769871
15.3606595679
19.8444569496
11.2484289499
19.052828506
32.5642795703
5.79353865226
2.12566260246
11.9698004148
14.1170727581
4.95701155957
9.93425874799
3.05892864444
0.956834528995
10.9390817135
0.492899372406
20.1057498748
26.6732699831
13.3707101868
7.77726685029
14.7854284669
11.0216522196
0.510267142868
16.0838713155
8.56060523067
20.8487001104
7.17121738088
5.12188305407
14.0437271708
38.7627274839
24.4316249688
14.955375169
31.7724742668
35.7131812417
4.16658276778
9.27192714931
7.62631264766
0.317041918319
19.5232685069
51.975268817
9.72241913704
15.190855896
8.52387280239
5.4278991811
6.97522277589
0.760975495431
9.30082539978
5.1506086374
10.1668365869
0.251439094326
20.8544422129
44.1261969521
19.0105303045
5.26247769498
31.679053789
11.0932633927
2.38557889917
27.3823202721
33.7963980047
5.34974610369
3.76625341567
19.9922396026
14.2818440493
8.99513599483
10.4477824546
1.92896249187
8.90045462755
0.72941110841
7.45313910955
4.67999903737
6.2957007073
8.44120667768
21.6861445764
13.970943916
10.943786696
7.62918522189
16.7784601893
0.338790830474
18.5425900223
4.4613911895
28.7004268493
29.7953128193
2.69019375215
4.79815505622
21.0491888645
41.5056713551
3.11992195249
21.7075528488
7.73908158639
42.1801997119
0.390473275596
24.3818282443
13.3186758311
62.8215212228
3.85189060893
16.2966205299
18.8435388244
3.28492686981
7.41316946155
14.0569996134
29.3302983631
4.29209802519
8.6988906743
5.74078627214
0.231528713232
16.7030213155
