2.70458350372
18.9245515203
2.66308554747
33.8793619235
2.74910355726
8.38944680432
20.5628573447
43.7199368389
7.05398661965
1.14027428754
7.28887015623
6.41476651192
5.56472948459
0.203161380894
5.67273705261
12.2418411512
1.92145894212
96.0616370941
10.9549932556
2.53230521677
0.463463373509
22.3317127779
0.521071202069
31.839783313
4.04574515553
7.19896325479
1.41311300514
22.4410846443
4.59114086635
43.4279161932
2.85066628787
22.2573180617
15.4444992716
20.2746569515
20.5291282561
0.0982881042708
8.5095186082
25.9145364752
53.2911902626
3.01629545257
31.2697301349
80.9196167926
2.55580159996
1.34802230496
17.7178289683
1.07447873613
28.2656417414
4.99363169368
7.24951657129
23.391692011
19.2472565118
1.19862152698
24.399789836
4.36215800147
2.66668394662
17.7184698898
24.6781971032
3.22790930053
23.2993271981
7.96515577682
27.5175622757
11.5641663693
5.50016964678
27.3609147555
44.1053957385
20.9335006599
0.83244719238
8.5050289438
5.05859695393
50.9896223459
0.237364427645
9.86172849779
18.0645663494
2.28202672396
71.4852248707
0.254636514456
2.06319381356
32.3501649263
11.303970997
0.953815004204
32.6896807167
58.7022542315
2.21212135404
7.16758720082
1.9787335465
2.24184080672
11.0766315052
20.4333247829
13.1371601036
5.31211552405
9.05359422704
7.37658730269
14.8526631957
18.8560908674
0.5454372604
1.64859371355
5.84736884289
3.75018569514
19.2573691874
10.6830100674
12.8981704263
0.991090104984
10.5590692801
20.381816085
9.3287219486
7.10093131151
7.18136586333
30.0801955634
7.90455523789
52.683688385
9.84547439843
1.57493819579
30.1966021286
52.6357273959
2.53019788814
1.88478740688
9.29104049009
21.8705058679
27.1218168347
12.202757902
25.0068376699
0.381238092985
8.63461879259
32.1121209828
13.4934351074
26.5963678614
8.3414054241
25.0080459091
15.4346052262
0.0921137955514
3.80169601244
6.14684989892
0.0315558326807
2.96068699248
18.955914868
11.4418145977
8.4761123041
28.5059124995
5.74687212499
9.85574395384
5.72347071127
7.63037398055
1.50982544895
1.67739610894
5.11760614266
17.9021504784
5.98697942667
43.7531107621
2.72630829766
44.3160543147
36.7601408384
2.83677797071
52.3481280795
19.3226206068
10.2936918099
25.7912414044
10.7950979538
25.4226330387
2.0985954798
17.3670287792
8.59957590162
17.6913507197
21.854233043
33.9066405586
5.90858226254
13.2312324876
1.11279243086
12.2719917258
3.11449248857
7.75829542905
2.07762501131
8.13215615769
37.1071470427
28.879201419
3.62608455469
6.26335024456
14.5424798454
1.04985077814
4.85533535529
14.9618940062
0.246508277168
25.5505388059
21.8092881103
5.1103223609
25.4106619236
14.7138439596
6.89377108423
38.040455771
2.28289838743
28.6706982066
0.414554709575
16.3602041927
18.4519373091
8.42307421069
2.03406865529
6.13786594547
10.1502800942
28.7699145429
24.5287871329
36.0622513261
12.5409160374
7.55131516567
15.7094335067
30.4061212178
13.1465784091
15.7057455027
4.9401275365
23.8912562356
21.5955445987
1.07947440491
14.4870178517
29.6255789221
2.54041470875
10.5293227767
12.4294266901
27.9312277426
1.53109449323
1.81632420117
4.4280238921
25.262374481
6.03146753735
21.122379695
3.74129158549
33.5721885869
15.8951378055
3.74283331871
7.966437853
30.0224412253
0.463057713681
12.7448854314
13.5707252345
29.02297445
7.6286705393
11.061000489
25.2958699115
1.33789408147
8.33369077499
5.94199385631
10.3387735134
12.4797103752
57.7453993726
9.02285048644
10.4417852414
30.7109402677
4.34303169547
3.51133902371
8.55568752342
1.86067631187
3.74534084113
0.737850052782
63.9651658918
50.6846143704
24.3508053042
17.2354551587
23.4273140839
4.06844482069
12.2108949366
79.2977777579
2.39951369461
11.4856194546
2.41516722738
9.89237546692
8.40026809336
4.79923330011
2.74614662276
16.8009021487
5.96271513102
21.680254401
1.32365130858
5.28214610212
2.28893114567
16.7252587476
4.1531939089
1.21330122674
43.3695581762
9.85038465609
21.5722516491
6.56431758616
12.7861098067
5.36650864244
47.282850754
26.0936155877
24.3858436479
7.03942766821
1.57201094118
36.110341742
1.52544509133
3.3082264042
42.7746345383
6.05591013337
24.0537760097
10.5805052271
13.9929154402
6.59927281782
28.7857125206
7.99388923358
21.745154871
76.014215485
11.8826009156
5.27816201743
