5.35582911595
12.2746651236
16.6864788618
9.60531603291
23.8860250835
1.32824898461
10.553501401
25.866412809
6.82035285002
4.94071322382
3.85776411065
6.79796689093
13.6268623742
3.89214111476
11.3044845409
5.86965466131
31.1690999915
1.70156494678
15.1035807822
10.2326296482
3.08869508672
7.45417387554
20.3392489499
6.23093602482
22.9404774291
13.855272251
25.2625141425
8.14809179867
11.48671483
34.3179942475
1.78855349373
26.6285779464
5.05140303617
2.19905715867
7.66321516757
8.92911752342
20.8266131109
26.6507720725
14.6190943719
22.4305689535
5.23488122719
17.6357485812
19.2831420918
6.48997512522
3.85692674084
25.4394823024
17.955952524
4.29943351575
5.74533475236
2.92203247353
0.242594450355
3.03500089191
1.57852179989
10.2542066338
8.28695251773
13.7432850361
7.747581488
3.31650775059
2.304045271
5.02673573738
29.2100965658
0.759577986026
30.5775545657
8.84988800079
15.8052291595
1.21855149045
18.1964130128
29.8127606301
7.56726312774
11.1431113545
1.5573547472
40.1423291585
11.8707404489
21.5022946737
26.7773048388
1.49202203714
33.9872887938
32.8529596971
5.03625529937
8.8446636973
32.1575801116
7.08466676747
3.20098258306
2.56494274977
15.290904392
3.3028017008
7.43435838138
9.25558634298
21.9522472346
7.77760299463
13.8122289508
8.46231337216
68.4022156898
42.0907763099
33.5775006032
22.4681098346
49.2853896134
7.85248478341
19.411769499
23.0753997043
3.57983225925
8.59884459777
19.7050022413
14.970439177
6.85253088575
8.73558799974
3.10044999858
38.32040243
41.1483687363
26.8812988149
9.54308794275
55.9528495465
12.9401154581
7.86567580553
33.0488760545
23.8418838966
31.1281898566
1.95917407033
6.94611568058
5.60989601832
2.0793083319
27.8754100297
10.3071120267
1.77580578115
6.79166867837
4.58019148902
11.3328164856
0.662877250937
1.54533998982
10.2341703883
12.4350341289
46.1791560844
4.98300545072
17.0239037192
6.60991001287
3.24951626567
12.7694486788
12.335986932
39.5095735415
13.7056314415
43.6074627716
7.77920907503
16.1064053487
1.99531405525
5.06804398603
4.3380720186
1.77164176156
25.1111819876
23.5353685659
39.9344673948
24.2610957724
12.4472014713
12.6043433899
18.2714523219
3.66735352289
1.63362155399
28.6869855327
5.79423219121
25.9314924794
6.3234268906
12.3724370094
0.228511799518
20.4994849223
1.07609838431
1.93384240627
9.13444497315
26.9888449013
2.43775987845
28.831005017
10.7321042886
14.2296804082
55.198682129
27.4474670732
13.3263464686
42.7256203221
7.24144755687
6.87447303767
6.10622103413
14.7756259967
4.31717351483
12.0787644628
45.5262414075
0.0274586058965
12.8731355217
67.145509402
12.6998729012
10.8239334528
35.7010691501
4.82948447452
1.26591578326
2.26863785179
20.0643869375
31.1360421398
1.99619057157
0.904824828739
8.6771468747
55.7872746659
6.92246033681
1.83281203684
4.66241202028
0.89971747108
10.2746717641
19.1281949388
1.01930899043
5.5694706074
53.4723540345
16.8989124123
2.21362556743
31.6119984885
2.27179930723
4.06018044793
3.49449604673
11.6371207559
8.81367447955
25.527474539
2.02104863287
4.07557646958
3.30414716845
1.38830809914
35.602753868
10.6894242006
12.3187662622
31.1293366531
3.39619740794
3.87678087478
8.15173827241
1.16157220466
21.0786733893
9.89733116168
34.1677100044
0.237923651297
28.9841686615
18.5744870099
16.8317295548
16.2348371814
3.9302608431
3.32737291257
6.36593191314
23.366499669
13.0143671461
0.575243294773
14.4053123788
2.37835765175
11.1825730886
13.1800903634
7.36363299826
6.81596376654
4.26059559566
1.68590040705
30.2716345731
56.0404252553
1.91303287767
4.51467173908
1.51578582557
3.58390683703
9.40300294599
3.86193471117
5.88478478211
14.3321491732
52.1449439199
25.318129295
9.81598965005
14.4438569225
11.7212198428
14.7202633619
6.1926263032
31.5106998308
4.67284134356
2.0747799189
11.9038143786
35.7291001409
69.7311922848
15.5550730533
7.90672693962
22.9614430612
7.95323325924
18.3400570568
3.19581735099
13.6519413655
2.26569189482
12.0896912926
13.201981972
3.35394208631
15.0160396002
6.26339593698
16.1093431859
13.4453169568
10.2411103003
16.6242791352
16.2146960504
3.12513113489
1.80967905556
18.8322401677
13.4496379504
22.0170216994
27.2993979448
14.1922459436
33.2312677279
12.858567628
4.31313857865
