36.9265485625
2.90599801394
0.911323546068
28.3082238361
4.80463250739
0.171780752403
21.9790385459
13.1829929606
8.03500598095
18.7944484462
24.2910399232
8.78304011133
1.51483054021
10.613295636
18.7468346196
11.6100253083
0.464610276147
21.5535470664
0.0365006945712
7.15295426771
6.38635131032
22.1692287129
4.36688090648
2.50883408851
3.6488366681
6.4217521553
17.1470641515
9.55794751606
28.6945030201
13.9798046099
0.89846363765
45.5957613145
41.0416703677
23.9585157544
24.8728785302
6.12235266325
2.761343877
5.5070004008
17.2964414138
20.7597869047
1.35436045197
14.622578873
30.2602214908
6.01933349413
1.13765564783
16.6933484048
12.2606185019
13.3415350043
0.721423613595
41.3446854447
33.7163950134
0.206330164563
0.482900492526
8.61485127702
7.90140153644
1.53196636268
2.78753212028
39.922458009
6.33478371068
15.9733169173
4.53057222338
22.2158368315
0.76326629089
13.026734405
9.95614985618
46.6290317766
1.47344663468
5.09356273037
13.0227388177
0.0978662968943
9.28298007011
53.0742304953
2.21266729981
21.6438541508
6.57029671149
65.4377973731
10.0854155798
40.0976811355
11.5945307786
11.4589943205
17.8895427903
20.9464122384
24.3635192042
8.7620188302
3.95392519035
2.59023909531
6.90494620294
10.4707862257
5.0968927738
5.42454621648
23.3008900092
7.7094033547
42.2161778137
15.1177635215
8.31559878786
17.3930487715
8.0241830669
15.2130414762
19.1622956868
3.19394982671
5.06672043532
11.1078726285
12.4374988588
32.5766292085
6.10935406054
2.23156787507
23.1181818608
29.9813207347
4.19468647647
39.9680789266
17.5075480104
9.98422283102
0.0587053351487
0.815719987118
13.3201897805
44.0546989034
6.33795195842
13.2050263479
3.01811453057
11.4420085525
4.4788661543
1.46559743016
5.58697620463
52.3967634734
6.0264744732
6.22856379731
7.06916666453
67.7100424791
7.17383464602
10.2888608526
21.8128429213
15.0519825171
42.2707075977
19.6736358804
7.52492905313
11.6300357812
10.1296928481
17.6108399359
38.9953224964
133.837615161
6.99964458272
20.7286327301
16.568847194
37.0247295586
6.97962513423
2.19955764366
9.4962443565
6.41677153224
4.99431044144
8.68383415548
15.36251727
5.51870624294
3.46001553017
5.070824198
9.85639529406
6.32706332155
67.8643220296
4.10036990881
1.63013159841
10.7682714396
58.7804211623
25.9487064292
33.2452398982
8.64968862505
10.8620446035
1.59488022329
1.27858992036
2.95678947684
14.9063630614
2.88527944553
3.7527223079
18.3778923919
10.0884741137
8.1233697048
4.7016545257
8.46542766634
30.3073355901
11.8762561716
9.32278822978
2.30604731878
9.93800890489
7.07348390248
2.62449501225
10.23426658
18.0669331225
3.03267429913
19.0836260838
22.7357869663
4.8956121831
13.1140012655
7.15013886638
1.66347761704
12.4510200505
2.22851020061
47.3457644297
95.9724555737
5.70767226473
5.56569175447
15.5319790309
39.653421044
50.3060736439
14.3636462573
28.9497062587
8.21893528267
5.7257869372
20.5281655837
21.4676379979
2.10549632006
21.5868406203
0.155121651028
5.66105862333
8.01634350078
4.79590688861
75.3512367409
2.22758766963
43.3105300181
7.42319196928
45.3769053462
3.1487535328
33.6258335333
2.04220472456
3.27014070007
4.44995354485
6.1193310745
24.6702159632
20.2552054743
17.2120605491
0.951499507049
11.7430843741
7.9472018082
31.2732792863
5.13320933145
27.8635598335
12.5576051631
5.6065880425
0.221681925527
29.3825535592
6.14093695189
3.84794104903
17.2219208491
36.6432779627
3.91294782471
27.7941513842
1.17838842216
59.1741580428
14.8158058941
24.3176069302
16.2495557315
4.23209139586
1.31860757221
7.35228628101
5.79830418088
3.76009138137
3.37949016009
28.6651905973
28.67351953
22.2258475825
2.3014158589
43.4766801857
13.1545128645
24.3759609541
18.7363369385
1.04780321658
2.48696852244
46.0926755395
18.6505967277
15.1514891768
6.14432620419
19.2085419147
25.443892069
1.39048583982
16.2791473251
3.31293556195
26.74613267
8.56758258173
22.0596644684
24.8143338407
1.32415042743
36.9561708218
11.5857205567
8.37757663961
1.4432676484
6.9270224868
17.1229613343
4.91265847351
7.03988918898
4.72984122716
39.1676277624
10.1271308966
26.3575057338
3.08582045329
52.5266822479
0.021884572051
1.30692215832
8.77481508791
5.98633609502
1.19830534073
18.5845743567
8.84987675699
17.2024153079
