14.5600849264
7.9256844133
11.4579826967
5.2435934627
23.7278628806
15.6762701768
41.7669204287
7.07612286012
22.7389169787
4.65992512225
0.540188546643
8.90535362594
5.35714025139
4.45667962213
2.52171911987
2.831827916
0.909858976648
1.02202941933
6.4737795638
11.0614649884
60.4323687244
0.230594461438
8.34578000032
43.9686918882
86.1904530645
2.7230536879
8.43087893344
7.52762367628
63.4496759471
11.5429947631
11.4426578022
14.2244887188
21.0163371578
3.85285007594
4.28117682005
8.65975280872
6.37756980777
26.0162917916
1.88575864396
20.9165159041
10.5518945459
18.5015788261
37.7106838427
24.8481110001
7.18821258599
1.23926431991
2.17562906596
3.0616993214
1.82504505763
9.67918636744
14.2821463263
13.2961411119
19.4525375108
27.8654637449
28.7961396952
19.1945096826
15.969831397
15.3080705399
24.9683152527
9.2544642523
23.2881056459
52.7069864276
26.2864911287
11.1858861019
6.06067350801
16.1807452173
31.3155556699
22.1218415786
6.3304397964
43.8021770465
8.63817550677
3.88588724841
1.74380473772
6.55703289655
4.72238697179
33.4258754581
4.90079171841
6.88803402359
27.4428127888
21.5799912416
32.6289306619
1.91198487039
28.055064486
20.9719643687
45.9046790758
9.79059518773
14.5398878452
3.85324819874
23.1230087793
50.8064149386
16.3194063086
17.2285555272
8.51910970933
31.9483864214
12.9648680855
5.39793000234
8.33515115084
9.75154342683
14.6696514029
0.345898512056
67.735584827
7.90134674774
9.53027671756
17.9010286604
1.75853170694
3.92892289349
10.9106496014
6.51499205102
2.48425864034
16.7246402419
1.59571378226
7.64453950777
19.3964808303
27.8293409686
5.92367153545
19.0945721276
5.099507883
5.35523539334
3.06227498806
11.8131115112
9.96465601664
5.59048121297
12.1660019833
7.78672491381
10.988244569
57.1407959431
21.9234312775
8.24464985543
25.6289216347
6.49988130254
32.7594149416
13.4974603192
14.7529551781
3.27362447178
4.48760124784
18.9246526402
28.264762965
21.7577925389
1.47654117412
3.25835577165
39.9488640658
39.5588947391
22.4627055638
1.4037066682
5.191931735
13.9117820083
26.0958082327
41.4447672091
17.0495230998
34.0164435918
15.8208852212
22.2258896249
20.8193579396
21.430791159
41.1720215801
1.2280997918
4.14298936941
12.4104108303
3.96083500707
36.12950194
9.0401778806
17.7720601132
0.928739136714
23.3311583911
1.89134927007
2.28610198462
34.5012592857
32.1147799713
50.4710775688
9.64430564799
1.78841602971
11.0411015447
10.2581662058
10.786707602
27.1398892093
83.555894973
0.160840323665
1.98977725719
30.6260361141
6.02480391506
21.2401493353
12.835854896
5.86005922715
13.0305551038
6.66010195642
6.36515860792
26.9815306108
0.276358915468
7.05650172184
12.4981654595
0.439852633466
7.04314852221
25.3087217027
33.7013157231
1.89089474263
10.836156825
57.0923071559
23.5384281942
2.11483228447
16.2483021504
8.50237402697
5.99059266199
6.47885206314
3.64210125155
0.486874758195
3.25478347671
4.3339206159
4.8860860348
16.9390142207
9.18626453586
6.3202454717
18.2836407972
20.5073609466
2.73101339412
26.7301418118
4.17490549495
26.3845341495
17.7455765525
29.2287046545
17.661836461
27.3947365145
21.3247890279
18.8814293226
19.7163360433
6.21196277003
14.8319660669
21.2784507134
26.3614563561
5.46449393145
7.87116989936
13.8745895211
2.00839734598
30.5897027633
25.5941378024
28.7278461638
2.95522530549
2.19037543585
16.4381508026
1.37421490805
21.4563386918
5.01716285538
1.86556530176
1.2668915278
11.0926548696
12.2545868382
16.8390888801
7.59537927171
16.9880400998
37.5981831818
26.9839948468
1.9852388219
120.191741544
46.8409227946
15.7459513139
48.3865429157
31.5889278838
1.4941140221
22.2876898302
35.3175556254
4.10059817561
5.61415370876
23.2323209798
1.0670985991
9.9227682155
7.39696514913
20.7039672729
42.691218523
49.0788362653
20.5251544646
14.9366649194
16.8534193107
29.3875233977
0.0928655250118
2.78882519487
103.56987515
15.3180011047
9.38871095091
0.186096145972
31.3956080888
24.5784709067
10.5050244239
8.93055275667
0.902915365927
15.205446255
10.0650563589
0.472590373473
14.8061010352
46.3374545721
12.3829275661
15.4851139456
12.709759994
8.67679099146
2.4182086761
4.54060072705
38.4997300955
3.10230042627
50.2910231871
20.3985819923
18.0112018835
5.24625378755
