1.49111491817
6.03243349171
30.5559142205
4.51115662176
13.825381966
33.6749428622
0.570387929253
20.8111989069
3.90005001245
3.81594937188
5.55629955222
0.795699360766
23.5431447858
4.09157627571
39.7718406349
9.32996854794
0.000573774040038
62.7884368302
7.8679910053
13.3088151667
18.2542213337
17.4946158222
3.04786572611
12.1485867776
4.85097073059
5.87950072203
3.76438840728
59.0111728688
2.8045659977
9.04805396216
34.3632590772
0.951083955838
12.7851265734
21.0894946661
31.5168231271
1.70733125532
50.0710154359
38.7424368413
4.83127602034
0.35184221194
39.8603170346
6.20043898725
10.6038121242
3.86893159787
2.0148867861
6.76523333576
3.26324746897
10.418892635
3.4918385497
2.07395203054
47.2587076058
0.661481062809
28.5029767058
18.3112819033
12.6741038133
8.73929182754
23.077428411
51.3868342177
5.73719040771
6.60947333831
4.36560508061
10.6185373991
2.48985938335
3.43120976985
27.2300960229
6.04550327448
17.4447269547
4.05140412009
8.2261230389
16.6402743477
18.4514703453
6.29822318325
20.6799551734
6.99374021103
26.2358832972
9.97090437507
48.9259660635
13.7970087681
7.02926842763
20.0403316856
0.212777485934
12.3430562969
2.98176342922
1.59885634769
1.87997599227
0.846926652126
0.00129860106994
59.2679647264
1.46190782521
2.78381454964
7.73646147922
20.8588603172
37.7077916049
7.84384458393
32.6024946929
23.2713969325
16.1837162478
0.655539379713
37.7102356486
13.424265767
3.02103483991
17.6803262596
1.3697947713
84.1571962358
11.5275570062
27.895545085
2.47040125613
7.50508830143
13.3148252394
7.80448972152
0.267409291597
22.5750032723
11.0505493014
15.6173378626
2.32939517036
11.6321148418
18.4356280267
2.38035344845
14.596711915
1.41639032577
1.27769598731
6.51911109952
21.0778127773
20.7623591186
4.77390895399
8.75505021497
12.4377849694
0.678124849157
8.72032152707
0.563437130953
31.9092809726
4.04302250899
23.1801892252
13.5255259441
3.5011150037
10.8755277358
8.76409470571
5.39520447725
39.7074915331
20.2247094599
0.666808550892
14.2989731806
5.53196071602
29.2966240906
7.43005299461
26.8946112927
2.02346941436
5.68745986385
14.1030983939
3.59825518295
25.6785711811
12.4310899971
29.2135254999
3.69698098969
25.516504606
59.0431280678
13.6657253061
8.96015417377
4.81550939487
8.62757101911
25.4543698275
3.72942588629
48.6454660299
9.1683953047
9.72257951897
18.8985133931
20.7035998624
13.4247547589
17.6415512822
13.8080390599
5.07961220249
2.79600227099
8.43319382076
6.66480289302
19.044351115
5.43750059313
3.3662195254
9.03527704562
27.739459976
13.3544556504
15.8489595096
13.6448393162
16.1468156181
5.02079680922
23.1630717755
7.74104582271
1.82213451745
6.6920079186
0.135399654214
13.786275157
9.15744407197
35.5628661252
27.7009624297
0.413609100129
2.99522790441
5.7700245721
9.9110950192
0.328871078535
10.3698865485
3.21666396214
16.1590003581
9.31758729704
9.18539765313
31.3689854431
13.2524828663
3.4529187277
13.9117092456
20.1329921944
2.86963762506
4.83530030983
0.620568436987
1.22917223885
5.13815420869
39.7895442902
8.5130561969
0.197280573466
16.6348519542
12.5809919942
10.3881359944
39.2004109583
5.01180780448
3.59117560962
5.11020825738
6.42389600864
9.52969068009
7.18895326227
1.36293608372
3.96494575681
1.32998567515
28.3862149536
13.5954637165
1.44921058192
3.9354503683
17.9955045526
10.6722313748
1.08871767565
14.9587525861
7.12371682896
4.73883723322
3.87128034849
21.6531607584
12.8959192801
2.60061426486
15.5546570834
0.174850320658
0.0337541658044
21.7192255471
16.6767303123
4.91885643164
2.71647627739
12.5456255779
4.12547044104
5.34692744368
3.91736568646
11.0259167396
9.90313255865
6.68313669575
23.3416063222
18.5704765521
21.4604459313
16.6275554219
2.57398662477
2.9561803347
5.70426033971
8.90482360875
1.42223848131
31.9417984578
16.0668275798
12.7324557346
9.63505977931
54.3611626557
40.300328243
1.0944894202
45.0141941034
0.892478563604
37.7437175572
10.288230499
5.87083543361
8.74939927253
7.65085517854
3.26122944195
8.80368846256
40.0275219284
9.096339078
13.9923720382
8.29559170647
1.07132953542
4.405285407
20.6909459264
24.0798685169
24.022656946
9.53593666449
0.463918502556
13.4618359035
13.4040983027
54.0374897016
11.1164971201
4.19618747866
15.1172116056
0.936235575961
