19.3388774602
5.72754928747
0.478039319184
3.10352516044
9.16001968349
2.95589361939
1.37414754022
18.859748417
13.4417557262
10.4920986235
1.43461555218
11.4182984283
39.8189015985
3.45037183056
0.615993615279
58.1646203246
0.0329936884466
10.5546550834
4.4442211192
5.20784132694
1.23564514877
25.3141650795
1.26883253518
7.19147107958
10.3974385552
47.156367051
3.48813747015
2.85576372304
34.3290590472
2.68945342998
7.59678615835
11.1073767876
31.9283959304
4.547846768
24.7705248639
21.3297129511
71.2544765241
9.9075701545
22.1700188496
3.50480870067
4.91322133941
9.96921965162
7.55375902678
2.10807360177
4.30743843518
3.12453335351
17.1146142147
12.4167834926
1.46977156153
1.08263318117
22.5375443742
1.49889159946
38.1923851296
17.4590845397
13.502248087
0.353149459913
2.59201788103
25.2588787211
11.9892979015
5.99910422638
0.486490576615
5.9418296661
17.8939345885
2.5982052337
3.22724729347
9.98175560201
16.4957220666
9.02448179041
18.6019274492
11.741542952
11.0085694026
12.3142070967
0.739506373472
10.9514462322
10.128821828
11.681217256
14.8957368841
26.5427459243
1.01617228739
13.5149178519
15.6865077338
2.56622867432
12.4903356588
2.78367779561
9.80229084986
30.8298944341
3.98154829669
30.8953532565
2.72572079836
10.8000752972
1.88215677617
18.1438651386
13.4815673952
2.09917618223
0.666617848464
15.9345376513
6.24062341307
0.21203285638
33.2902697418
16.8647692049
3.89494139188
9.69256979279
37.1610955599
53.7797091462
1.10591422051
58.2864675886
5.30061823151
9.38024064177
11.5787471449
12.7455730108
20.4843487297
1.18800143371
0.331806655941
9.15756964015
2.42813913049
5.78121765546
5.51235270219
2.69304138337
13.3887223753
34.1851427479
7.17796454396
1.88248148046
13.7251408202
11.8287360986
1.62453188562
48.7201797567
23.7377050738
5.30313240537
1.05332443328
20.1123971059
7.62735023047
16.1920172265
23.2906357147
5.1736174914
6.16667962718
22.9274522416
8.0043751166
18.0825037405
27.7192809738
30.0192633413
4.98703456064
50.0534669787
13.7944552047
6.2480996687
0.886861360725
9.35206230673
32.5558922054
1.01463012913
0.155255773927
12.6714466369
23.0317243956
23.9912743264
3.95319301607
18.6917350001
24.8279218949
19.3114550982
40.6944153148
11.7046229972
6.77757432438
10.3167638923
25.5554305051
9.62781793665
9.04967330664
14.0906590426
16.6503433973
2.08891723161
4.20727774531
39.7984808392
14.9227912138
10.3466289774
23.6601851343
35.0447917145
1.49007792932
19.0764634144
16.7923891424
13.5084615744
9.89223939313
26.087503391
0.0758033711983
29.2395300137
28.1157552334
36.1732212232
1.72655544567
9.85470720053
22.9008413966
4.57611864615
8.6518890802
44.0702679882
45.6184678708
6.00458567811
15.0366091592
26.0153175168
0.150413763751
24.1895226871
36.2692452582
85.8501141528
11.8651671429
3.03794827056
37.8031924894
9.32944718848
6.10268696029
9.42562336152
15.3787749473
28.2571848123
38.2035565207
30.514978933
6.58110376843
2.41053297341
8.29259121338
8.64631646764
1.68675377128
11.7477660753
13.5651630257
1.82374301974
4.72156204236
14.132463441
24.1993368384
11.2787419946
18.6302426628
10.0651184865
43.3285524347
1.72939339873
3.04303603468
45.979972538
20.7598206767
5.28719230563
9.69818222967
12.1025511981
10.2149908449
35.2301428793
0.0943046946409
6.03249431152
1.5753612802
4.15662592879
23.0034500907
1.02819155494
9.7938313484
18.5230863558
11.2745560128
60.0807100945
0.0765579475789
2.89092855127
17.9306227772
18.7918682399
3.12137376973
57.4064991206
22.1456659787
3.65523295207
12.2155144126
2.41187645661
13.7675674053
16.6670298768
53.420771283
29.9971668524
8.17797775208
17.7237344787
13.4780839209
23.1253744328
5.80302010541
31.6188877857
16.175187672
11.5073286757
9.29286005658
2.59441894526
13.2433476221
19.0475388706
4.45387222315
36.8755537272
9.29903116617
15.3310149532
2.73222187227
3.411205435
49.5088842852
9.99414595572
11.673243962
39.4515671745
6.34460966305
0.58119040423
2.44745657601
3.34390863065
16.4375592936
2.98107900821
15.1596701258
4.81647915484
34.4778344882
0.0996908660722
23.5693950073
0.595062035607
6.85997137901
31.5712816119
5.32062467008
23.2083638706
42.2035177137
0.52136868411
12.3294375918
11.6352095014
3.45352742653
10.5742282862
6.66061763322
3.83508801087
