11.1125439149
7.10839709675
26.4223392769
4.65156277706
19.5372949171
25.8554603735
17.1375937579
1.27829874063
6.64171914594
2.13825746481
8.52218103882
13.3108217693
2.74091675165
38.9691418676
0.381856974129
5.31649605624
7.82913206338
25.1220546694
3.11388562157
22.2556032765
10.1847226767
0.202248603534
2.24352957482
26.9664701109
1.58299884843
19.810185142
17.3275059496
21.5535300043
10.6890975832
0.638179120363
10.2533138058
1.13045435649
0.901837854021
12.969052879
2.13181710501
8.2017973074
52.7521148802
1.21718583944
0.853001119993
23.1247980674
3.14203285628
12.3043800426
12.2266836869
64.0589977684
1.23220291317
1.03340307343
12.9341840953
9.3499401902
12.0491328326
24.2833829638
9.73690404504
18.1620853951
10.8135581678
2.27372029459
62.9061602969
2.76713924389
7.97880295291
18.6884441272
21.6144080193
7.64678842912
2.39735486861
9.29190480453
4.48520462867
11.9299850858
7.43192942642
0.676801893175
11.0646059351
3.44501956749
2.05651461989
4.29988493046
8.50306642582
13.1532124483
11.0061318989
3.3588773722
3.65597379086
4.54526118639
1.16384274756
6.03728922175
15.1139576881
4.77144384374
27.2942512117
2.25658706937
49.4136535918
20.5676035447
21.1051771559
22.3449351988
15.8557311054
2.99442916547
27.4309780005
0.956712114097
18.3959331794
1.97890869987
16.5171452086
2.82536990001
2.63571024884
13.2184488098
3.28312085005
13.2790106043
51.384517275
0.302781375351
3.7850295303
18.17126481
9.87450735106
37.7913801871
29.2008432692
1.07001620459
9.88834042089
25.9231793316
1.16273549224
1.19571491186
41.5152899807
2.34198868887
21.1128185091
30.5048279941
4.08392788532
21.865782371
15.2135238671
15.1757955412
6.85102710185
1.2954071545
7.34676967
7.45737282361
2.62445105507
6.07513903481
3.32079563916
42.6957424502
29.9680679023
0.0894285860689
11.2631329219
7.70596411638
6.88619161657
23.8617259602
5.01657893718
13.7265077871
5.59160165401
21.2945265324
8.50584713514
14.5909490037
11.0848119951
19.0567879813
4.41438362328
11.1336701857
4.4399202242
36.521146848
24.3126973744
20.4187723677
15.4736687499
18.4068620684
2.55902669549
2.32017668308
14.058727619
4.85736057842
53.1709393869
12.5692615819
51.9030891478
25.0763437446
8.1269882784
52.9410589628
1.93856183802
14.2541674754
70.3413896929
16.3719761525
3.31038942634
21.4379484498
10.4291545373
50.9865393081
10.8574908966
8.59321207442
3.93490536627
0.913430983595
6.33507939356
1.40484445151
6.91555383663
20.3096010074
42.9038881569
4.90426412047
1.20597491761
1.93871694387
17.5550130676
20.9413097242
2.18743761307
55.1126614425
14.6172232925
12.2057063526
69.7005830044
24.6739208072
5.40337212411
22.6748408624
2.43134838629
5.50276423811
5.31978427356
5.07065798947
7.37253637174
23.9050822858
3.10775986383
27.3031866883
3.8403810454
61.9319560029
15.8242030592
14.147487766
7.69547206326
18.7423630369
10.0557979677
13.9656954395
20.6870575418
25.0230282104
6.17026309876
4.42962913505
16.6819670758
18.7204585815
59.3982109296
11.0866477278
6.70231096564
6.60030365094
12.5690633987
23.2981360365
10.2665708371
32.5010984737
5.25147288393
21.2338010057
29.1312074915
10.0030589651
2.42342332012
16.9767340213
13.6650013797
1.19596673428
42.7929074968
1.68782667793
10.5181501883
13.6151119119
9.13759679697
11.8324043138
4.82990287997
0.189779651922
23.9025734054
5.42022850949
1.78591171946
5.50843670758
3.89089481478
1.62248940093
1.69541387892
10.2716322974
9.23631630089
7.66409764683
24.163334322
8.6315645521
4.04011349587
42.1615695429
11.3559085491
12.3391869385
4.49011513734
8.0975759114
28.8653724794
7.56088912773
10.9431778836
4.35367919744
18.2957085635
6.88555843743
2.7047521061
14.6923918011
7.51139848563
0.261626644868
6.47689471222
4.5581293091
50.8404822511
18.4054097088
51.1674234502
18.825075552
5.67722780247
11.3872678556
15.7132774996
6.38602133154
18.6365001077
9.22769639684
2.55888584987
0.52049904732
1.89572468099
9.98922727107
0.874362326519
26.7060143321
1.37090546446
6.63535932016
5.55963029021
2.72583565444
20.8793803556
3.36787054203
0.00122623191529
3.02243401747
3.32637822262
5.11175430598
11.4307884889
2.19453958241
27.1533980077
14.8915192889
4.09645175816
37.3517034411
8.3523923956
25.6534626726
14.044667262
0.0511322700625
