14.2923740091
53.23031399
37.8876627287
4.86135470454
2.59011737259
14.2171718189
19.8428536638
15.3289939056
13.4441066881
0.871303491901
6.49433730323
7.52351085137
7.86564816371
8.73655806306
5.96796881725
23.0731797207
15.8700176117
8.55382579503
9.69829866271
2.30604241068
9.58854611213
5.74223704695
29.4287396662
7.56974074465
15.7324253553
12.8327207962
15.9865263962
69.8846169036
45.351860468
2.30169784096
12.6757119102
10.8222143103
38.6077361608
16.1291513554
9.59163157957
24.1308061804
4.54763607741
4.66301791653
13.5331341994
15.709284759
53.0543567954
25.9815201186
26.0325669603
17.7983024969
4.05293294176
8.10070796816
37.3137425574
2.72969341658
30.2310298658
13.4576770904
5.72036638403
30.2246729915
5.40235860243
19.6216575818
35.9687720165
0.485122238109
22.7628202656
29.5249837714
5.91208299694
18.0952311854
20.0329139854
17.332056076
13.7605031726
12.0312351755
2.81510455013
1.25748947213
20.9134195423
11.5868660303
2.90365105153
38.1992239743
21.4556657393
1.90454630676
5.46571074747
23.069632372
11.8548193815
10.9224348514
0.0152014279534
26.8632936078
83.7447428064
8.57000450272
42.8292620997
4.97906035189
8.80272987269
3.70312737565
13.260239549
14.6069287196
2.95797986144
14.0594860893
52.2522632788
12.7290777204
10.5858352247
13.6696034591
9.22313125942
35.2825471281
32.0078466243
17.9314243526
3.13371161653
17.7861275221
2.47303344191
29.5867964699
10.2795877624
6.34888702632
26.1755528135
19.3071698129
4.32057676063
32.6459154113
21.467765804
21.173029759
2.8098521278
17.0426093999
13.2237759983
4.64342887088
7.47037714376
19.6626573712
2.67233166763
1.31391390956
45.0788782885
31.8481751612
20.2418996399
3.5188691257
1.15173895403
2.19389886881
2.61438161905
1.4873525634
7.4542709261
2.03702813805
0.596939493461
43.1224461293
10.4925675236
3.58564910565
10.8709984747
67.4412765951
7.74842095742
3.33029189128
6.8922653543
8.27455148909
3.0890382794
38.5523271394
13.4736350478
0.387963296729
56.2342024223
36.6710516108
1.51352132413
1.51437355134
11.9347913745
10.3433922466
65.9052836466
7.26358516543
0.805104294992
4.44592418375
7.44079390013
4.87394219879
1.33721829534
21.0991920415
19.7282836421
0.111347092603
3.38728642466
20.9616405511
0.50020370772
8.94601874244
6.25878632498
7.10781825336
24.187314556
0.956981943188
13.8696948006
2.35816673395
26.1542993796
24.6438614561
4.40158887205
9.14945657254
59.0999581935
41.3196604276
13.3130713907
27.5670745055
7.31412061549
21.9478378536
10.1051570661
25.2854926725
3.52804263802
3.04501396336
6.35067158659
1.22519384858
12.3098970581
11.280473841
7.48032431704
7.65719625372
1.6126875438
3.63900401415
3.96807412981
1.68103866826
1.33767614544
10.4142293933
33.2475915425
11.2274414754
7.77289148913
60.7394785685
2.75742079896
21.5016929569
59.0316706773
1.52742353184
14.9242280899
55.5523062164
16.0948007853
10.3714384603
24.6382230659
3.56182943383
1.71600743729
31.242565054
5.99685078759
6.46312853654
11.6809837972
9.49226417598
14.2751726271
10.3944081598
8.03610091791
5.12435841714
3.5490628984
2.49731640401
5.56184454939
1.22074205243
19.3305342077
21.3903010239
22.2056320385
11.7234550266
13.5828161613
6.40633160729
49.5402414524
3.02795672929
17.1436897286
2.68075989417
11.4066955682
22.6889535075
3.49925402447
157.209664526
16.5263656933
4.18919983604
14.527863509
7.0420353098
27.8168441635
29.2595201174
14.0201041772
10.0468411846
38.4090315088
6.90102811719
1.80494722076
0.133989406735
12.6442254275
33.7487843756
7.79448401998
2.84443105685
12.1223487889
0.244035021034
3.73551219935
20.9147300722
23.0591530953
9.53809392511
2.23596049034
2.24701662802
13.3597519746
1.44713824954
1.02071471728
27.7229764562
7.49873929045
1.4613464863
0.277851018086
13.2144925303
17.1350353508
28.8094591047
5.17515756008
15.1368878247
8.89876241835
18.4928321642
69.9810509451
2.32099692707
2.84414346315
33.5716675644
2.75777074473
74.124878803
27.1340912568
15.0404254153
11.0832817084
5.22176988842
4.83641777249
8.45964905424
10.1502037286
25.9222509839
16.3700381937
4.67037641134
16.3740630363
15.291672451
42.8052336857
8.17451927234
7.84765771654
15.6237481869
2.59294721755
0.534173714847
21.4030922168
6.05040464658
7.18520063092
21.236284478
