46.593469421
3.43995480236
11.3292331646
3.06948004822
5.63266755801
5.04906798626
0.0588318406345
35.7865623226
9.76242065299
70.1729049633
29.4442434073
32.8004081853
21.1720844508
47.1589065627
8.56911002472
2.50395301562
26.3053181326
9.91431971746
2.80678284548
2.76917370624
1.07052634616
35.0613238923
3.05001379938
28.2281929893
11.2512486783
10.8495231871
12.9430009284
23.7233196894
4.49220336882
2.54721529491
13.9778381223
1.83682588106
10.8399364427
21.5918333142
22.4840741947
2.57714299411
1.88244003276
24.6206989228
17.6161769695
12.8455695734
32.7364822492
11.364534013
31.9847416476
21.2840496962
21.2446863822
17.523554655
6.35055319201
11.9540995271
16.4945242778
24.2972165623
6.68982498918
32.4018985699
3.05017234562
4.89322200625
9.53905444082
7.72083367474
2.159802413
23.4821719762
1.14687584468
9.83548372574
24.9108823262
43.3269411718
27.8203170039
28.4772440382
7.2418868322
23.6329252494
5.85752432412
12.5764262827
4.72995329648
39.2015099889
27.3304546973
2.13744142253
12.0619128703
2.64827448044
24.6452209882
10.0363003216
3.62880605853
4.07274971703
7.23169835185
5.23969218312
27.3031109795
0.00378207756612
8.52914626754
18.1791596902
6.27354556815
0.242120385149
3.09431048775
4.63316861861
0.00768535031701
6.83573944792
16.5525145032
3.30395112912
21.7234625851
19.573244713
17.910256886
0.100615528892
18.1916296
16.0893569786
3.63522907854
69.020268895
5.17464613045
3.62206441235
9.53702612106
15.955169506
4.90632165665
1.13675903429
48.6627861522
0.0902614176224
22.9956831407
14.2463150835
35.2763463667
4.85561130341
7.52991513745
12.2037971296
53.2159482042
6.46884687878
9.08245174508
9.3796672176
4.22805231365
20.305136829
3.73745394328
22.3900839343
27.8622684186
1.86690640375
11.220633486
3.51439382088
8.29640764309
3.45919276918
1.82826811156
13.3642571431
3.65714070255
2.82590094454
37.0512761875
16.6572359951
4.85538909964
7.78917246535
20.4158011415
7.28324372146
13.9146292631
0.980794434519
3.67608306013
8.16821421795
9.6876260536
29.4545438691
15.5551173536
3.71045987843
2.2634459778
7.77226223591
0.526118872791
10.7943518082
9.7332605964
11.6768575664
8.71695502006
6.92077513062
23.9585384987
1.71412229565
3.05055162966
17.2777830052
30.9254454199
2.07183112313
1.71568477008
23.962273424
18.0725380702
21.9849245807
34.5096609518
15.248666617
9.21669146044
9.03891632385
7.88266165325
0.154713987787
1.60211390201
2.41781058313
1.34581517691
3.00981417413
21.6852038708
8.46620482766
12.2415752913
21.6181608334
26.3388168246
23.0077007615
19.0774364294
1.04509785766
9.15755312536
37.7868965107
4.62708881986
60.4069486782
13.6693159136
26.3011867294
9.91153240624
10.5051471543
11.3212569204
16.2630645853
9.56437309927
2.34179334077
16.1151316469
29.83459096
18.061554912
2.12295980571
18.7215079816
2.3758999741
3.78173018404
6.89352084565
6.66442718195
1.3931975858
1.04169747335
41.4569397745
9.21928968731
19.71724594
27.7105990108
13.5423193186
12.9450682823
9.07404588881
7.16368589704
3.47136569808
3.42738570654
4.99090429406
11.3871396263
4.73673754947
7.44812760037
14.0759342266
1.51725598034
13.0988900636
7.52182961786
18.5526671577
13.9118948917
5.93383487104
13.2174205084
1.18822665019
0.641589834779
38.5526618136
9.4642997671
16.653871139
4.06059627978
7.1278644223
3.5454480846
12.1385349893
0.432722986882
81.838613024
2.37729160456
54.6957729966
14.2176168933
4.56269717626
6.30253234707
3.24558185679
9.59649002518
27.9706211551
11.4069761902
22.006587906
3.78197795333
6.02039796757
0.269545710257
19.1269332404
12.303668282
99.3766351185
14.2548938917
12.8674320949
30.5286975347
9.55076169899
1.30391369878
11.7998350895
69.7730994836
6.79333649187
24.281764709
34.4703922471
23.6271952919
15.5545711458
4.15202697778
0.246046312261
15.3229571758
8.80848816921
49.4129758966
2.65229476118
5.59310498555
0.255331621847
2.94881098512
9.15498299019
13.2140461849
61.0812744803
7.86217178926
0.425385459091
0.133552072402
4.987578448
10.4729349104
0.804673718803
12.8711231297
26.6454627765
10.15058363
49.440917022
2.25048506065
2.14962263603
18.4684451421
7.18991945108
1.03311930331
0.83240390587
5.81104196312
19.6827713747
0.57910692561
2.02964262321
5.4780853354
15.8166022879
