20.1293622068
10.3323473348
5.37371650272
6.43220932434
5.00624306515
7.7565269136
59.3862640569
22.6163402858
14.4799519505
10.9340565661
40.2533179531
2.76421460065
0.0497329808895
7.37391902369
0.505554763365
28.5432808765
8.34916292421
15.3952017009
3.60493053777
4.65561595468
27.781294636
8.13140472117
12.4687985387
2.57196554432
4.21414975317
3.31499223693
0.728931324989
26.6771733715
2.87820898168
1.58451174631
7.05105790911
0.0177828859148
12.6137785437
2.91474948595
12.8071382155
5.13186978506
20.2941278072
4.35316243777
1.90232929235
8.54996540487
65.0961976589
10.7271327811
3.27902963283
8.10868063533
15.4171164331
4.20717893327
21.7483602755
4.57499759298
13.313703174
8.29651053153
17.4246844638
34.4133736998
5.85602138721
16.9554708693
40.3225330778
0.334647392644
5.5286398331
6.90553508109
3.2806231444
16.3689712309
19.7115443164
57.9587205089
2.94967062516
14.5088774034
7.66390406322
5.4251125321
2.53389388615
13.981581444
51.5602380646
0.377926244703
8.01401958602
25.5804198329
13.3040273059
13.540154744
28.1182730623
11.3372873909
51.6672678607
28.2993374721
6.06709328729
27.4289526505
8.63470069686
7.41263700296
8.54138442248
17.3810767815
30.1191266241
19.2522859528
17.5218678082
34.5593946506
12.4625843311
11.119117648
18.734960147
2.71114521586
15.0258111362
87.88314588
12.9682442295
64.1008354607
6.87553086504
41.0589100162
3.7002937352
30.3799426659
29.3266536765
10.4423254239
2.95190830457
7.14884789098
28.6687549992
3.12477262015
7.28083630517
1.01334126899
9.16622848188
13.5562972633
8.15205968579
8.16987111888
0.966848953871
9.09196071795
10.1880087805
11.5330978102
17.40244822
49.0247400185
14.6783503015
6.55187187004
4.25071939919
17.9008542579
16.9803932107
37.6714842024
4.97081694878
10.2753511901
6.12639993864
21.442780626
19.8283021692
8.15165922275
14.8693622034
6.53518629999
18.7060515468
12.4724819707
5.75730886186
9.17525345073
3.2541469205
1.33652527047
12.4464256683
13.5284779519
28.6291318369
24.9574828206
11.8418272199
6.74592908682
9.07192057391
6.24202501565
10.2459330763
28.0181915163
10.5722677189
5.38374759252
7.88167001002
4.61628831181
74.0300421316
18.8440459515
13.3995354945
36.3147729319
6.11587419899
2.43192727707
0.464073343471
4.97676955845
6.37444518726
20.6888868878
8.71312977121
18.8989193949
7.54977261195
8.25343226389
11.358456904
0.350220215174
3.37899996892
5.05199042182
19.8762271381
55.507764719
13.0817394246
10.8834441395
8.28032203526
18.9006278382
18.5762800569
5.83621448817
19.070912935
41.9973079755
11.4400889757
0.701089256746
7.17378086122
48.3041356202
28.990590906
10.6689555108
4.010354923
36.9573429869
5.99032256065
6.29876935924
10.0150677838
14.8087398563
18.0379097176
3.18236492971
2.74442064595
4.52525420302
18.8573252419
8.3796807433
0.52755578486
0.824377275671
12.2553214035
8.39448517371
10.4377650582
5.99616730648
5.80261457405
6.51196538983
2.49063207906
4.17065251269
29.4247193596
5.21535548996
2.92644273459
1.35636968617
62.4021443815
11.8285446986
2.27062122207
63.3755035892
3.18439453004
2.87984550732
7.90658842757
8.8969657879
18.3840911103
5.56627463319
35.7462935965
78.7486502303
9.26160316815
15.8537732375
8.41223041894
15.3270047838
8.67963953535
28.0122555124
15.7455803461
5.76037106814
4.26873016779
19.6544057451
13.57584572
12.090574022
13.9352864288
4.78898817728
34.9146749739
14.7450021105
16.200485938
18.7298488466
17.5745381259
5.07013420052
4.93047598668
48.3446912121
4.69051706521
13.7857046094
10.1494841245
9.55221353467
13.3164872591
13.5945723282
26.8297647304
59.4589504086
3.80326621329
6.54474473345
31.3152042921
10.7796701212
0.83648733768
6.80002940795
22.5475736516
7.53980861484
8.49874777118
22.7531432613
43.7414815217
5.42435208153
15.0583359389
3.26392071662
0.95642552087
6.14118634152
17.9683123738
0.728911206888
25.2126915342
7.7995655026
9.44468311127
11.1671601129
14.4717158714
4.40216920012
6.86537926863
0.384376280005
4.07792247887
1.02288743474
1.52087589388
10.7981713228
6.19345032631
2.49736742371
10.7448827278
5.29062318959
1.55033143766
53.8032083771
34.877769891
37.0070285549
14.2430946071
0.175902801028
6.56783268912
16.5419353834
26.0230642734
18.7495169792
46.6316311758
3.41651729876
