49.5000764286
60.1257589784
25.2867386347
5.07418203648
21.7500662707
15.6523827301
0.407305858005
38.9117329133
24.1883884237
28.8751717857
3.77585214203
23.6398742559
3.09529345698
8.60192066455
22.5520637108
7.85530039441
8.74230360209
26.3548788868
6.12728535904
6.86034287758
23.8155828025
17.4721948041
7.8230908356
29.000921126
20.2095408478
2.3362410331
12.2998042692
4.91460699367
1.68607212313
5.70940485622
22.2319086828
42.1611070994
17.4371853803
1.07662918625
22.3701666345
6.21588901657
8.74533868526
9.9355986097
11.3425861431
9.50385389467
32.5940443625
14.8839675534
29.2131765582
1.2441755536
20.1733818458
6.20279840381
8.39141614113
6.73784634826
6.94558125119
21.8966750188
11.5291834428
3.21213292153
14.181344732
17.9212408808
12.0479913175
3.26633412143
19.6271414123
25.7151982611
0.404057886927
20.6479533765
14.0400486915
31.4435138512
17.3358528226
50.1360795394
1.43399035828
2.13464252362
5.88115350746
0.110452921601
11.3857855105
1.5769100211
15.3126565832
1.18117788469
17.1204443794
39.4798311485
11.1553899505
0.113002470875
7.17001801228
6.5228896065
10.0144953043
45.099198075
4.24170038541
15.7486922841
3.69030988973
16.5478317354
2.59570421004
17.3589479849
0.072259845086
2.09349660923
0.144202679572
1.50441360231
3.77590435894
25.1663506127
50.8700008203
7.47036032928
10.6550180605
31.2949745255
38.3445533401
3.67028162027
6.21692106083
4.35674594417
3.64482339897
11.1533551169
2.34798882385
18.1870011696
2.83852498748
16.4422894089
0.539584128674
0.888780871949
19.8377568429
17.7485839878
6.23656051412
3.15489861388
5.8653421778
16.640651857
14.1546273252
22.7743893241
15.0041960721
2.58090242086
16.9624610314
3.09071124122
26.5087619401
1.51616654565
0.759672956748
9.63564110351
16.8010917079
16.7213857654
19.3390106927
12.8289133802
1.51368409238
0.761059632729
40.3060061324
1.28216332482
0.946635964797
11.4333619246
3.29149246619
6.91716562851
0.0229363660549
1.64183376532
3.96663760851
0.816139154
8.46209715614
34.3963106971
35.3156163208
0.358469242591
8.77993032625
28.2496257859
96.1961303214
0.79922045911
4.44347579613
15.5509107992
33.1013850993
33.0667554307
0.232231083793
1.50104222457
57.4872576919
12.6548695893
30.5229867653
10.275795462
32.9892526729
3.9063531934
25.592773766
2.0898904559
13.5713363218
21.0884105098
8.8997356552
24.4857209845
17.7324169911
29.0170383332
31.6801670824
38.5510566976
2.97505711584
27.8423150208
19.8747908369
9.58772310271
36.4616500663
4.14031110317
5.54125976487
8.72407119487
8.92431407171
6.46669257668
0.617295773576
1.6039348688
16.2904721253
29.297267065
0.734336665521
1.85465797949
27.0796567193
83.9344998411
11.5753469533
40.3814207399
43.9625906585
7.69896053327
10.4058211998
8.55105295198
24.386254373
6.24167091373
7.19378417678
6.49859940595
15.7457005998
16.1049116815
36.6828219778
21.6738950023
57.0232429623
14.2073531441
24.209172788
44.9964153647
7.16119895076
14.0154382974
57.1961743434
1.59273322749
2.38022415707
0.236559812151
1.9059014459
42.9527570958
19.6950315875
0.592031497491
17.5302839123
1.45744537023
8.78613179029
13.8241510412
52.1352795015
35.8184864953
7.26867075001
8.1126520699
3.86241435932
31.7110801699
4.11887673623
16.2804765862
0.342006737235
12.2224276027
0.165466752767
9.29408512876
13.4670508036
6.29330956498
1.80255151732
9.07253074038
1.98868728337
10.8591790743
49.4685910041
19.6419349874
38.3565232048
39.9520524363
22.839669763
8.85546464223
16.3991777488
2.40609412064
3.06146524718
11.3658786394
2.00226893933
5.49459665835
6.49482381566
6.79987260028
1.57243106166
9.69897378802
19.4804188917
0.254504407623
9.87020904729
18.1905956631
1.97622107035
0.174878900477
59.4553885042
6.14839888801
5.31036919259
2.67819231142
8.29214386957
3.79203000545
4.70163561735
14.8947839202
9.13847880727
5.16763552163
11.6849667505
0.573050792048
58.1454415552
10.1652350939
1.3124209692
8.27855605738
0.91215856218
23.8175799647
1.82338929592
9.47727489102
4.5800333638
25.6647805071
10.6750305914
8.80421753639
10.9828651663
34.9100564536
9.67647906776
5.95266213113
11.2701757871
44.0116102918
5.67552961674
5.77281071808
38.9995570755
4.50479968707
4.38712951777
7.80809463326
16.0778647103
30.9613883244
1.94011484463
10.8384290746
