1.89600192397
3.05621906028
20.9509104141
3.52938864359
24.7070973027
5.17509723947
2.48147047475
9.08063255045
0.78445967253
3.52365985847
30.2486116224
41.5196178393
19.2297955796
34.4409329706
4.11536435511
37.3481872065
5.81054155043
12.0235364342
0.545005116721
12.468058991
3.75340776613
9.97344545334
14.2771359901
27.7372703433
0.498912778759
4.89769684391
14.067743629
25.190021628
6.98000139402
1.64731165652
11.1435673677
20.2833367224
6.51953915506
0.356055070144
7.27604674921
13.8446638731
51.6197508385
2.6047652396
6.42218778913
1.16931622041
2.17122602937
8.23108840055
9.6251531111
13.3776162654
16.5970911009
10.761422979
9.13464622545
4.57542280058
6.08467340995
22.8683055701
35.1230921887
10.6114863109
24.7848288957
40.6524266891
25.4441735028
3.13242348882
6.38381884018
36.3641551154
128.04072282
43.8999745508
27.701826477
5.13081090073
16.7813608214
7.94705652805
1.02615760256
24.3190283923
12.6378174261
3.17519915041
6.41821452589
5.13775770786
6.12667147173
65.4808903727
23.2164736918
2.12285814906
18.6952435945
20.7122723486
39.4755154764
9.38423286913
1.75436735518
34.2049858618
13.1092484689
25.574372809
18.0621186973
12.6224242647
20.4377704319
0.712673560007
32.5005788941
0.547149337098
21.9718600702
11.5242906117
14.4384033127
18.4032664565
2.92279727193
13.93376489
11.5492232778
48.3170897251
17.2781894967
4.07265544616
60.0379349327
26.6131405455
11.4675757019
13.6201308641
13.1790457599
24.660056041
4.07375169306
16.0358406133
8.29678030116
7.46165693898
17.1199368723
7.86754713325
37.8394885991
1.09999009065
10.4213646277
8.23176700811
3.42117696552
11.1028908479
11.3596490018
18.2808929616
3.61610670467
34.6858710863
2.62419454244
2.650690229
7.35947465368
4.05341847044
16.7100418882
24.692247509
17.5909086527
6.60538961067
4.49989838958
3.92076389348
21.8442481732
3.39343204869
30.7927326593
12.1766218912
38.8078483463
4.16028567847
4.8994002764
7.49481447216
9.32164822988
6.05743869093
20.187101867
5.49687229402
8.31985824986
19.0721133427
16.7129137087
36.3523178684
7.81299427514
1.15432518141
22.9879443889
7.05798608554
4.21997561405
4.00196177904
11.012144765
43.9149114036
2.61438575828
22.0080234288
32.3046716479
22.0431791406
12.7633898819
6.29189565362
6.42569756233
22.9621131731
1.76048256444
2.68917608356
4.47629472485
16.1124839733
26.6555803564
1.90971398578
32.6553690914
24.5674172401
3.79754942384
8.53920190983
13.3521088655
12.4431254388
13.5335805533
35.861313904
3.71976659774
24.0328220658
16.5198681698
7.60618473869
5.14386016819
8.74195624111
18.4917969843
22.933781223
2.43241421053
4.58036781638
8.89992903272
24.0420594536
4.35372772658
11.276319833
21.9121504348
55.9454861106
15.5990733889
4.78280926971
14.6234621906
13.4753002499
3.35595476471
0.484559095458
3.20121214662
1.02611415717
3.31955245448
16.2264117131
5.93473714427
4.88349286918
24.2329311152
2.196502027
5.52920103998
51.9774018623
48.7769211159
6.14210422032
6.04535204906
48.1736939966
12.1591597521
9.40688246134
3.60798442005
2.22296123541
13.6051665297
5.93425732422
24.970945974
1.79285623853
20.0525956015
26.9578491343
9.85737222084
3.580862972
2.70058968867
5.45852177011
2.71518864764
28.2443377851
8.80873501174
84.8019499296
22.3400258836
22.697468042
27.8070647372
1.96853142968
9.20710609396
9.85919342757
10.6552566201
11.5887463354
0.81010407461
6.82520940883
14.1541154008
1.84386640468
38.1706218441
0.70974381543
13.2491067075
4.08347825617
16.071473775
32.3941523499
8.47426159664
31.2468041948
2.66120040521
31.5208983237
4.71935409785
11.1159546248
26.6825772377
8.6917847266
7.02575275554
4.64152548736
15.6404161577
5.0179204212
81.2223309745
8.57949388385
10.3119544585
0.545921824195
25.539465185
2.28881387704
38.8208689278
41.1144094397
7.12749060652
0.829682009327
0.563518178789
8.77926138513
53.3725174074
14.1304969847
10.7994375234
16.785627631
83.6875806576
0.501221593675
18.6723983538
7.24559353329
7.39309417752
11.076428822
15.0457032695
20.2748130366
0.754322063618
15.7069966795
17.2872563699
8.94097683224
35.6570966836
11.3339793484
6.87509478908
7.43800426625
1.01136980461
20.4951997658
29.530518095
24.3703846985
1.71739927292
9.07478488059
19.5379506955
11.1933783743
