14.936187741
46.3954637268
35.669480362
27.7365813243
24.0613467551
4.17044711464
0.580309800446
24.6056938994
5.79664204529
17.6310799702
1.58340784994
12.1264442845
5.72927506779
7.73515259947
10.6826655988
11.7015169124
25.9089889194
19.7722039225
1.94248940068
20.7077343597
10.1022737135
10.272773858
18.8441209925
16.2604628159
6.0753002556
32.3392732407
20.6906693741
21.9718616757
15.5074755022
45.8679892949
27.2790904292
15.7097329586
7.09536547809
26.8100618897
1.21330031766
14.4380544149
33.8434669409
41.7666247605
35.9984848552
8.07014408903
1.26342067323
12.1294006647
11.9837437632
28.2733346495
14.2334986154
0.169706264358
17.6462447012
6.90384645741
22.1930006648
7.05051748985
1.22231285701
0.265593958026
3.82085113576
1.31838569316
2.98571691998
23.7008747057
13.7001238921
32.7859830333
3.08838809743
14.32187853
5.00326701881
0.8042158085
7.90125888788
1.84307451113
4.70484300741
15.0584572066
18.3431697898
2.51183925858
48.5545834897
3.70181248923
38.7790841277
3.95528994239
23.0338394655
5.0470342516
6.98440725396
4.37159289959
3.08158439993
19.1264678627
25.2074937345
18.2792873763
5.87568615824
2.42014759185
4.65098793992
1.11924587053
16.4914827032
16.1589590816
14.2480958813
8.37512702187
0.247089119152
5.89043641857
2.05228862814
69.3072981983
0.345301404021
3.62369447909
16.3161700135
29.8683045702
43.2401478886
2.78424186527
0.64039000827
15.2417132726
5.60905651583
11.6774344956
11.405066074
7.48030972964
3.79999322835
11.0005093712
0.0659795618097
63.9803065597
23.3648106773
8.30422868528
6.08819883496
18.0429412124
10.8512925701
3.66492222909
1.94525100957
1.24582648077
7.42510882423
15.3622226543
125.554596382
9.98354800176
13.0922999509
4.2227053565
1.06029339437
3.53893093944
8.04715071017
7.85783960908
18.4523463558
32.8290644717
6.50208382939
20.9154142131
11.2865282792
35.3948421174
26.9714831057
9.76659879229
2.20780555302
24.9624373482
21.8815324277
4.91084556758
8.69002705644
2.8096500621
2.32955836932
41.3404489179
8.03319591471
21.4479662647
9.84911294863
5.65853649544
31.9109478259
2.58986721709
9.41139837555
8.44176813956
17.2754533204
4.97817130362
14.9351454196
20.3549435822
1.38347688149
0.809442311653
19.3183635713
20.7583411415
18.003248102
47.3747241834
20.0195776592
2.52114657376
2.81825859367
33.7579086538
4.56895041251
27.6692338226
5.61002241332
5.67456276846
56.8360510033
22.2335712478
15.8930741919
33.8450480881
7.51841348374
51.0536340534
9.00479275994
17.2496423379
0.749909547777
15.5137149114
0.621095309495
1.15918917565
9.76155475574
15.4154590565
1.33042078217
68.7660397371
4.01778894459
16.5445806153
1.65800431133
3.01029174626
12.6825755489
13.4859908187
1.21095085479
57.249451037
30.6989316621
6.15993451682
10.63363698
10.7083768624
3.72345342166
13.0040499279
18.3312929672
32.3067935686
9.1103254722
8.78158785724
17.1175091532
5.79163683682
1.85528155587
25.7203332263
22.1062444326
7.00203485144
28.1917071944
40.8995613294
4.5965302078
10.5089754178
5.99500905482
47.6581838436
15.7340781017
23.9200803333
0.487113055286
12.1081752572
12.2407534308
29.5431708361
4.4987270856
12.3023537531
0.540992093511
9.498498603
0.813776856882
14.089977396
4.17218217701
8.40504470466
1.89854547672
62.6684440359
7.46862112501
4.84637566072
18.8988939124
1.15123734961
4.38494198837
6.22490231484
6.77188862121
33.5469461503
39.3893764874
14.3993424319
7.13121962915
27.5951319379
28.0051781319
29.0729562204
5.33546848246
6.53236248507
6.90947086408
2.70229563872
4.5449117891
31.8307663236
11.1367158602
1.02210017567
5.7506472944
3.26012123343
25.1939343486
0.280090916888
30.3298968484
17.019404847
20.0584261711
15.0716336883
21.600625781
35.5151571448
0.879605608796
33.583830099
40.317838279
27.5792310768
43.4022039462
19.2784717134
2.08293553418
10.3083594552
8.56095146488
0.199180832041
7.48902925474
59.7083351528
11.1747747717
40.8294734415
1.23453392977
1.63732143082
32.712907706
4.35374512683
23.6300202199
8.26177178121
5.99003488537
3.61962105964
0.64888117657
30.8185773121
36.490737042
28.0444319236
0.837030261916
19.5819255628
11.2713246847
34.3697717073
13.4442326941
20.7604553396
10.1167732103
35.2350089004
12.1695569047
5.96911612038
3.15585698538
1.97850872269
