4.31554004111
0.314876317143
4.98914863969
46.4504846241
30.3393683631
1.16230548612
5.38934860677
10.7119414463
16.3536048051
23.4711704547
14.2950916674
15.7380101434
6.66497803826
3.1570916055
12.7259470918
8.22334496753
8.21075550274
1.3354040368
0.551255830235
3.50394154291
4.31191433804
53.4680846329
8.11041956531
30.0045821073
31.1755461074
3.22804472666
1.59089937919
7.09902079386
9.29153199317
13.9868449331
4.19757729967
1.03648833214
23.4377694213
1.78264041891
25.9815593563
0.043157921658
18.8378845414
1.26893454057
12.5857734767
29.1106567742
3.86591012629
4.65537180839
20.0678553002
11.3122106448
23.7343532132
1.82544769688
74.3632793769
13.5338465965
8.62732495989
10.8783222716
51.1783033845
8.85109396099
5.70852246004
6.92491016853
6.84568041581
7.23124419888
10.153678254
17.4167686596
74.8862907834
5.08396267809
1.48258094572
20.5652180894
24.0309468676
48.0669743748
4.36796819007
13.7228411034
12.5037555492
1.98091542799
34.1996804273
18.1102857664
23.472417214
2.92185750481
19.9536706661
40.4760038637
12.8818863298
1.00443037116
6.57215047382
6.47031558979
40.6137651154
10.0402946267
39.2193653424
3.57533193657
7.94932914321
70.6601535719
5.65668260441
3.39746091777
0.921488635798
4.55204288929
3.00833301262
7.28193438597
39.2928935739
3.20411815419
46.1259375752
5.01366885375
5.38265368723
17.8904100132
15.2324403107
37.8556735432
1.56341024242
28.0389911437
2.69036174652
14.4132685308
6.53335184043
7.10900320769
13.1409775163
0.418370837131
10.8404869847
2.37459967247
10.4314769011
29.0239966256
15.3075365855
10.0313519929
16.2257664028
17.635283409
2.02964614588
13.2142022373
11.2114047323
18.0428340564
1.88290890094
22.4135907004
11.2812726948
7.88221959883
41.604139764
27.8922856257
6.69418068591
27.9573436942
15.1907009598
29.958224133
15.4735791611
18.3611500112
2.73542732778
13.6282772871
30.5253667341
6.42278547648
30.9884424508
22.3789601124
8.60681893841
0.330656570502
10.3112655833
8.83211926236
1.45241796635
41.1444786038
19.8832051325
8.43109266721
30.0357836075
1.83941994129
12.1735192155
23.78504345
15.5593442451
28.8363950418
4.70598562222
0.772769510355
20.0091004329
10.7678735682
2.20398484377
19.3557156755
10.5463956691
2.486984095
2.22934567091
32.2963592212
12.2539423889
0.517819990159
38.3309008467
7.8455041766
7.76184648134
17.3727971628
8.57238655243
23.1050278681
5.49606967581
2.03059778101
32.7755621541
9.12533817217
2.41287084135
10.7661338903
8.96751941571
11.9057126676
20.2160373813
8.48239381643
6.93138832084
12.4581665211
48.4165617154
24.854874501
3.95428711243
0.553416151598
1.21228507768
7.44973667977
1.71835459765
21.8432161507
32.2525475978
85.997769131
4.20084734141
0.830073239236
1.8450628777
25.4246814376
34.903018682
1.99738070412
4.16684121129
2.72701391684
5.59414154525
15.8002119506
20.5256518246
20.4113427087
6.81014751851
14.8057317692
6.99367710005
27.3601949017
51.6488858061
3.72482232469
13.1562129844
44.1885035502
10.2838826866
36.1012870713
10.3035135191
26.4432647188
20.6965836528
16.8242609829
18.1964406969
12.9362717117
7.04893669466
3.94894999225
13.0548747702
0.865771893152
12.0060033391
4.92965695538
7.40917498074
0.460107989929
1.01033370307
25.6214197012
13.6349958019
28.9626551445
2.08340779838
4.17083462925
9.53048598935
18.3015918301
2.85135754645
61.0393396154
1.64116533997
18.1436155862
34.0019484803
4.60200903379
8.78153390194
1.55182963182
51.6669962583
18.7727988139
10.776177971
6.02429800683
0.0227162278953
1.31343495979
13.0469000349
3.73051393547
1.81140715185
11.2038241911
0.722128352678
7.12627465759
18.2187856619
0.868569240621
35.7329273479
15.2949739481
36.8994451006
3.12108781387
3.96579017039
5.34358672307
10.7241901952
24.7806250592
20.5214205421
8.99226899684
5.18802391652
6.63304318933
21.296186748
16.322415153
18.5399361307
0.582279506998
28.9819181005
19.3639855288
8.09301861281
20.064938054
10.4824887436
5.65595294194
16.756009544
16.3853613682
19.5485601012
15.7408168543
7.33641185427
6.11589834291
7.64968910032
19.555630409
8.1387824927
46.0136725901
13.44982434
3.93684672569
73.1232665407
74.5761396078
5.46000863486
13.2957412287
15.5565343661
8.24409486922
21.3433863954
4.62191105855
5.29179386244
0.197919520621
