29.0809732225
28.1581638085
9.52676440048
2.10250104215
10.7577588036
58.5034946085
8.93629475223
38.8356185463
42.1715558365
1.54947677562
14.6474042303
9.68184660719
2.21201327665
3.41054273771
11.5751934062
28.9895031772
19.501843105
4.19642853332
20.6562028556
22.8005268186
26.9052947941
17.6383830426
10.088522148
11.1134313564
15.8776552434
5.14850518903
19.8235155207
33.6851709215
0.271850978543
16.1910313296
22.2760332324
10.3997257338
16.8696483234
2.09986408547
21.9346886616
30.9927584098
3.76762157273
0.0244797847409
3.80830781951
22.53048657
1.03742615519
20.2582240891
11.0269538946
1.28264804028
9.34953355744
13.2542197635
13.4592310162
7.4475238058
14.8248512815
24.2609693295
8.39224282039
12.472894541
21.4775673976
2.639292185
4.26590330114
12.1367778822
60.8118882864
22.0961594937
23.3253681935
59.7457450574
17.4496631265
5.36333658547
1.73452163173
11.2449504382
14.1818467735
28.3173074942
0.725848987526
13.4292019546
4.49414706035
10.1002216269
8.85112944441
1.65326312063
31.9210161944
21.2434295316
3.52239528737
37.7326101465
30.8636693057
57.7371341616
0.506721178784
8.28314123204
2.146427632
6.35808862491
9.51338899441
8.50631501754
3.81001658157
1.11469901757
40.8755379426
4.52072354275
1.28158664622
19.8297969892
4.25211110646
4.11343708535
0.0475979642129
13.4706650065
32.8021850376
5.97760013243
22.0379693995
9.93985274586
3.34082522443
1.61225846374
9.8583153126
3.99893175294
8.07480617975
10.6988925438
4.83607604814
0.822201887712
25.4066678068
8.10130114474
17.8337746596
35.0183676539
17.544567558
38.9596267839
0.706295404309
2.73390136843
50.9436098003
17.5744235455
33.7013328007
8.45792998872
28.0828734066
34.3500514227
3.25199929417
24.7611119874
11.5615197155
10.4563419668
8.00220913754
38.144906063
12.4582835301
0.266565461525
6.18031021747
5.19635190896
3.54522717795
4.95655255094
4.97921142356
2.24300639928
9.84186188593
31.6573822643
4.83260764483
8.72234159071
5.47732570262
16.6481827633
25.6423993511
6.44630098485
26.0465104084
3.17020105316
57.6747276303
0.43370246183
15.5355022324
15.7609570198
11.9872395142
2.19510683781
5.42175546058
2.42049582837
2.18585531894
58.4045689129
12.1387491796
29.0243398075
3.63322572647
7.61847012706
5.71713395331
17.5925360438
3.3952064558
10.5947930973
11.4188844425
7.15096977483
9.63273680073
60.0694731829
63.6821276761
18.9443868131
6.26258895245
4.98796663003
18.1997294606
14.7909970976
2.71379769265
29.0072936747
43.0400921176
13.4118400962
16.362515996
10.1241117994
18.0565073525
6.8693707297
17.1241700793
15.3710641244
17.3416619155
11.7064768226
2.63994961868
68.8660182927
6.88572855509
30.5949268869
0.690804613647
17.3570224499
7.67275084607
18.0328732659
14.5204162975
20.8699591574
11.5806716161
10.1354585226
27.2748704144
17.7709444417
2.29877453897
16.928479328
6.09840396532
3.63079033292
9.45603418541
53.7942492153
14.9077096831
2.99430400021
24.6363261802
21.9828998959
28.4949757978
12.9961031269
1.33780377022
64.1664862036
6.61902138782
23.8755456884
8.25541383487
16.5229620951
59.4896936949
15.4695906216
2.12481787467
70.0239290241
17.207277398
9.87447961907
2.47918214082
30.592789068
1.15081653594
11.4628619454
4.48487216176
9.05902543617
8.01282960751
11.1969545038
6.00232878831
30.2408095064
2.32973668901
3.45508243049
8.65852949542
4.58537162995
12.8910620992
29.6158712523
1.2099354184
0.903658709951
13.0965947208
3.49092109074
38.8046670193
13.4631011972
2.06742389608
23.5407808488
1.57545333391
10.5902338485
28.2983679215
0.372081362747
1.4179267024
0.00123959462724
8.67800011502
6.48750287771
24.5134965305
3.93901653176
8.79901475623
9.37715838928
16.255462279
11.1272125118
4.84380172356
13.2647200982
19.1255883944
0.538220689636
15.0504892931
9.14430473164
28.3606053476
5.62750166992
7.15329572464
11.0874117306
1.87120936858
26.9554200726
4.29250858548
26.187234061
10.7748468876
5.08009027997
10.8677770319
2.33530379877
10.177463971
0.242273895487
2.71692001255
0.0658922338111
8.96278622016
2.50867920463
19.7637424335
13.5995322217
11.7436213656
5.85658139593
12.225868312
40.6029224591
10.4049689248
9.10848774696
2.55843325802
30.8940205834
36.0838010845
2.40604577533
18.1080265212
8.33939925915
11.3736517252
0.943304269741
