3.49277644462
12.3388130085
22.0725559848
1.38573669621
19.9501919093
15.44487141
45.1938171704
23.2985234226
2.3245211029
3.89404196062
31.1907849905
4.45252428903
4.36644758605
2.42371366788
3.10910126587
10.8581903428
12.71430128
0.273417391562
6.17188557035
8.39645349927
22.1908779812
22.7694469491
29.1869082445
8.24498376728
16.5251382629
6.9660952356
8.00966694412
6.92686781279
16.622756968
13.7756282139
19.3837454376
33.6239193961
20.0832923238
12.0995535614
0.127151161179
16.2017714052
10.5656029397
4.61175171811
4.80604643487
12.4469486957
46.6613021523
9.20749238392
17.9760784121
23.6760675134
21.1379916887
8.77493048331
16.1268981904
26.3825822513
9.81663678219
6.00305443157
4.17300441972
0.852571517182
20.6096908167
18.1834004968
30.5671374739
3.15169569185
9.010568408
9.63247482654
21.4057261464
24.6227938229
76.8441002045
27.125019363
25.3201428495
12.7364819068
3.65976504934
21.63962169
7.19592002244
2.53869866651
3.38357486666
55.1370157409
10.0930073809
31.3344458175
6.80035200221
0.15905492119
14.1761468289
1.14083759557
24.0961038602
4.51412266095
29.34810378
28.567658326
23.7754423932
2.96282315106
36.4110904936
0.861634631038
29.6344550728
9.68121369936
61.4427313167
4.76485115799
45.0958194333
5.28661176704
7.88889013471
25.2668396577
18.399678394
9.0312466701
1.16945577542
21.382650324
4.08030258428
23.9835432854
49.3458459941
13.6374082707
0.574507086527
18.4102949546
11.5817344663
26.0135649941
44.0623815314
9.69909273633
2.60211784988
12.7249601642
7.93973778987
4.29452690004
13.6452824667
2.4646024911
4.92718829373
20.4302399729
50.1424208757
9.89704504513
6.54946654594
8.35998005697
17.9920912329
12.9865410004
6.42931332051
23.6506250974
17.2018451046
1.21038319114
15.4476259091
26.6686549723
0.90747097395
1.61774660036
13.0284328578
7.16927301646
19.110226428
12.5093798631
7.72105196899
2.81007316189
5.65518183584
32.073770588
10.213461212
6.23732899705
24.5948522473
0.534374281699
2.8876628174
9.66205737879
11.9590480744
2.662529629
1.2520982661
7.30330493253
28.1014857653
42.98470576
10.8062062579
1.73511790467
5.68913645154
12.1287746241
23.8733020854
2.1066087728
23.905865624
3.54717813183
7.15154396307
10.9921171321
1.24626382304
30.3199778128
4.75912979808
9.60269542467
29.2632192012
15.427187663
1.30661474616
6.98610613619
38.9932152525
26.6078589016
28.1020802589
3.59058648
12.7041338967
9.75274937288
2.00393410005
1.23561599613
2.9023628793
17.2765473443
27.4837450434
24.4109981174
11.2377613688
25.3517970228
29.3040934176
1.60074691255
1.9699074305
3.02424959228
10.2617783406
30.476787418
20.9851322553
3.4668021508
6.93496605251
13.2452488593
3.17231458413
5.38029539183
3.6715310586
2.43945579314
7.62155272901
36.191674675
2.63287494044
28.8898572491
28.2974735649
10.0952498926
15.6186320116
13.4144236743
12.6285763433
5.89904208888
84.3665925944
29.2217414402
13.4845981092
11.0653197243
24.0485032062
40.806284336
23.371167905
14.5311276404
9.23308629825
24.7039675797
1.91610947711
21.2878871085
13.4820786519
32.7136930741
12.8857850675
37.1299408985
11.5308047107
22.6597823385
10.3696416148
4.80371864697
0.0128010331249
17.5063414559
23.469609364
6.89883172394
23.7294958958
19.2316441694
41.7963886048
26.6039539876
14.2229613421
4.54085045585
13.5503270401
40.9607672336
2.59039151862
32.8735279795
4.55611395687
13.6198933365
10.6570408558
14.2556815843
10.7624306523
4.51446264881
2.63275910891
15.0228057622
42.487555602
6.8401377849
4.20976661902
0.605678028048
22.0858127458
14.5376535373
22.6761141983
4.20745346626
13.5368670816
21.5640093961
42.0375451862
3.51452141284
3.26926722813
12.430777138
9.59273125239
26.6935578669
30.0099136596
11.082644762
4.85702275948
8.50491235998
5.97138097911
16.0347206464
9.93444730903
18.5857904613
39.415023943
20.868331288
1.46020801501
1.55148147708
5.88248789177
3.52487040668
8.24109814402
50.5701456768
19.0128175138
2.44436942963
1.67708884774
1.86425185355
6.19341031589
0.186396168204
41.4722798697
18.4864954941
4.4018017747
6.79222428226
36.4290177306
15.8948129332
8.97629729953
14.3306733609
5.95458386742
9.12317043024
12.3459579533
0.437445889168
10.5909251517
25.1768337067
8.04041950055
24.4316173778
