14.7472742288
27.8573714692
31.3130071058
0.390344321387
3.47346270297
28.6945206541
63.6652668079
18.8973083384
2.65043556522
5.47936067842
20.3535639981
1.77954061012
23.7974127453
4.32795840083
21.9415284456
2.78993300669
3.58775039457
2.06546826786
21.5730490943
6.34755758626
18.9300593431
9.54514372936
0.481744005316
35.5830720917
5.25046522661
10.3952298126
14.9996075221
6.81387229941
24.3017341935
38.2414803969
4.63363476645
12.0398129989
56.82963245
11.2621193647
21.7196303783
7.25343070387
46.2813982921
8.63404611544
6.80235355661
15.9225449912
0.259206826755
5.15237432238
20.2071526031
1.35804917368
10.8556937316
32.8465940908
12.3538559037
0.756061259909
7.56618603887
80.5639478457
21.284684906
11.650122135
6.60394237527
2.34978276605
11.495798598
0.8343958851
16.260143017
0.21067435213
14.6459001513
9.56738258362
27.9472046933
4.84389076581
15.4557667821
1.35450823168
53.3161554796
57.3473152101
19.3277747456
1.90467898304
10.4157961293
19.9787524376
5.01896050116
40.7969725416
20.6639540432
7.15287522661
10.8270990259
12.8001773587
2.41177017689
3.02069635437
34.3123158147
8.39118170145
55.6885034626
11.7247344336
0.46366854393
4.90775362154
15.2392686093
34.8680226414
4.90008375159
1.35222274848
61.9344021681
30.967739072
13.5564188006
5.44743560881
10.1741101796
9.92262088512
29.6195130194
2.34541587402
7.55777827402
8.31640632256
23.0989368214
10.9752802341
2.01205819375
5.96872801677
2.53900676393
8.99311642085
2.24464241453
20.8277924632
15.276632952
11.6041618872
28.0425582252
9.95493837935
6.54239810966
4.43309830855
0.0697622065769
31.2541871065
13.1558904797
8.6330878251
32.5074283982
41.711855707
7.38461047898
13.784285637
32.9350733555
14.2484036908
2.07283466304
10.576999878
11.4792031235
5.65529894838
4.36078994652
5.78283822233
17.0367845906
49.9726935431
7.82763441329
8.84321616442
35.3358671739
17.5367936531
8.57420141599
10.8611083161
10.5517090108
28.1383317258
30.1009879484
10.7376258926
53.9876212235
100.899742435
3.41362296337
30.7367219173
7.46877085005
8.27962451194
14.5986821802
40.8427636895
10.5997631172
8.47188683735
8.72035001376
2.48301819968
1.77784068835
5.11992416418
11.3752363265
28.8558421964
9.4006178015
4.69645554971
12.850307515
1.78298205536
5.97683056335
4.03965193345
21.1372009354
5.00549650654
2.75702638496
0.668810747004
17.5279651927
57.0586644046
33.3459141978
0.71317238736
5.39978637634
6.31381205681
21.6402265993
4.77742239187
13.6834357927
36.0044410901
0.627215166643
21.2654964454
4.01104647386
1.7614682599
9.14859958986
85.3059773502
19.236664752
59.5234289231
6.68384599819
9.07999840555
0.239175695119
32.0299420729
19.6804267201
0.0798769738721
26.1616380499
6.65596036888
42.4000338117
5.91285771554
28.0133903
22.2676867329
4.13801731515
3.44407901474
1.13332453117
47.8543967508
2.8859352134
46.2736064698
0.253200116515
1.62667189016
4.48268763907
24.874110421
0.446370394861
3.72189005671
63.1627915517
11.0984151545
13.5279226095
0.49263249039
2.82961478141
65.767524345
57.3044542484
8.89103153344
23.9362816813
0.468709150941
14.3007546471
70.6162533427
9.43727357973
8.85875734183
12.5294830425
23.1804354035
4.44394668364
16.0718117524
35.2449189399
35.0955209781
0.391846248465
15.1087546259
18.1634946173
30.8488842354
31.726793528
17.8545596016
5.17056544294
10.9287936959
1.08017671019
19.6192073166
40.2771896679
1.17570959758
13.0212807303
8.64282863985
10.6573711403
25.272257421
20.5598814157
9.08911475892
14.5539292392
6.41839980097
38.4162680611
17.8820803416
9.89707887542
11.3809556631
5.27833972711
29.922639991
12.1818827799
7.45585787802
2.10653797884
0.115814143899
22.615101751
8.94013785948
17.7029166492
22.1535987849
6.43961329232
8.13117246521
0.482033956508
7.23025499835
25.1525469087
0.65874687309
24.2763276026
7.23211028503
15.0308937014
7.22559226274
28.8037255585
29.6195132109
1.57389534101
1.62778773655
4.921994884
19.5156915778
0.885311690879
10.1089406938
2.04652426667
9.39254255884
0.674434511548
5.19962884906
53.3130618668
1.49219170962
4.21509820591
11.9915542797
3.93029957857
37.4207231645
3.94751620499
7.85063995636
7.10914974172
18.4003930868
0.357034827367
1.39261865194
52.6345349797
8.27989066985
9.46669035402
12.3929360673
