6.52238188343
0.122665803615
2.87965548445
5.89167056763
10.1195900182
22.4332390134
2.92472980945
8.58595127407
4.21169802238
5.78231059516
4.12392593459
23.1850555872
5.98466772244
1.00214881979
9.36287869049
23.9723894923
57.5983611298
0.568761289238
8.2208868831
8.89113631884
6.63372705814
42.6310654713
14.2840077877
45.4139959858
4.1099688946
5.0370948166
21.9333951152
18.6334967166
89.8374152574
2.13043172779
4.23690910748
34.0865285767
59.9951867058
14.6345703814
8.07177288887
29.8045229028
1.4550956489
56.4174572742
0.702485509338
4.42807370956
9.78912337364
22.6746821133
6.51757811135
1.44365817761
5.59872660611
9.63175432073
52.2620595777
37.1153093708
6.21285279424
0.0076139242315
67.6775714206
5.62991849587
17.4699300429
37.4907926711
6.60942619895
1.97968866673
16.0976762119
40.328034529
1.97605612167
6.00365290317
26.1737218199
31.7322715235
14.7869559734
57.3007735664
0.357429239442
42.136151519
15.2948141032
40.2875923303
3.81951332366
12.6241623136
7.49838019926
5.71587803405
9.20682537163
6.46536359061
9.8207294482
4.67941542702
33.9337675942
34.2521958184
3.19669579821
90.4969592524
8.54454076686
1.50631914425
40.3337576826
2.48881034766
1.19731540403
23.3417497014
4.57142930177
7.10269144831
10.5549682667
1.79912328263
31.007550289
1.74619879376
2.59262423552
5.64145792424
3.08280626262
5.54599542717
12.1944100735
19.2719702473
1.05890764396
29.3894537712
30.2285555068
18.4887199779
24.4167869632
9.71059878279
2.27332388882
16.8936941352
0.667546718048
26.4045281534
19.7381285119
4.01514487772
34.6266214603
3.32996219787
4.2286822063
18.1042987858
26.8039893329
13.9755818048
4.38901960883
39.5461014285
40.8336075537
0.589147622386
0.821177000511
1.04192100346
30.4264986087
0.967973529182
2.83593201712
50.0935291615
29.0627357047
10.5121611594
39.3483995149
24.4431852108
36.1160036306
2.80173725487
32.064048218
14.6669932065
41.9665415088
33.1931268746
35.3496870121
29.2645069571
2.41079351773
27.0529993559
1.98715468456
19.4142167822
25.0036076095
34.6212242632
7.68038578079
11.6690139733
63.0075948646
1.94286550071
7.92694549272
8.14879228526
5.72591873707
14.1423503577
1.05887141036
10.2966864135
3.10106466768
18.9430462453
6.41202187156
5.0617367847
1.54373553818
17.2726943824
10.8704000187
2.62835688016
7.88832055081
11.5277490057
9.60181963701
15.9600774389
35.3521184919
15.0388013176
5.59810013106
4.69504835173
13.1352311458
20.240699705
13.1944558154
10.7752926569
44.4118694387
5.42423639221
40.4856792656
4.65073995635
55.6394891585
36.5744382846
3.89917322206
8.39927334783
28.29235801
14.4131665393
14.4227692598
9.68244630909
5.583468777
31.4057991602
23.3685038831
27.8204519314
27.1687770859
21.1315186694
6.45129792772
20.9701523805
22.7098956384
4.34727882223
5.31707930877
8.49518975512
19.7969433733
6.27303277775
2.71136970605
11.7535103283
7.7224893346
51.5823103092
1.82979270003
40.3029615173
1.43776585741
14.9933713409
11.0338040246
51.355781997
8.15560114264
10.6781471139
21.3092514401
6.35795154707
9.99255648126
0.411671684826
18.6531645715
2.45160096449
4.74879659965
37.1652574388
93.0703544123
10.506322416
2.68014581556
7.23834630249
1.73059694503
25.5295646241
2.95729392972
1.22555209616
1.39033404692
48.6414012977
15.2168940473
0.115427356619
97.7475349665
3.91642157659
6.06560110872
28.4004479513
0.667354591448
8.16960674182
7.66595826991
1.06936536334
2.17902345381
6.81743462619
22.2409662846
20.8196287094
19.4329744877
0.891161880374
5.95320677921
2.31879244691
16.8468159501
1.60314905036
22.9742354602
6.81990592124
12.7131632174
7.77798690506
27.2124332433
10.8594430628
2.91787270377
19.7151317701
9.59268262285
5.1328511482
16.0021012893
10.9814852634
38.5502348384
10.8149062403
17.8416600954
8.17821122735
11.3163099789
31.2241785442
46.9243115223
31.3434486013
33.6291313682
19.1725735755
8.45335424354
38.24342575
33.0436860829
7.02184638206
2.27991898819
10.2664469209
2.91306031988
8.48442465959
16.7236397842
60.1961457055
4.66784556298
5.36622467472
1.78021996159
0.028620925881
0.652799936715
7.56910246807
0.116458988545
9.08338714361
9.15495384847
3.50238552024
16.2935163679
32.5605321768
13.2798133403
17.5494745581
3.76484153409
8.43668729015
11.6412793631
14.1240757979
