18.4862225166
12.216745299
21.9651464507
22.8047603852
4.82007358954
37.4186444089
0.648797144835
15.8648410738
41.0708171767
2.68899266339
8.29634844188
1.91702300011
2.5210447045
1.67986160035
9.60434973859
21.2507406485
0.0281825948132
3.60710422098
5.39760772335
2.02431432737
0.829026620597
19.3453469592
23.0571233469
0.00720467697306
9.53824795187
5.73282035496
13.5173866752
67.5655729606
4.38472356799
14.8902300714
31.3281473979
9.55656947292
14.0002512068
9.98104034465
0.717338341913
30.5074316691
15.4118730236
10.4142559359
25.9835110679
1.63674384163
1.58654864204
6.31556535444
47.334274643
17.6243643837
8.89986360323
3.0926579027
15.3375206014
7.35007546464
3.47206583919
2.16873601766
15.4131265492
16.5866432213
22.6306954413
33.4612998482
4.70050646372
87.7892008298
8.09916992217
10.8788440291
15.4098280635
15.9989493115
5.71917557062
42.5213889541
29.9833020066
50.5636577912
15.9608793952
3.6711244296
33.7459514703
42.4837778269
4.73915456349
6.18608585445
22.3747140536
4.24409918012
16.2752094933
2.42430306775
14.0047533048
3.84025060191
11.2120903132
36.7593871795
3.67561550228
28.8988096942
4.90176423069
30.7104652881
17.8167365874
17.151664859
26.0554014911
3.14099038154
28.9602734154
1.14805994497
11.9038527467
7.79954151578
37.0067334444
9.47283159962
60.2842283472
24.6556588768
6.29317491517
15.311049205
8.32422159004
6.38055824773
12.3095882245
20.0177549739
3.20775549618
1.42353409394
0.826479589812
80.7202555062
39.852522197
9.38106173162
7.19685314533
2.5950842772
7.52440508823
43.3260391484
7.92875888749
2.49746172365
12.2270324199
1.85922036425
1.4714069247
18.9868811694
0.545081988434
6.59901987374
20.0842000859
6.34143038224
11.9840902978
13.0485720775
14.4321484675
0.440869804536
17.178619002
46.285008587
3.5179546619
5.73975851848
8.60264099779
46.7105903635
29.2402023498
2.54567418981
12.5153614984
3.93591536399
40.7735776718
6.5664612892
0.0721141644093
3.83123329302
56.1159075889
33.1433689039
20.9505074872
21.4457964564
50.2943300161
24.3854616892
19.5450238847
0.986409530723
2.12185678249
6.88602450265
11.166435837
13.843974673
8.45826191863
14.9370535458
19.2313189954
24.5879600732
5.19333070421
10.801078152
4.40334496462
2.73098575877
21.3752311423
5.99977601271
30.825546367
17.7353995354
9.8915301678
46.2119852301
7.83819486536
29.3834985847
14.7105353604
26.9863347036
3.93152052618
20.8921768664
7.82036984792
18.7090259743
8.27305370942
14.4425920941
2.34181239562
9.37453236773
11.6565394002
11.2152190898
3.06893790665
15.2049114077
45.5771838258
4.93711648867
12.4961635987
12.1294969568
6.34396485075
4.21828325454
7.3652584401
26.0068262348
44.6151024284
29.7079766671
15.7589006833
0.548768026163
5.61002269448
18.6373800255
2.66740004312
5.91789361233
3.14456699977
9.28449425469
12.2732912024
4.97176398989
97.572240959
2.87306211254
2.05733661725
5.69047045988
7.86812313078
23.0285079545
6.61270235669
13.2721235767
17.3200844934
5.03657650777
3.59991982813
39.5264504569
7.85864034506
47.5111192283
7.02678567454
50.8378690171
6.71998765475
2.18588644104
0.251872522236
0.432138481324
21.2350590767
21.9575803014
23.6094575866
11.9403974056
8.13446730616
8.52001084236
46.4610257276
19.8744978257
3.53289577629
14.2573263423
2.69884148408
2.86406075194
27.4312960149
4.26206954242
1.72658133801
26.5945621394
1.77254694767
5.20123069791
6.61879740413
35.5449280168
8.51310005826
46.887688287
3.67321337129
7.38853236405
26.5919428169
0.522973721441
0.395611435033
45.6667683185
12.5944957974
29.6827624849
14.7288337246
12.5570599333
12.9573282391
1.47886634112
2.73202169643
28.705616227
14.0267077698
5.03889834662
6.92498127371
2.30834250259
0.996533541671
2.14721598122
28.7019740262
8.75453306785
8.4712150684
11.4373774731
4.2181484996
11.4637000126
0.0302704348186
28.7958868086
33.4654451012
0.94025644688
4.19349685674
23.3287645166
12.4748977869
1.96053472134
1.24285863814
31.2654285277
14.293032198
1.07056280451
5.23306328038
31.3314981207
6.41875717748
17.5723001152
7.21990931477
0.625150766767
22.53940399
9.06267487023
11.9119496751
0.563565928678
10.1807779944
31.4191067534
10.8084390411
2.62659072317
39.2827088948
38.9702251171
66.5536450594
44.3690827191
2.87727815723
5.49388311022
