7.09311101711
26.6967986219
0.368314593271
4.60370492024
8.92985013814
45.1759889675
5.86636271758
4.85411075306
18.0223595943
30.1983509714
8.88223541651
8.6657366168
3.25431519989
6.63339444307
2.38857190563
10.5405957822
15.8020368966
20.0128876022
6.15568666641
4.07735625948
6.74272378384
10.2704725942
18.8774984791
13.8624998192
10.7742473476
46.3139272468
13.9671046854
24.2493449124
7.87068000659
31.005115962
2.47427879804
19.1383076504
15.2541484279
4.50438948468
15.4666656547
8.7983677389
1.85653815644
15.368479924
5.99271051189
14.7261301952
23.9534350076
1.32862583011
6.38404651268
20.8451464752
5.08615456395
40.1439645207
13.4990179764
4.82426069012
18.4638976389
19.7953708051
12.2951977255
43.7913300128
1.84470732725
76.8846509895
10.424579278
0.323705319489
40.466337461
5.34180827514
10.8447774722
1.20144560663
3.21853025398
5.57699027343
12.340141237
0.593342189504
38.9667215361
15.8290094912
9.23974065909
21.8963896354
2.86771171261
1.30571324353
4.51233268687
16.5059730058
3.31852042542
4.24425466712
1.77206499862
6.72435006884
10.7101689365
46.2002776265
3.51077575841
31.4211556864
32.1416203945
0.429021277401
11.5511533699
1.38971351078
21.7117313034
2.40689742831
4.53781696846
6.80019691484
82.8525690463
2.8394151772
3.99174433142
11.9760300801
17.6524440101
1.80815615179
1.49536242133
4.03909952252
8.69361738038
30.4068841889
3.72983369582
20.8327067213
12.0587750967
1.2986946982
9.66167821015
3.90931933301
30.261678493
4.37594464548
6.11698882477
34.1055607262
6.72266771793
27.807373376
16.6915626882
7.44757642463
0.038279395288
5.05903002718
6.82106856227
28.0147497156
5.6983884691
46.4162687943
5.37799756322
8.47343958477
13.1425701951
21.6468100938
16.100664159
25.6762515109
18.7222063481
43.9396892043
8.57942273763
9.12108532089
22.6400733779
69.2214504808
0.884517912071
6.34203485861
15.5128676389
1.35911324235
0.129623283204
7.71433113762
1.17599207252
12.7233511307
15.9366843124
17.3351301747
3.10722863793
6.64669680243
9.64553781445
1.00583604847
1.39157053901
1.0822344102
8.91162866823
18.6323341795
5.6431790746
3.66517591971
10.134408615
3.12274799805
1.69225378948
11.7439451526
2.65310906229
0.875529226167
11.7500422427
45.0936612798
1.80891373486
7.44093333246
0.68779709366
6.19416072131
15.752303791
3.46294928625
0.121920726831
13.5518212959
13.712963439
21.4077214891
8.63664967999
38.085329883
12.9409146918
11.8484767028
25.0372290164
1.74457815437
2.60243975786
6.80884369492
40.8938701049
48.3075594251
5.22505182926
9.70194827328
33.4875997956
2.07041453076
22.1082082554
6.00176201995
0.409932909688
8.09791144456
3.5887839234
2.47371786622
2.37710199816
6.22486963543
4.55102628079
7.28963336725
40.7654981871
11.8136768334
14.9056010854
1.73810460103
3.44859858546
16.2405470834
8.53233419324
14.4857652167
13.4840758785
3.31655677317
10.3853166555
20.573160804
38.2257399435
12.1542346452
9.70288679723
4.56811162654
1.91969548369
46.6560148523
14.5550210916
24.875387482
8.68523539185
2.73750494433
43.0516029391
7.23366240505
4.36122369849
1.12710835977
19.4742973261
13.0932677782
0.312035437178
12.2016168394
47.6115119964
1.1444131638
5.17932462872
10.1060002291
31.2699683415
7.79737211381
37.4698797566
8.46002315187
0.294342425878
17.0647796539
4.27447794252
5.06195423755
24.6879813566
19.5232525953
14.2856753956
39.257172984
11.3688707946
8.80483604581
7.33709678932
24.9616716475
21.5542531912
21.8515333924
29.112600144
3.92399188937
4.40104925868
26.3873696646
5.29416370882
11.1090664453
9.45250682165
0.915918590519
18.674058695
0.350242132375
7.19647643312
7.5475771087
74.3240471912
10.5097850802
7.34570831343
13.3678820771
7.07051119648
22.0363503401
23.3468735882
23.4773573742
5.88942267934
1.04225869407
27.68405427
17.9387393759
3.61371634429
7.51119204559
2.80353015596
3.0611883888
1.05621971477
4.11127475684
10.410321601
41.1674138528
20.1686302291
34.4645285205
6.47929446183
0.5231555713
56.0298502995
5.90817078593
2.91040432963
4.28520915512
0.719964319639
12.1519534172
0.657964906337
18.4221858822
13.5620031097
14.9581145984
29.7571351529
7.69428215638
20.2717909069
15.8467433915
5.24932258155
34.3762912595
11.0789577476
21.3452694638
2.29992896085
26.7164189
