29.2964141521
40.0411024344
8.66422082914
47.7216814468
3.96700986834
6.13140960632
10.4285588072
1.3566135634
15.9984846992
1.90513722042
28.5601585021
14.1446703071
8.50497772209
12.7403411201
10.7004704732
19.8073374667
9.21181621963
19.2178903945
11.397044466
23.7302309456
1.32701319012
10.9035610117
65.8455946633
19.0462406581
0.494567189039
5.06347285326
3.80069547077
5.24811125703
12.5912804816
15.908277598
2.52982100474
34.4201536249
18.9988384926
6.45241777695
1.79780263765
1.75687928253
4.70006284157
3.96203968001
2.06420587703
4.81818355318
8.22606169356
18.1083686955
123.107224823
25.8972577899
40.6414574608
14.1364107119
2.77003127173
5.8375942806
24.0786188631
5.45440502342
6.91569606689
1.29081046214
0.134090139366
14.7007302993
17.1943175569
39.3643498316
32.7520331507
1.54480093223
6.5251240348
0.477771676891
40.5528644848
6.65472919139
8.30064465197
13.646269062
14.5834700628
7.64265119666
8.71240469765
12.9611623977
12.1410486056
60.4306055953
12.1835776275
32.9821985282
8.29344261804
16.6968613817
7.76056635034
0.534341688972
4.2319347197
11.7378959363
28.262335983
2.82072120493
15.3225316677
2.56218110167
3.49806826357
13.4715099603
27.8947378583
7.3485486197
38.8656653122
9.56298967893
1.2027501052
6.2803334843
1.98165306052
0.527996955512
41.6063869647
18.4632683324
4.65267174276
39.063692779
17.7658300969
19.239251562
0.954622034263
3.73711962476
23.8820024141
0.708588021092
23.5264746921
0.00042757851409
0.0537890962854
67.6248913623
0.315979936423
26.7149341622
24.2160717713
12.0161051096
0.202645429394
22.3702443974
3.31598654209
58.742733063
8.53321711072
0.881695034936
6.36980545484
38.9039787769
12.8801961368
21.2778028055
2.14425631709
20.4410982699
1.11980605003
21.0854514642
2.47037854438
16.2902053385
37.4712646538
2.41174591734
0.36115970002
7.19830292307
11.2978161173
43.1437782134
25.3119302874
10.3771039299
3.08083641956
1.8292689427
3.68510154756
3.69541311865
3.79871622977
9.2401475302
25.2118030066
17.0297704517
44.8346709303
46.2554444243
5.60348320263
3.99079617905
43.9577611
33.0391719646
0.0306665289526
14.8464324034
6.82948615325
11.1688963233
27.9280043171
12.7907854229
2.20776367354
17.9081582874
2.17532354654
4.89567258373
16.7417948771
31.560674652
14.7150787258
9.25092482174
26.0898554151
56.298133625
11.2630144083
28.8984015239
4.11690521304
10.257513408
37.8062667206
8.66205527561
0.786328641922
6.60423119219
14.5357407618
15.1284330456
24.5540380553
1.99235803967
1.85884406296
27.533137826
5.61179119057
28.2204272623
0.996782662841
14.5318396247
11.8009984954
3.97845047802
22.7898226446
3.03699115778
9.2765167083
31.9259793122
12.6752023878
26.9087001856
5.42443203909
1.84010260304
2.58814574626
10.6526744316
18.5680461053
45.160784936
31.9481477222
3.40169878454
3.17605786536
14.4930493155
0.902546174314
3.24617716332
14.79766104
4.52245804524
3.674430066
30.3512662049
14.2450468888
1.81432863885
25.7355812856
22.9635318738
29.9011874156
32.1005634686
26.8005614551
9.91117713337
10.7917064241
10.7621034151
11.7188913974
10.8554858824
29.5337701354
0.847754048544
8.64884207594
8.7876243731
6.78672961692
28.6311059657
7.91712134535
21.1535620319
11.2661705415
2.74697832663
2.93196194441
2.36613239395
35.3918790225
7.95436170761
18.8232049943
31.0925979672
7.7631218501
16.5733646781
16.3865109509
18.4119965155
66.5053987094
2.58580747457
53.9232637226
3.22488977991
13.9825426336
36.344546811
8.3543088679
2.71026830373
29.5658230448
18.7111365569
75.9730973269
0.231850427116
5.67604269933
10.2883662293
4.03716897767
8.81860908822
1.45301534132
1.30234435339
11.0094100896
12.2231933058
3.27791607413
0.128259036392
33.9979404324
1.34419056601
1.70872617514
38.1586334569
23.4318829097
27.3704084252
22.6073035446
8.1798372848
1.30328474694
15.6498618779
7.39641853048
17.5375289304
17.7043345142
3.19617436745
4.84297599363
82.7901420722
36.4788701512
3.55605704007
16.5889206327
9.50186784004
5.90042923382
6.28216112536
13.3760254915
3.02678716501
29.0028277221
4.51903538195
6.30984742996
32.5253333213
18.247741089
12.9181053504
2.70186658964
24.087459941
10.8955630284
17.7962423553
1.06738043988
4.41295957358
28.6253225344
2.10265774813
14.7752166973
2.53527152018
