38.0759684568
34.8827079578
22.5789591067
8.59428527519
5.3935445419
9.45453968863
1.73997780739
28.3191408901
0.181975296556
5.46497869509
16.8979678337
33.4064596711
4.86450272997
10.7249059766
21.4554155903
6.5795357625
9.57568768856
5.40538208225
67.6871255712
25.1812037822
8.3176587952
22.1861620207
7.9200884115
4.22364324255
1.68732635909
39.5392200793
21.7202723313
4.58197746818
69.0923500039
8.53686973725
2.65105176585
9.40828997633
1.78641123815
0.23385770503
0.807306529275
21.9346418245
17.3162713069
11.6977213152
14.0193179255
34.4899237586
4.80420631801
42.7088913905
7.13226388359
8.64778292362
4.75596359357
15.3855279869
4.10052235456
62.4081564269
2.20568644723
25.1689077556
1.33731718303
6.52566446973
1.92940319408
5.9874740126
5.0057193857
32.5393168023
24.7109687603
26.1210552635
19.8789168404
30.9121934662
1.69670259969
4.72159262341
1.65280005053
10.8849379865
10.2299396063
4.71581156003
12.8177470817
9.8002524347
11.7546042031
23.8274844117
36.2286228153
6.20262333
3.46669985199
0.897434666731
0.298820558548
11.1896889339
33.8836617136
8.93897267033
2.09791423097
8.73019825203
23.1517893202
6.78565344146
28.0974253494
87.9298021951
5.35747030091
63.2916948607
13.1255383282
14.294400471
4.71771211123
110.240191548
0.740907127957
3.93993192415
7.49838914198
9.76190247548
12.2174127756
1.51569300505
5.00509670498
17.4442881186
1.22916272369
20.8020631102
19.8896532652
9.73949563597
0.76501332771
2.24314202721
7.72457043835
0.138682502544
80.9672266568
13.6173641197
11.634562995
0.312032419113
14.064189314
9.78796024643
20.3220979362
2.16727422604
27.8600005071
25.9387178074
19.1819348449
1.72463507106
9.63677550218
6.31513383627
19.1326207576
5.20840573757
13.1533203802
10.9520194511
7.17069823029
0.511648318206
26.230069468
3.43567149893
6.68768269191
6.39603306231
14.9043719112
27.1037217752
17.7003557376
4.37813112587
1.94547862833
7.23216841193
35.2827755296
2.54391906183
33.9202850637
10.4778204986
4.90613927979
1.81216680723
11.3210931011
27.2411288129
25.9605561592
7.04318607419
0.446469202584
39.4354259786
0.190295040467
5.68603007729
4.83885835813
8.19522865071
48.2638615607
14.8712818946
34.8345301816
6.94592870145
14.8371543781
1.6978736048
16.0700770349
17.966581312
0.152921360654
18.58214661
46.9719704335
59.4793748958
22.2681889771
23.3268573722
22.6934724278
0.14627101153
29.25293358
14.7793913924
21.7520727678
3.7611141156
7.22024081267
3.0477586495
13.4737174219
1.74204238565
18.1456618288
3.86847091919
1.0934930654
24.7379865878
17.1637133505
68.680312411
9.39704253026
7.95753343334
15.7216692674
22.9078779361
2.07541993013
9.00375644709
29.0960024486
2.85926871787
19.2629550378
30.8052096008
8.49115544867
13.7589201216
5.3532296954
30.7541981156
1.29501119517
7.6256203849
5.10547552417
0.0831388533924
5.28246569745
11.3673169059
16.8553266275
8.04699427354
30.9891303698
62.607879646
1.2556981774
0.763422436271
6.84177557329
17.309751361
8.23183580272
12.1580942487
2.9495236206
39.9804365715
5.67430772947
13.4472068123
23.7899858156
6.03984234855
12.7763950472
14.3622614091
12.4842421824
16.3261041723
3.88016595145
20.2456707675
75.1606345624
12.5145451943
1.4120973351
7.03013006245
4.63883857113
27.0148249837
5.59646282428
11.5878398594
111.156114863
4.67912164898
27.4161814648
27.6832878847
23.9378699677
3.46237987988
51.3802066497
14.8022937501
26.0859409166
15.8107109565
19.2000826254
34.0407277707
64.8964892931
7.46096450259
6.73786229413
4.29868095986
10.8921440103
29.3354219242
1.94137114876
1.79704204317
12.8714802786
6.81766926628
5.36237858393
0.888622996217
2.95483098986
8.98132932788
13.9648212207
7.2573326405
27.1869088379
3.00228150331
14.0301667063
4.98325560995
2.11825933917
16.0235521841
12.3433444245
27.4078720678
30.7940293157
39.0369577
16.6309731717
6.36027549419
3.27680625986
8.48157641475
12.1976427867
6.86673812763
17.3286975736
5.25618406825
20.229024344
0.970580045347
2.29902840919
13.8924129827
4.19603474819
2.13753086405
58.9538499376
3.98778139779
0.513480924527
11.5138407216
1.69387859671
20.5449812619
26.2274935991
5.9236424274
9.51225213325
6.03996242869
16.5795364029
7.93073630179
23.9852955827
33.872212736
15.5281968432
12.5741142628
