18.129656148
44.984431845
4.31950018735
8.8307818285
14.1026266229
21.6799959226
3.08350232268
6.02666323531
23.7295283512
18.8317970917
5.01916946434
26.0354863837
13.5902979454
1.73906371228
6.53406101015
0.982660055093
4.59337954743
38.0882322633
23.5912194176
12.4492698372
7.53750526187
76.2988978628
23.5927836503
2.74891616533
7.20200484383
9.54433639282
2.38735843768
30.6635722888
12.8405947363
20.4809719762
15.3693950262
2.53653003752
3.15268470632
20.8599192506
24.5253492611
10.7342633595
45.4250389782
9.02677483629
4.67705909622
5.93144497822
15.2695641634
2.48232473309
6.55744043014
0.433048331904
0.308361367881
17.5631772519
6.77536943831
0.776548550303
65.9837246373
2.71861859175
1.35899378833
0.581723796595
19.0268342773
26.2278906253
0.201776268234
15.116515008
32.1226133932
65.7904716736
4.40683933062
15.2765014031
7.86866584469
2.76817146953
2.92556015745
0.301766813629
5.48557833994
1.98960039363
8.25048334731
21.8887102409
5.57079331745
22.6499808036
19.9856077396
36.0952941527
9.41395993394
54.2521446297
8.05487145993
9.66740934033
29.5548666297
0.769320253187
43.0857420655
4.50424945001
12.5172398544
26.1083162757
11.5304325451
21.6144410876
56.9774780362
2.23933913857
58.555707084
3.9301933876
4.87732241316
0.572594994112
0.515058012716
2.75185764248
56.5634694257
17.4549675805
29.1180933507
16.8339277326
1.71133857795
3.13988413355
13.5421939351
0.082246571534
1.56636487441
9.00533822357
15.4263036582
28.6535445245
35.9684669104
4.04892177248
8.5126123384
15.1685815054
14.7550798799
14.9463625366
21.3929929581
28.3794450578
2.15206803962
7.38293501758
6.76557565612
12.5595080335
27.0283550953
15.2945847595
28.4593370306
14.5911761258
12.2171121571
0.953995996279
30.2172636874
4.5349274115
46.4879023742
2.79710710859
62.1557910366
24.4136045789
8.99869256661
10.9203083171
4.93385951533
33.460165349
21.2694198341
23.9590425879
10.7320833227
3.74309931184
21.3532489404
67.4169529393
37.8130350324
6.94457372377
14.8836035219
4.89374264267
3.23109002417
19.1199413761
5.46362459543
12.3205458299
2.52753035261
18.7103598016
4.81555453525
40.847146389
4.05735683531
23.0729851759
5.88223105613
38.5923024759
3.10396224447
31.2810061776
1.30547753585
3.69994759712
5.73023274286
9.58466373983
5.56093180379
34.9062433299
28.9781946863
33.5293012819
9.50617781271
6.77832212388
1.9917362596
6.41749492322
0.885358651293
2.81120468776
1.42847291382
47.7391407759
33.7863542118
27.7876763352
9.2969886321
10.831917005
12.1759774787
1.88537822338
7.95701288911
4.35603363852
45.853368628
11.1720538787
18.8654545713
52.7769996882
84.873376956
19.3926654937
19.4097181391
1.20228699608
20.3750816804
33.1909865759
4.27635546263
10.8988697919
22.6454339369
19.4420550805
0.670769960549
18.4256201813
25.072522901
37.2296636365
7.57949155363
17.974652716
2.67169514427
20.3517436852
0.498107620965
1.97289957381
30.2375881515
23.0638523497
3.71043049039
23.8816877141
14.6847901261
0.364069963136
23.102225861
0.11739234719
27.0498565805
24.3157473876
15.8479580479
11.2652952211
42.9528783602
10.9278454668
0.554554010997
17.7501368993
27.290575017
14.3488308051
40.8417378815
25.0756271868
2.58629010841
8.86833374225
3.13579681233
14.1426142299
3.18969223555
26.2734967192
23.1070823567
22.9128421681
46.0856010561
10.8159650714
0.154039037435
13.0163460598
3.93511298374
38.4889688205
18.7689385388
22.3237047993
67.4065252469
4.91265417196
6.43514391864
19.5055092031
4.08451318649
28.6730811278
19.9791726278
7.10726274819
30.0939244334
1.54966009002
26.4447545976
29.8695937098
15.3505106534
13.3321299445
4.94287718809
21.6474582904
39.0046810215
33.8191342133
7.36098031711
23.739962055
9.8241547204
5.14219921802
27.6160026386
2.27526257677
87.5630905004
1.6384754787
8.18885816613
11.9981206136
23.0261643061
14.0557836446
28.7532384652
16.9113191154
49.0190646043
21.4941243083
0.493456491647
36.543120765
11.6276629472
27.5780194237
6.2579315914
1.66259583847
14.049458793
26.2338677728
3.57673414326
1.34606053264
9.3817774423
23.4307545461
10.5189180475
0.174195874171
8.10394356047
42.4540362456
4.2948688403
0.198921215498
11.3371535801
10.5637335281
24.0302633416
16.197083266
22.9237427528
4.1742064593
4.89571693921
9.26365269265
