1.46653595157
7.23457428863
5.93318871397
1.04282741351
5.62352978567
6.97426735878
5.42288727968
4.06674452139
42.712059564
54.1481774924
1.25438219711
4.00743429937
41.6811516289
3.08592182129
0.16521626153
21.4647023651
8.42906481874
37.8445588575
22.7863869193
1.89875076082
27.3437822497
18.0393810276
4.80593341028
28.8902674568
6.17061935929
9.50259415557
1.13203373279
2.24967314507
2.14528468482
57.1916810869
28.1373821737
1.65440241946
4.93826655748
4.9787702419
18.0887006128
12.7814655866
3.76152628237
4.82352122114
6.92947699069
11.8646905397
2.62985747855
6.30281329213
6.84599297281
36.2128547882
5.50084784953
15.010799978
6.69204495594
5.75421080684
1.87347572715
5.54454494958
1.51655929093
9.57795221471
5.30944970088
38.7111243566
2.27997545736
16.855706464
23.8519040645
62.3277172662
2.05131638806
20.9360268809
4.58947912249
6.09583717197
3.8994948143
5.23231359219
8.67615585798
13.8792232972
3.22444006795
0.411344192282
2.05698356081
17.1411091938
1.14109215154
0.966437913367
11.8058092995
33.1491687019
0.14853160244
1.77283358899
7.16617570467
66.1510681454
14.3207401563
13.5075948956
3.34847660171
7.21381156523
31.1105666734
25.8525514714
18.0485236523
7.64936817918
5.62481175667
1.01360077609
4.10589125325
16.5245990781
38.3904381398
6.42395873744
11.2659920932
21.9245399852
8.23934953701
13.2788834467
4.89723023952
53.9953873703
18.0330655619
9.88000768486
13.4165795946
46.4363497595
13.9222495991
9.23326369937
9.22053163761
0.643437799239
97.5277107703
10.5745557417
28.3079913448
5.0699905629
2.27691015302
12.4359449893
5.61469876745
4.34408266494
13.0564281987
23.2194820481
21.7453348984
2.47726479406
4.17845884469
43.0500979927
7.61466141905
6.12930455476
2.03073149066
4.64774172236
2.43540106693
21.7281591512
18.3458158221
3.87065726972
9.47661692287
16.4179965974
15.2405910053
6.50817154671
1.72945983849
6.11583981618
17.5873588559
41.8445319894
4.34268049999
43.4106337476
7.92929570032
0.618186144678
9.21980282923
6.88010386432
1.90056604713
10.0663676749
53.1783216636
15.8150113992
17.2259393903
5.61095880257
23.8401576931
34.812940491
21.1776014155
1.06770379379
30.4237841671
27.9989889682
15.2339713063
3.79642037919
12.7290439839
13.0509086099
11.2425215513
13.6934723799
12.9783944812
2.80583355908
13.0813724966
9.25766858844
5.10804676759
6.2702264124
2.95219114404
6.94058187215
6.035023101
41.7146197733
10.1343035471
32.0194670227
8.00230425735
3.86227112232
13.1105603533
0.371807208946
7.90343222812
0.228141784803
10.1635101836
18.1183221138
6.93876433941
0.813209118372
21.9510563039
24.1664601529
26.3542452616
8.2357348876
9.55944978127
1.67360914715
5.32118022622
7.87142259444
13.2008444408
9.05489070416
5.09397118539
0.94976638141
0.309173457957
16.6021402443
6.66381298035
14.9114902637
15.6415799994
45.4833669137
34.2348938406
0.291705131898
9.70483835575
4.20158244379
25.9376796678
54.6995770156
3.20197876138
2.47678021064
11.5099473642
1.72664131422
11.0651196329
0.171542333323
1.73593752288
0.861273958944
0.650447798709
7.98353804943
53.9123865427
37.1344303293
42.4082238131
19.8968682782
2.38924584466
6.84937645513
0.453061750071
12.7748383634
32.7063336848
14.0768279487
5.70604809727
3.66530946855
8.62659641673
3.10786104581
11.9003610922
0.427032350327
23.5044410566
4.4341544188
30.7487553618
7.86953721309
13.8103885168
30.6705454995
11.7342793457
36.9591082004
17.3432821673
0.521599968674
9.4989318713
24.5089867511
37.8274198171
31.8330345897
1.65346628636
2.7099835881
11.7966088589
8.43843556433
10.4593630037
6.29364578785
13.5308455767
48.4146198932
7.70223717879
6.94965630286
42.7460378045
7.7893193034
11.4731417015
6.43729309961
0.308941364423
52.487546446
99.4679144883
3.89112190387
0.252612830982
21.6838015498
7.92602369156
16.8878834308
24.4239397715
9.92072540489
12.1711073825
3.7789087106
43.1188297148
16.1752089766
31.9738286878
23.1201267106
51.562704101
15.1178465309
0.284914038162
2.51747318402
5.44654952074
6.19836638068
1.21279570517
3.06249938581
6.5564694148
4.29135742583
0.273807020678
5.95204387468
0.745175276041
44.4604785031
1.90692873078
9.0257065356
15.814045148
16.6845578543
48.8962621585
30.1038130559
88.19696475
30.823937073
4.74359005568
6.38056424561
