12.9729248457
1.93869058961
3.63013640784
18.3733424636
19.6681663981
15.6125949555
23.9210621082
9.08264773616
14.1296776779
1.96496888031
43.9208630362
37.1900787909
20.6667783894
7.32571589538
6.46601390434
1.59116304579
1.84861786127
7.45966598597
13.1886692981
37.8138209191
4.85996893262
4.97766619222
14.0824998716
17.6316739361
3.30343925365
16.1622154573
21.7188429265
8.28612429918
18.3401638975
6.7713737783
24.1617150351
8.89290709142
0.154119233792
17.8140460656
12.1896997716
2.53388397638
15.395549262
3.26607135173
32.7960106355
11.8022290206
5.35494621488
2.35491105507
6.18133621245
18.6153204957
4.52678215968
1.15948204321
8.42527963784
11.6761486389
4.76312219555
13.3626988574
31.113160566
9.51997211927
9.62814129435
8.8266856795
9.93534037373
31.0850493452
1.49947237313
45.3434975469
26.8846750144
3.67278661485
5.29393478433
55.8372462776
1.50438706659
2.68705330464
36.0029470084
6.079706615
0.57129511666
11.6417445884
3.66335146607
16.8831769402
10.289276465
3.9674979065
19.8575521629
21.0022249755
4.93861796969
10.7052853743
12.9859190767
8.15989379771
12.22273465
7.44424228991
12.9809153673
2.45383347275
6.7668269038
28.3698069108
3.32613784705
5.14799066879
5.06650188818
1.50059901524
12.2394864791
9.73728716761
14.4855540701
7.99588739081
33.8699843945
2.21777997532
39.5001536321
82.452392822
0.71340760993
16.0710756556
43.3778631268
22.5266194396
8.35073727945
38.9232455121
14.124504662
30.0563398429
16.5940602517
1.81141556088
29.8022881911
0.0395244273318
12.6762311245
3.58087669388
9.13269216683
3.32047470775
1.99381511385
1.37297780293
33.2434443656
22.8205345367
9.27867218517
0.991894444905
62.8015130344
3.28772247417
16.309674008
5.6305108074
24.2676622621
7.41456476185
7.08727170805
36.8830988503
17.1751350747
5.73869331824
13.868982037
27.662959326
6.02741814619
2.35376422646
3.55038507777
64.0394940438
0.428745211459
55.816213863
0.955823912924
0.668702329314
4.54575231099
6.35946106755
6.57394690636
58.9999883678
11.3008781397
20.7597571267
2.24447642759
18.2586162186
2.60767896092
24.7187741926
8.05161655097
3.8134961447
25.1906602761
7.89196399874
16.3925543089
3.65428057108
2.3520845853
35.3034580237
9.86365094523
22.1417111252
56.5902583239
2.27030039248
9.97791825545
4.19080537227
3.67628912494
11.8264878457
5.99361598003
3.02070595438
1.7535928471
28.0611596241
4.30394501677
15.2746324092
1.62918937027
7.73457070919
10.6457921086
11.0610926362
8.0374342474
13.2092107739
5.62321245782
0.24701671608
3.30695713751
4.45983788549
20.8177243176
19.5778611222
20.2514526513
19.5336215557
35.8343324389
30.1123758669
5.67974615824
1.59496809199
14.2282809093
6.71467448553
42.9171403617
13.8591562422
7.77519210515
3.33720421676
9.50609511285
28.1486232035
14.6377664297
4.40408218009
6.03114760344
1.35048445845
2.3564315438
8.41126262064
6.36713294873
28.7973252858
15.1109816673
13.9230839733
13.0146751411
14.8377315688
1.59560675008
3.72341090539
16.0107809305
26.1887520044
8.80814009981
25.5601059499
23.2040123075
27.92781152
17.2518776907
6.32784238304
31.6238452388
35.0113422062
65.3631812693
54.5017494197
9.49355284656
5.04747091737
41.782744913
4.74847185056
9.75046844639
49.3474840303
5.08836277702
23.6760398166
19.0259697017
1.93111531451
11.5900758837
5.78985285021
19.758426624
3.06787367457
5.58891653254
7.79252343773
3.92770749859
23.1083485237
27.9185369543
1.87239722446
27.4960343577
27.1861356018
0.802620187147
92.4649204263
30.8264232709
0.63753936813
6.55015089029
23.2427156264
1.4141714496
10.4784337414
13.4073541007
9.38816370527
5.45685034975
8.78100115674
5.51043514468
35.6076161705
19.4198499689
11.67521368
16.866912862
10.0337144516
10.1996630121
22.6387065259
3.33213495632
2.05938161965
2.48444369331
9.90856506551
3.54824850822
5.97240292454
10.8092799067
15.3235455955
2.76539277501
21.5070429534
9.30414513334
2.85364309361
14.3513704224
1.33191217846
7.4563109823
7.10453145776
45.7599183246
19.2901633463
5.33326833576
1.38321200236
1.63402219783
20.8613791951
9.55532998974
68.9467574613
0.608411924037
5.37920885161
33.5638224794
4.52250189509
6.99250109714
0.106930931596
18.4291358942
3.260565376
19.6091331889
13.0741786824
27.3432892669
15.301081675
