10.6806592296
18.9638958986
17.4943045879
6.91354492904
9.85921821895
0.491284229919
21.5221247287
8.71469753969
29.5216376731
15.7790183932
3.63591420251
3.36048734955
10.5651822327
2.59924423741
12.9167782207
3.25744685654
26.5702478358
6.52302951171
8.77513720135
6.6089835041
34.3559190541
3.53687166488
4.73944634542
15.5329403334
2.53208434723
14.0225915957
9.60070235582
18.5572393171
32.6962999532
3.52561589204
1.35074007501
18.7369899497
8.36853724171
22.6164485088
4.15618524661
9.59850566752
2.73140599291
29.3492853832
37.6649735113
0.743908628265
7.16107423891
7.94731805494
1.68191460861
32.4212419885
8.38032779418
7.17175715107
10.6819552161
1.96966701643
5.65268647219
5.6272947797
12.7935576546
3.45862861291
0.76460462154
0.656528023417
0.957975510343
39.578612627
5.01028280042
38.5619430375
28.3965906248
9.54767023613
20.3661472298
2.79187010016
2.81741406137
14.1327777021
0.100392200432
11.8659528917
36.1633087858
37.7837921126
12.0503459617
11.712246986
7.32569809794
0.940897859243
14.2642147345
9.54338504698
6.61114234619
0.0379961234479
4.34020974439
7.98520423989
7.97989671676
11.468886993
15.5724142931
19.2024928865
15.6632510572
23.7442730485
12.8451868039
23.7699200226
13.6558553429
9.01480275484
22.8491461495
17.7749997661
6.67235681183
10.5645067556
34.1665370186
5.6073811288
7.02811481605
43.5379756946
12.8909807377
3.15259921228
4.16144803196
1.40803423592
9.82850469101
16.006783103
25.4026597901
6.26718261396
27.2491449266
15.0321437064
0.99879696834
13.4068086415
12.1101469039
5.87562675816
4.5216337101
41.055288501
11.5058587691
77.4843279555
27.3432536194
33.1421826727
5.59175837355
22.2146831284
4.63995532705
4.73720531186
12.1368548165
4.79021887412
7.3518183946
44.9082423909
13.7322827004
0.753172645648
19.0283608972
5.73293330934
20.3583919978
13.4863555184
1.02059687673
28.9611470619
1.50210444283
3.55067351506
17.8292610794
26.0863107749
5.59870162629
2.58480594225
5.53630296526
7.63605222667
4.61125194014
50.0073761467
8.83725869195
11.2220614883
24.3831853401
43.6000415475
16.3011013251
12.0050195415
8.92934229727
7.37541684321
8.10762270793
89.7140066516
16.2780069681
2.27669496131
14.3485462121
19.4691444607
12.6980887041
17.0282405828
25.121089477
27.8290021526
9.73866531766
8.24334358717
13.4112793926
17.1955360975
27.5242035266
25.1778063301
4.34173089511
31.9555349559
9.15569596587
2.05633607077
34.3238482018
28.1214479421
4.2058796555
8.06038271041
8.11612909768
2.35990756527
2.65164364609
7.31159060276
29.9907379482
6.95488481262
9.61969657438
53.8182611893
0.933891413499
4.45618167548
24.3354080206
2.92482957089
7.86180266853
15.9450609719
7.32347316375
6.25794859718
1.15957713466
37.0623348032
12.6087417321
7.04007510533
15.7890141007
1.69611799068
12.0742344871
13.0754791332
5.72159372374
2.84874890221
5.83282234539
20.1108503334
6.22836883782
2.43923610749
56.7646349204
18.0932141631
11.53336774
6.56561075974
17.400505154
23.9638285694
9.30331860971
3.98339619596
17.2021610974
18.2752357558
8.5510364739
2.61119384663
0.460090187017
19.1919173947
41.7806712404
2.17619252839
17.2067859349
24.4349232353
9.54589625965
42.0052381424
9.0784666272
26.1978040216
19.4767662716
0.458304830416
46.8390889362
6.68815732992
11.9556240185
14.3162220655
0.305785823965
10.0664202516
5.01938714472
16.1224627156
34.1423639722
16.6501209441
2.44329951293
15.9814295525
20.0232889836
0.96751089986
36.5629926541
21.2797918868
9.62920549751
74.4311122837
23.4590110829
2.33505925073
2.60258072252
6.4140312397
5.58803616391
0.387733425357
19.5947308086
6.91853930331
0.76455111256
2.36998007412
31.1697301107
7.46861525589
60.7742129011
4.54191841675
1.45691783852
4.99817765324
1.21756175458
19.3232390875
3.73392511294
36.0499568148
63.0636844091
37.0035689504
1.83807047326
11.7478992564
23.5222104646
1.20393999833
0.150632826561
24.0439303886
8.95978059175
2.05720589139
17.7771460966
11.2648064294
13.252020796
0.623788441776
1.05389484011
7.04247808318
44.4996019075
7.23112237886
18.0420371875
15.4486630404
5.37754011883
16.4705758367
25.2104464391
27.6751668692
1.43927223641
2.68020515019
7.78524294296
12.0179001403
32.5431813444
43.0326691123
4.4163618578
5.06051737272
4.81831265374
22.7363574482
