10.0643323941
1.02987674807
5.04426118815
15.2690719394
3.22017160079
3.47874263625
6.14163324337
6.07303478385
6.57938406381
4.55469328817
10.9025374232
5.88999448152
3.58687567192
13.855028868
17.2737154118
6.40891352573
38.8913639809
4.00929379904
12.0421872708
36.0914141841
16.8300398852
1.90792312709
1.45360786737
29.0624515846
20.5109190393
1.16364731435
0.00205268693924
16.2044841941
5.01837695927
7.54134081777
12.5505548566
8.29154247405
0.700265206506
8.93890392746
3.93662888582
22.7271105888
4.64584308612
17.8723633454
26.8327770775
4.3345095725
30.9663693966
41.8099479406
13.8129615171
27.9778945421
46.8133093878
1.42433619067
17.9997255057
9.02383265641
4.95394905893
13.2180131882
1.74369587302
35.8584011554
44.5225022921
20.154496632
19.7721371861
4.93220647308
3.57888095666
4.80998746088
4.08807626082
2.60745435711
5.6426516234
26.7243455966
18.3012792576
30.6018627368
10.643670109
2.29317959613
37.8855965558
6.78460984357
5.39573271411
14.0348956919
1.28692321084
5.01634255205
8.93886902478
8.89625972683
3.53624576191
11.6888182129
11.9682280195
31.0007397335
9.0437368082
9.15582453715
7.83620166675
4.06477689993
22.7402653509
10.7665103453
1.65485766676
6.49602196735
51.3698301565
28.4960476791
115.064423849
1.52369891337
1.88258986691
46.0555838208
10.4300167171
4.35562117958
6.1963095819
24.5647254268
2.29611724396
5.8504566433
1.82179167322
13.435875077
15.9182159588
0.349211384554
4.43316710434
109.414645969
49.6764179024
10.2274155492
9.88033641264
29.8056075934
3.41303100276
12.5305464744
5.68891285928
53.0925951801
17.2148962916
1.77839375999
16.8530786058
2.43609794927
23.5944218106
0.0494307030895
69.4374255727
0.225420798949
21.866427452
16.1818642287
9.98207348444
60.7436611414
30.9999140311
13.0775667509
3.96157443249
3.44733046171
26.5748043438
29.0452488999
18.6662820658
22.2447892007
59.2972555469
32.6736006023
2.04183176317
6.72275684541
1.15001011568
17.9548327912
20.7045286409
7.9075092862
17.8198293322
4.49671999151
2.08187116973
47.3260470386
31.5315896804
13.7135588086
10.8105776925
0.907526667988
3.59512227017
44.9365264026
9.55336474598
15.8211070816
10.7934964879
6.23942798272
20.3443076536
0.394544556318
10.210640931
1.72891524229
10.3574747105
0.896445202906
14.3765773172
0.537320510266
3.64962717546
34.8917492717
7.80580271721
5.33202746179
0.593249447029
15.8692983246
12.8553064826
13.6272122536
23.9121508035
5.46593663477
2.59404295608
16.5931519777
22.767921838
8.40594245942
10.3306150066
4.9251616757
30.5819582541
5.25613926713
36.1589877478
10.126487144
27.7920120295
12.3878556665
20.7182133397
36.8775348685
44.6812837824
6.56641305473
12.3134969667
15.8440274508
37.696065343
35.6345124178
1.3849824159
22.37690604
31.9882151093
9.70008298646
23.5196463347
0.0934758339508
5.8034689648
5.46729916081
24.9445223539
1.40610964013
1.42220239401
52.9879596053
0.281203388749
22.2401897033
2.94629788488
3.0962674219
3.99264630058
22.4874147907
20.2269705435
36.8848617811
3.88341102384
28.7508660935
29.0605840172
16.8349216289
11.0166528106
1.80291874305
81.645486223
27.7131752075
26.2598158305
31.936617159
6.79785219069
6.46909423831
30.2431520974
6.83052397741
4.12743947444
1.36505418079
9.65076798051
5.15955980014
5.522122779
14.1609945312
30.3029887027
15.0784256206
20.4967126183
29.124536746
13.0848176145
3.06176483254
13.1888724476
17.7498279871
25.1956572866
41.9617453649
19.3625246298
30.6344182072
18.2774150386
11.8924910756
37.4801711246
15.0883779181
2.56110538124
5.99103519728
11.8993890729
7.16505890456
35.6496569148
6.30986044727
2.32116160132
13.6025624724
1.48193536661
11.916643133
9.94325708821
21.6478773789
16.092049449
4.65803492115
10.011556535
13.591459892
14.3864074777
20.3374878134
22.0568726557
16.0925762431
0.730886166186
25.7375331934
8.72299552106
0.0609790103441
1.33463957677
5.37756747747
6.58546484091
7.10385369534
0.512620813588
15.3831943297
17.5806239425
65.608648381
12.8779125629
11.174904768
5.53595371462
5.02354289558
23.5534657363
5.60525348006
20.6864984642
0.14073911577
4.02610709062
37.0020230109
1.02535732175
11.0549164331
2.16918390838
1.61973375262
8.31816998604
4.42111152366
10.0940455464
13.7552697507
20.2736423732
7.89992139821
