0.167464896911
27.1328998563
3.57059754487
5.90447264295
51.4374556738
8.63103467449
2.53698200974
10.6721542062
36.5505154942
43.875393546
25.5070214838
28.2126049853
3.35011285307
14.5606051931
23.3309911281
9.62595967787
31.0395655719
16.2409811974
1.61229526208
10.3892703205
3.12791281467
6.42368487395
6.89268662403
6.20863894072
14.2014603834
1.48402777959
0.570424064863
4.21963389279
17.9287965247
1.55627452753
16.3474222764
31.7008881915
6.09125534126
16.1771371134
8.63694677995
6.72593787302
9.77644457263
45.6231719206
11.2800704931
1.3553437576
17.1649187817
3.49964333253
24.8822081466
7.03397891927
0.913952304036
37.8485265296
15.8109598365
1.93171536499
2.422599134
17.7265311963
10.8188361881
0.0721623460992
4.42067378749
19.370721355
11.366654582
37.143964335
4.19938139354
49.4676848646
13.4917208194
7.98597518094
2.74008719254
5.25687294858
2.82565540032
26.3099362223
11.9605968737
5.75926731301
22.5586731779
9.41570338725
18.8459175642
19.8435434493
1.56530732676
31.1793580904
10.9497722554
0.455099797778
24.39041237
3.10526693291
14.6551362268
18.7985383518
5.97799481595
2.38656607467
15.3289960095
18.4776674942
2.05395367358
13.6796961368
13.6079151025
0.00170955274554
21.6716338692
6.46661884486
5.24604936802
18.0904587805
7.63813991679
6.77515978054
46.8324553776
5.71663745863
5.15127658854
10.340730246
21.7938833057
2.15012709589
5.16954124923
11.5608106576
1.73006561304
0.845017614119
12.0742171316
5.64101709404
11.4155000435
14.5717727367
3.45787845681
2.76215094036
1.02863048319
6.3609998095
10.2974731808
2.63950449097
22.6790875519
42.5419083809
12.4403036275
7.84115482708
10.4297327858
18.7206742126
7.22308268159
18.3148029124
36.7034774168
3.51583708266
23.8233072731
11.728204089
18.161863152
0.15431374098
4.48690666206
15.6729684848
4.61380553179
0.229178247004
67.0332250266
0.835351712456
29.4130540367
12.8869963161
5.52391238992
13.1933908385
21.7910576547
3.38781851836
54.9504828524
21.2944154166
0.820742860768
7.0371513208
3.12976844755
15.8138925265
0.158149447898
1.13746122885
0.889732640181
4.04228647827
1.62425076666
38.4610940169
63.12451841
14.1633961091
10.6770011534
26.3249974852
0.615931802283
9.13983380053
15.888654745
10.8915341293
2.79594177589
6.08055851673
34.5392096324
0.325327106609
18.2897522787
14.9949946304
1.44305501868
1.6736459638
14.7874346838
19.367147955
27.9250949701
4.36572589316
2.13650582309
5.38440067323
59.3155099971
54.2536009251
4.85451329852
1.13172212817
18.3153312221
4.81809098216
1.51800358177
27.8618806735
37.4532116078
26.9022343563
3.36539985809
6.7567871803
24.0464836885
26.8586780084
6.77636958631
3.46429850439
3.2974115691
21.1483990452
9.21835108113
3.69365985297
0.277873972645
41.0951145542
14.4560949288
28.7813492711
1.69545295945
28.6670968544
19.2616557059
114.859955268
4.73371353184
7.32070208364
4.98955227081
2.32556375221
22.9152267117
2.50360143983
0.654052988724
10.5047311084
31.580519299
17.3060075028
13.8150676754
13.9851240379
6.02868065835
4.59708774216
36.4611944991
11.2554213746
7.71010255595
7.58568189449
1.64324558998
0.610349018538
1.95113435281
5.66637917739
4.19669221547
39.3126704998
17.6300105411
4.10878106381
2.53977490915
3.08896069626
8.31593297261
13.3422452248
10.129395458
10.7450308814
14.0091598712
4.88551290863
14.3252604559
0.958929735239
28.2209264383
13.1167320947
1.38802107542
7.77836357636
4.47624445463
3.53924315875
0.136379750245
21.022999857
1.07101443335
20.1037654166
5.87278839359
25.4863047891
10.7452663297
2.85731367394
22.3718619932
1.59868792374
20.3938311652
2.36374551487
31.0401873133
1.21129401973
12.9005959732
5.33207572105
5.63346879997
13.7673911083
3.28588813688
2.72882075399
1.28803924798
15.7641374555
2.18232659089
21.4471246701
3.20664628742
4.80593662058
0.693560901138
2.45547176452
60.4728117028
6.32869315462
18.5359904141
19.7418230882
6.40184477187
16.630522857
2.90434849323
31.6744443195
13.4552918462
48.8200275426
28.744032816
5.67347376152
3.81486057872
16.7236495255
11.359298003
3.91036265763
1.09027850696
15.735195938
4.87495894597
28.5040431326
7.22820178487
18.0934152829
1.44315314142
6.9055704306
1.10636954286
19.4049867841
13.1296582275
4.93722212003
13.2460705997
12.2302803957
