2.18585151345
2.23180034562
1.90526155685
16.4489123045
23.7922830848
2.13381810161
8.88628953129
13.0050287604
15.2065390638
6.23538563211
8.04943832742
37.934044071
1.00024701515
8.64965637319
6.00381483205
4.98309015199
6.38898417703
21.4789811902
11.028936827
4.71241080219
0.675483930688
25.6618628277
17.9192067188
2.16971086188
9.21869886328
0.757055108453
2.24405603934
4.46900349349
42.6258318301
4.83742956384
12.0662938771
34.2131013815
12.1822102289
0.0610760465482
3.17136023574
34.8315666544
4.78544331881
16.7325548498
26.9593356253
13.0148616763
29.7564466115
0.604897197079
9.38307188677
13.6050704027
1.87480030495
3.86896308544
8.26305851324
17.8741098758
13.9490848613
7.10207562537
17.2045077393
59.3902680388
1.41681877456
0.339450489625
1.62923120103
16.5969856601
3.80740546156
27.1223734848
13.8714282273
3.71225718228
26.5772785013
3.24259598799
9.79366099512
25.9641175057
9.26093419385
36.1874499158
8.55907778309
14.2727785822
38.8486357437
23.443877762
9.28989197092
2.93132727336
2.23514296086
0.920192112168
3.17391587801
18.3762447753
13.1458325548
17.9601021739
11.1849841873
0.712928318565
16.9392215123
4.89091482024
10.3467446243
8.26655259259
8.65128399034
6.74547178434
12.4233088537
1.34361081742
19.376274133
6.73939405531
17.8365174507
3.3002802169
1.46793744318
1.78085602268
16.2779564483
6.43792940306
17.1120654257
2.62253400641
20.1329315013
26.767512358
3.26413876561
2.2952428845
4.75193032255
17.5312296382
7.79065410093
33.2062223427
19.2534034645
53.721427929
45.518426007
5.85197488434
4.86680130166
0.848573517459
4.2672395306
9.68483149809
1.9037799624
6.93453283256
24.128796177
1.41309375071
10.2223239603
27.1421527597
0.0502475045498
7.70161858259
9.03316700664
7.68443983893
3.9043837907
22.7804989144
8.00916500262
6.82187620044
15.7483017099
2.46195906087
17.172106681
3.00927125175
8.65022837606
15.5584136196
5.51025203098
2.5543053226
15.7715595446
0.297428107353
5.6335252252
4.71400764416
6.10090568556
2.6879138622
12.8401510375
9.7731989492
18.0568269953
5.29795624426
18.1839333696
9.92950816174
1.48625367658
0.310974966165
12.9610192622
15.2981116186
2.35964593698
3.06416434422
19.9011820338
1.90486326087
5.3112539359
1.45765250768
0.212793067928
4.1193290961
6.30508528372
24.0633022471
1.62916020314
44.0171295021
21.6797645744
6.95904113916
2.65871513867
11.8236260499
26.0291891555
49.6317345346
30.554798578
3.66107240713
7.58092528163
10.7135708184
4.13424763499
7.56407279271
13.7218416745
0.349125330199
5.1986076561
9.85439943852
2.97267975011
4.86851787684
0.576074449489
1.63669745437
4.28898236398
23.6520415387
1.09090060081
7.41344099956
8.2268351809
2.51453444829
16.8535095528
7.46445525153
9.08546493774
30.6968300225
29.4557475801
70.1138608612
12.5118967515
6.54495267193
3.02299416646
13.368999178
6.59777657809
21.9009359932
40.4349136232
35.1175354449
29.5605455318
15.9381840866
0.874866655139
30.8143045776
32.7959046725
0.443348268663
14.426407731
13.8984599488
5.15318696642
8.4546099656
9.33240664508
2.0521240309
12.1170874046
19.274740853
1.31582338308
0.0496872729855
0.591586665834
11.2213866373
13.2801083159
4.59506630878
23.607271167
12.1487155568
15.4585012064
2.20350519117
5.33924167441
5.77659598786
4.80465005839
9.25392555986
35.2036995379
7.76215583678
5.76969962264
18.9214412912
0.14908945523
28.0329135064
0.0775391966489
9.82129309168
9.70207789904
2.21826204573
8.80404882452
21.7163252506
11.4902838792
17.2400665639
0.716580440455
16.0385670971
0.604896037868
0.549817659925
6.16278935395
5.25732425227
2.51687941698
20.7799604531
13.8182508546
31.5005515379
0.307332008613
10.2252248152
11.6402976088
21.4539937714
1.97729925437
15.8101195616
25.9461536647
22.3571268453
14.554678083
2.48996877963
5.35573487058
7.81106501487
9.5649650616
30.5998299259
5.64609712038
3.73343891927
2.61292528546
24.1301190114
2.93069712453
32.2670574437
12.9774296968
2.34636456927
4.68482155457
22.4035973374
27.027827653
0.876196483627
45.8597233766
9.43412164738
9.09029879569
9.84235949818
26.4264440556
4.44424868857
36.001546126
30.6663612689
17.5141988062
5.9122263959
1.440527072
4.69507999294
14.4983682404
1.38490779772
7.48031738727
4.74306805085
1.63923177924
10.1356914188
