3.47235043976
12.7862873939
4.28127053139
6.86662030331
16.6291059488
24.9523344322
17.8027692937
5.35781618179
7.2212030484
11.3824301716
10.2929040588
6.91608716708
2.73269679323
7.05970915748
6.35864570846
37.8842424035
18.9420757255
15.7779946818
30.6023543279
13.0727325235
15.6104782272
12.66417564
8.50122775313
0.972747101733
10.5741390208
4.03403598465
0.0350561503949
12.0195018329
25.0196348029
8.06174861858
10.239216727
3.52365976587
1.66333909933
7.78052212961
1.91347171979
12.0735495389
3.5223624078
15.8193242975
8.38817531761
29.4198463627
2.62661490489
15.6883720304
18.9603587233
39.9482084061
6.86325882359
6.37635520565
13.1722809242
0.757901446116
58.2506435051
18.1187188183
13.4427057288
31.3941448131
22.0685265139
5.18716197573
1.93942576397
16.7824270442
20.2378542973
1.29859001185
22.9168706271
16.8828496336
14.2047130099
9.79986952863
12.7301687083
4.48636286794
0.480235442165
12.9605372338
11.7329944365
0.386070343289
8.94497375684
20.0630092389
6.68210381109
13.8654897181
49.2167194977
17.528294656
33.0449104016
31.272637918
20.5682856405
18.7820949851
49.2643042511
17.1647343892
5.17060077584
37.8680438761
12.7262105413
10.1922747332
7.17120286169
3.17320548246
40.9468183317
3.65050478992
4.61249606147
7.65739116696
8.46128562143
48.520565637
5.05586861627
1.00461438552
6.68273663465
10.2351759916
9.99660102914
32.7394941036
7.7773241039
21.0968807746
5.78315722607
6.48533541786
15.9085796909
3.08224452669
30.3678959452
43.7913760599
6.00019420723
1.62084185062
39.9361700703
36.5937492966
34.5486313874
2.97092515755
11.1310731438
3.00401485569
40.5456585728
18.31794517
15.0809549138
5.12221029663
0.360948683157
4.2289706979
23.4403510272
14.0429858837
6.45870861435
19.9729948833
17.8027616191
8.06645208002
7.51607676404
28.9875842724
37.4017775352
18.975605359
1.32546607413
29.0167688063
0.356987406588
17.9713260875
96.5342410546
8.43777084914
7.11608956547
23.8748978431
4.3528114375
4.34727170402
0.305153251901
40.4897217285
3.20087937326
5.22890617147
6.72139277118
12.5158541454
15.4090829219
3.25073371811
24.6517174944
2.47946048164
11.544488976
2.33069986553
6.63800698478
30.0758317272
14.351419926
6.0338689016
14.1685593971
31.1109603579
22.3536414677
12.2997633268
1.40331819792
5.91774158447
11.8890946627
64.4357546213
17.6661660068
1.71772592221
27.3019217416
10.5736976025
10.9506793054
1.15596597567
11.9773565545
8.90726710746
3.11119681573
11.2476074596
1.07634763471
2.01362366496
9.55224540132
18.1149716404
45.7108140754
17.8449600108
32.1532020001
17.4509904359
8.23463766185
8.09721409161
53.8788536319
22.3765205834
21.5801934203
40.9549315237
20.9933515087
1.94142430543
38.7898933327
12.9076001969
14.5416338962
30.1295183602
12.6804643768
4.54889562373
48.1801804718
25.363180143
19.8128692107
33.7084417821
11.8444554093
2.94440122457
12.7860796973
24.9443122346
2.69164537501
28.8135431502
25.7875118062
8.97801086646
22.1344562142
23.1679803803
35.0895426579
1.26024847708
1.86888198057
2.5468333044
5.09126370401
19.5182843565
1.14671549056
76.1616738375
1.95139888136
6.51689015551
1.02646544903
46.7098541978
15.6774538261
5.86867857978
15.282616762
5.41183980699
9.11097724943
12.1940384685
1.66337307845
24.1033992879
2.17567041274
3.09233539906
16.6812371833
35.3206371709
13.1656386149
0.743253616418
13.1005876697
18.8169108126
4.50138409781
9.9959322526
30.4601224631
28.5077597448
22.1256587804
49.039229663
1.79956525582
14.0865990921
57.0695749169
17.1174440577
11.0174017258
12.9079860488
2.35474420435
12.6453803702
4.97677420151
12.9957029361
40.2021246282
3.06668018669
1.75467757066
10.7879926683
22.4124530255
8.46117999001
1.53266567585
6.91577112947
2.50667035969
19.6954948773
5.29164974277
8.88130391979
3.81791582022
7.03917834565
31.0335538515
18.535402565
9.37255983834
3.01155432535
12.1972014489
0.759901268862
49.4984786486
24.4151677287
1.49881910284
28.644127462
6.63693440429
0.0554089924901
11.8257830553
13.8481014188
1.09381163445
30.1130377498
12.6613015228
0.0819246508978
5.60060163241
7.56932207179
14.4773501976
8.15145402116
28.6617136105
34.3980081957
3.89300732077
2.55496682124
24.379979869
13.176337694
4.89365163035
13.6588207123
44.8717155509
24.9959980654
