54.8585962137
19.8951082494
13.1289126131
4.72357666124
11.2874207825
2.53169880055
24.3633881968
2.28425896814
11.9749467193
15.2389217709
9.11394759549
8.01557029147
14.0571754703
2.95532744993
11.7106963239
32.44047776
35.3447277331
12.5044956332
82.4577936664
20.5097148278
1.75931797103
20.7664868358
1.83894072859
25.3482263945
1.35139729026
35.8435774034
1.54303108317
8.5820341579
20.6601585217
10.5573915731
0.184478321419
6.41003983392
1.11541195839
19.6531341439
7.69034362667
9.02203266513
28.4970336716
25.4901838117
3.93212493085
18.4190958082
3.29878331606
55.3971706882
11.9288709607
18.0417119904
4.67107561164
0.376620661382
12.6369473138
46.6178632273
9.36991214501
1.69646808931
3.12874386888
0.875620291804
13.6440118657
25.2228275326
9.86541510376
22.2413438832
1.66887131544
11.5368758898
6.70827748177
3.58456124619
11.7972699664
22.2734576398
2.54972552196
2.50643561269
7.78172165717
5.26417796499
1.47230436259
11.987838614
2.64064493435
38.921722463
7.93086217161
32.758714748
9.70788015764
12.2571773702
1.99769822358
0.592556213603
31.5230833795
11.7640141027
33.9975897765
27.8860802985
97.9749532407
4.50838864083
9.36444377679
10.3707327625
1.91700257564
4.12698415556
3.05613081974
0.414610953738
4.59813452625
39.574808791
0.036425906559
11.8849394472
9.23887863253
1.9676781748
12.0865376414
32.7358856913
23.3008453607
12.2373695735
7.68917004623
20.253469543
12.6518495575
23.5540548807
4.11048968725
1.33191097764
13.565738926
5.28716169314
6.01835421551
4.72471218676
8.27251250235
15.5341145146
10.8372081031
7.80007060949
4.20976427798
13.0933212285
0.21066419987
23.0157349431
3.31079269211
16.8421555741
36.9941293502
5.8703749794
43.735243229
1.87235677207
17.3987303681
17.2378549819
3.94345138263
19.2573353429
10.8518694196
1.0310890001
2.45415006846
8.6203603083
21.2606210629
0.738297777615
3.74230715437
43.6915052103
24.8852758081
3.85265217116
9.625454463
5.33852847798
7.45823820077
47.1614717052
6.81640758983
1.47052520307
6.53394699977
59.2176369386
1.0989614504
12.2836449204
14.5915527373
24.34233664
36.2373328968
36.1731456709
1.92278669485
4.03965760351
3.71597638429
3.11062659922
4.37554513997
12.1183882797
6.96519342467
2.00457384952
6.88132887834
9.80143181549
48.2758146521
34.7801124546
2.31166289272
5.68198509783
9.57001451191
8.22821958513
14.0595917821
35.4796588493
14.1809983758
29.9061658566
20.9923081159
6.20848183845
8.03526222243
2.04015509318
3.13432895609
21.7980279881
35.900218217
6.24705751605
5.92929681866
19.2664249089
13.1908249672
43.001829971
7.78237666429
8.35163729652
27.6243993165
0.768455468795
5.70295952618
23.0895276609
18.4572943775
15.72331816
1.29281285269
3.93508014432
44.0995794783
13.9170528234
2.32179044937
18.2642160338
49.9191883632
20.6447531251
1.57910929172
14.9223335998
1.05770330532
6.59918656316
7.9366860445
11.5369377647
3.01247447166
16.0739298565
27.6839127651
36.1259964839
11.5257552606
18.6131435859
4.65763997849
0.61621632302
15.6041750317
9.93602863251
2.30310564614
13.3536830139
17.3723224675
2.60438119236
18.7396874484
0.429451434015
6.74063293793
21.2908644036
6.10297459948
7.63672656335
12.3621443644
3.78664505185
15.8416789308
6.85451710826
6.15237474698
3.70477756936
3.56556428983
5.06251158484
22.6034475419
4.13207101649
0.633102381111
16.4506674147
19.7874760089
0.324492783067
5.35852909349
28.3471252763
0.916167911537
6.65320405786
0.561544351092
31.7247662498
27.5512220369
66.2833423354
2.06000809001
5.83203665945
8.87199446384
0.852334385944
24.8224065682
21.2218817687
5.57470141409
9.79554998168
6.49432831587
14.9108327088
23.6653259821
5.53641098644
1.23661999945
0.572278277441
4.00803377725
3.91163891134
47.6695444915
15.9101691163
8.42013963954
7.02937407626
5.65321384659
10.8085301401
15.8152446201
10.2183935525
65.869035633
29.5743672241
7.24479531422
1.6257560409
45.3769737692
26.8590267015
3.58290188817
6.04100376192
29.0511241814
27.4640010834
3.6985233064
10.7847144215
18.0255587898
1.06011899312
40.3589596112
3.10556345879
28.3787989005
16.9894425704
27.7319018432
5.40948732434
18.4469649789
5.76871294125
10.2724555109
18.8072887906
0.838657322849
2.69947581356
3.73362051641
8.7750263626
11.4824577857
11.9197733672
