10.0817028188
13.1071401846
4.27615924602
2.6747907438
6.56371084267
0.970876740877
7.54789783833
2.33943535703
0.824676565459
9.58551029675
4.04127181093
5.26716823296
12.9077896251
35.7237341893
10.3619716697
1.35062152126
2.48708145362
14.3849719947
18.5956024748
10.8948227671
1.94407602437
6.52050496215
9.80346470794
13.7982194264
5.96742055507
10.0993416409
7.15457085855
47.3818238013
26.4675930691
8.11217352452
5.07730851946
6.86996859235
29.6780576524
8.05955248397
9.96858418756
4.22992915361
13.9084196868
19.0725719405
62.8931370058
11.9565179768
36.1436773711
0.448264912171
5.34321907451
3.23234109289
0.405121800627
5.38494763161
35.6547261609
2.13306169706
44.3076827367
17.4240925179
9.57854053943
2.44968693607
6.86794869083
35.4981088049
24.7894399822
2.08822849254
7.26287299984
7.53308405652
42.7338112169
0.925388085947
2.07605324314
3.01575939732
3.0176818874
33.15266568
9.2480454095
30.7066938296
5.37323285344
19.7677930524
0.930727906774
38.8984398554
0.243854970475
6.09788772427
24.905436184
5.63970122163
13.1548732873
34.6151764663
19.2951663523
4.36069749078
11.2042108393
3.67404545345
2.19066216009
2.52538757024
24.7422024216
6.30577550775
6.9628736455
30.4487644518
1.70976824883
11.1571416894
0.2974213036
5.6707021128
5.6504453666
46.0306710442
3.22260095521
11.1649997519
13.2377608819
4.39074914865
2.55010755599
1.20223576902
13.7238732268
2.95641994778
5.45411527143
8.30047477035
13.0154582291
28.7338161534
8.69093770368
0.681783645612
2.71012144238
8.94685013757
66.6065493303
16.225622654
2.27055886835
8.04551015029
18.8828368511
0.439707658538
2.56612282777
2.08329437843
34.4492843955
7.23348471276
52.3234655043
9.49682590436
2.6088534173
16.5096464531
8.26173870068
3.19428596885
26.696228873
9.95592943259
4.93933162508
6.04444688875
18.7053876882
8.2029985893
2.4983092431
12.6041410438
9.24935592295
27.3058788159
35.4523555568
11.3763295872
0.513257992793
3.77738649635
0.1174580838
0.823158012506
12.3018212952
0.231232034511
17.799209495
6.09242908619
11.8732538282
11.2586981752
1.46555147919
18.854359758
12.8114012172
4.13238131936
0.125686741138
8.15286570088
9.39096004407
3.99119665126
35.8840600958
40.3602881055
0.836861760116
5.63921361881
6.87483209836
14.4941832702
12.4799397586
1.05683064272
8.07794218277
5.46812051124
10.0323392346
13.3928914757
28.654030829
13.9299261902
47.9872895116
5.10223167478
2.04448623147
1.93427400797
5.08186728999
34.5834931998
22.3857459346
4.73323169471
24.0637168775
36.2505827489
23.6213048783
8.83616494487
1.16723717701
3.38592121619
3.42882308651
0.324299131548
3.5783714491
7.54917655739
40.512760232
11.8172727038
7.10727213224
6.51640452107
13.7783274972
6.95462395532
11.5572463683
33.7285178729
16.100240028
6.99762530635
29.1423844005
19.4638989722
3.62824913471
27.05396528
16.1278313615
6.5947050577
0.743014043766
9.03471364568
10.1515712118
11.2462020064
0.355626685594
13.1070545497
0.384562092471
16.7192387377
12.5104517448
4.78284044652
3.14122954206
17.1815713196
11.442194115
11.5614063986
19.3281725917
23.6503850686
2.33497094835
3.94610302592
2.49523767416
22.5279671168
8.0861947927
34.3489338209
12.4829070257
15.3956246894
16.1196603811
40.5796794526
2.11833128024
7.0890362138
0.423182880748
9.29207486524
7.62667497487
10.0388870272
32.2806906456
14.8878260741
0.695919670385
9.59844750953
18.0272972455
10.3217694851
10.116198421
2.68124724604
12.3574587053
11.926977818
15.843411553
39.3360270655
17.811204529
0.0549066488551
13.9666819389
14.3774270125
36.6386706263
14.2713356895
30.451103756
7.20145597124
36.4279853312
1.90453357855
9.48239254552
7.54934638076
49.2881801534
9.16297387147
9.54977938422
17.2941292995
40.3153715069
15.2680726325
2.18063385008
31.2537412254
37.5965413064
1.68172826077
49.1474828809
15.4824862769
1.08776282581
19.6473759345
17.9404871828
6.21695898106
10.8841550024
0.847405331683
19.9091999305
1.59126065698
10.2830743074
21.1610865377
8.75635622735
10.1913915378
13.3180012248
4.81146800357
15.431232331
7.33159785871
9.73493499071
15.788230996
56.4582326193
0.265718398981
9.98101404246
4.1985965856
7.8533271402
1.07715435818
7.53730314334
35.7808941219
80.7858574196
14.9929174992
27.4934544318
2.69003190125
