8.9241310947
80.0999169528
6.82496667451
7.42425912846
23.7076280486
4.36296517053
87.8893845057
5.35448392988
4.99557367752
25.8269820219
14.7607114815
6.17885144292
15.4344526519
35.5845583213
18.4656896455
14.0930701635
3.87414919341
11.9289812113
2.86552485215
20.9246394251
1.27625980432
18.414789951
7.90292594808
14.0844035618
20.2222142909
13.2134931234
6.64615833341
6.82684264291
2.55031319271
11.2362422454
0.272465017432
7.96074877528
5.08596624457
6.81922508793
11.4707905897
34.9574926593
3.68839490206
43.3358149237
0.209946832585
44.1382076086
2.58065726123
41.5354574172
0.223769199666
6.58318207959
1.0187815143
3.39342461907
2.12452250615
8.83685528145
13.1832054012
1.57899714587
18.7360354592
19.3911989133
6.98061502268
4.75443210567
10.1956605609
8.97332801203
4.42101745607
1.10792793287
30.9944180776
4.92709954858
8.2515286703
4.04423627707
0.825317042289
8.92986340444
29.9577198164
3.1228415255
19.2069613425
32.7090218399
5.77993148651
1.48970235746
36.2856478992
28.3232832862
1.54110430394
25.3187661758
56.0319319183
24.8820138522
1.15173891495
0.546125928284
1.6726613553
47.1832560511
11.4276865758
9.97332702671
1.07261168252
3.79730084625
12.4603693774
9.36744907438
3.86532447886
68.2680610668
7.97594649229
4.89764822388
20.851230217
6.66646115755
11.7424803017
3.05850235825
36.0281774321
1.8198860153
17.1677765013
8.12703285378
5.14706379927
25.3891847077
1.67569133292
23.7560784809
2.44351393094
0.976269366602
8.31267743429
16.55143845
12.3821248414
16.7775823616
2.41263076995
4.38454399067
9.97924437895
41.0677384053
2.75998560069
29.7156047497
5.79792754183
23.6317865493
19.1374414311
2.21071480385
3.61253641269
0.257452771726
13.5761723712
20.71945642
3.05971166501
18.6964839446
4.13704532061
13.156040006
13.6612458071
0.230669939403
48.0952323225
17.3183080812
66.90448467
6.25497854401
1.07985346815
35.4970782569
9.91951749393
5.03953868357
7.4009479107
7.02860659016
6.26187114116
27.4293683942
2.97649145455
4.7626598526
3.96519726564
26.7296804574
2.69852168928
19.3206985603
37.7925650778
6.66346233112
25.4546925057
12.1706884132
19.2444104928
1.91301169332
34.152022071
0.555189499954
2.76763347822
3.805426101
3.13528903519
7.45239268143
7.35625919182
22.2668545831
2.24343867082
1.79070076038
23.0790865766
5.07899567616
0.226432030602
69.7593750539
20.0447976761
28.2580806209
15.0081902147
43.5870458752
0.164121707236
7.80541714662
5.31482207699
2.95795106272
9.72942845544
17.5389730557
12.2009998249
42.4515880025
33.3516327181
5.91861287678
15.3739231461
40.6275745841
17.0963912568
0.530997571674
17.4777879262
7.96713743064
17.3820259608
7.0450537241
8.0932041775
19.9459201617
3.8064281601
2.68535063478
13.3749820528
18.5778758411
15.2875592155
24.6671438764
15.2022194505
12.7043229349
14.2251836083
13.3266895607
23.347118277
8.04864657926
0.317474891423
7.81976012244
3.82635878586
0.754643071217
4.6624567136
12.3957067654
12.4438821206
40.5984384691
15.2191716959
9.16340367339
7.77101190489
23.0879459271
44.035856941
10.026281376
10.0977714515
6.98880755192
30.2847383232
0.498969933178
23.6864220925
23.1965577974
11.2333627811
17.3703821087
3.67234084716
17.7205318049
0.0348804044976
12.7547292878
9.67285798443
5.27088657375
3.56972066141
9.33878794471
6.49922906945
1.48487027845
2.09097241627
9.76766297606
7.87591146826
3.96253133974
12.967564207
5.29278622001
5.78034938869
1.98332335638
8.77243061138
107.676719197
1.77051023338
1.45076465293
33.163805001
7.13012463152
9.29607516085
12.1438569703
1.1773069637
1.78592498812
4.6240541513
32.7309306599
6.03616398067
8.70280885458
17.1108509232
14.7673903094
24.6458567989
76.1165977919
16.084541086
14.1923861449
0.522635525639
2.94786256454
13.6191741012
13.4763549673
5.30902176132
8.29848415084
20.8631124268
2.23309678895
0.0390574230416
46.6167976596
5.68988208159
15.5039394465
13.9651685603
8.3321489642
11.2353984596
9.85371461478
9.9324384468
11.8846992008
13.8272293723
9.72123254862
11.6867870076
12.1444071666
2.04891160388
26.1926624201
14.4049724153
3.26495664653
24.5213975465
15.9462690706
7.47483777476
5.07361431315
22.5001595677
6.4878303667
23.1228562077
0.156012338406
28.0485129711
8.36815471746
1.4524185186
21.5720135673
