3.83666690129
12.6217097142
8.2323669272
11.0004782414
2.70336224825
2.2333826374
1.97090550851
10.1562706799
1.58650935301
8.91438888139
0.736809884008
0.513728248513
7.55711522774
37.8015624459
9.16467821671
8.71832225903
6.75350096436
112.166604737
16.311761063
22.4409055874
3.11856106323
2.34970898103
7.93477636636
12.321526589
1.08539450888
14.6866095068
0.307369161349
10.8952985676
19.9328568841
7.97019720009
18.2230152905
6.85060880849
11.7967711945
1.23648269918
42.157775961
1.45135893391
14.1236268973
1.02637864694
3.78620180286
13.6901826841
1.95561782395
44.4463863145
24.7319964418
20.1729016144
25.5446130775
17.6766131643
20.3382799856
17.0148559885
0.455151629273
25.680029974
0.184612620372
32.9637065636
11.2291993543
10.9159912149
68.7036379713
27.410808085
4.28295255233
11.1128803634
3.17658589648
35.3393453582
12.8074993995
4.50268364592
9.34105374208
4.62415032664
0.115364752164
31.120480827
5.12582088481
7.14135910237
13.5302302916
6.06332990401
18.0806578522
4.7983167063
13.8399430273
4.32714410783
9.14386117074
1.95828099525
3.94027485468
16.5666652884
2.24808361116
23.8662598322
16.1355357251
35.9800991084
14.9450261977
7.48632656843
8.03109198067
6.45648739124
4.86943544611
18.1967588777
3.1359348491
1.026317066
13.7466221929
1.95096123657
12.9812897394
32.7932926227
18.084930086
8.97532976918
11.2814446318
17.2824732134
8.06923761674
59.1253060378
45.807527953
2.72023759284
4.0342483057
36.243448839
0.64561861266
12.6658994223
9.68202935184
29.8358088177
1.05320044677
16.7836268261
0.235597005561
23.1852406657
11.5962910459
1.31501596585
13.1875898255
4.4807200517
10.0286210229
15.7559148458
32.1348545575
0.0288476496492
28.1491359962
15.9673218117
4.14010205899
9.19068684455
44.9351081123
0.285521598571
26.8302021315
4.98195807251
18.1507392219
15.7152749162
47.922649631
2.01089773982
3.67106666244
1.89093426862
13.7867642306
5.42946199281
6.61305776304
2.00924213612
2.99703499814
48.9302433917
7.63848578269
40.7236676163
2.45627456826
8.96051538664
11.4935012466
30.0431196094
10.5812062877
18.8909204305
13.1137977263
23.1884120998
5.76292956638
25.7019696381
27.3985501082
25.8642342393
60.8831080163
35.2273804477
1.55457651283
1.72841648443
5.52060349687
2.00376824046
0.486612521523
19.7491162766
5.43966839366
0.680647875348
27.7606022879
1.45006527551
6.52304365778
10.2331011945
42.758153635
14.9538813821
7.7044101658
4.58321928501
10.0122313592
9.75285124305
13.5352652554
28.1686518154
0.799997415954
14.4147764877
7.94213501261
3.97892595429
24.2051868755
2.16592811946
15.7386602013
81.8797086445
35.525347024
11.6166931519
13.2854831274
30.9867664339
19.7251291362
14.1207370226
4.57062617683
4.04737201797
10.3643353812
28.7240004447
9.38112008991
34.532181614
26.1016494167
0.696367053321
38.3145588885
10.9408072819
41.4053474297
17.485349296
1.98558197515
20.1164388077
11.818304028
9.69279904749
7.76580074819
39.3931611837
0.466426884886
9.12734760261
24.9128434132
10.5676785888
7.71307997591
1.07249302077
1.24003772995
10.0253342886
4.4644721746
14.9927176237
41.5220157542
6.83811146098
5.35641099469
13.9545494378
1.87134288318
16.1343470819
8.13000882051
16.2101334591
13.2145417196
47.110103875
11.6916309688
9.18010019242
30.4531782648
10.9278310246
28.143298819
43.6445193773
6.60618990211
4.20717773485
4.34947229169
22.5566084236
9.29504482008
0.792994685467
13.0440336067
1.62381435923
4.81413493234
10.734017243
5.49452460394
2.12574611227
2.31280673783
20.8793106696
36.2628295889
19.9732799715
2.53775338772
1.74402779987
31.2240148886
36.6963403632
12.9541560647
23.1905703077
1.62961140725
11.9037329694
1.66199603846
17.1463310723
37.7410462759
9.2897497978
6.91464197654
56.3934828174
1.98442158144
21.4536159656
11.6623550753
87.0984856835
0.782038539823
0.116257289977
2.90712981553
11.9229772016
20.1751853207
3.11233654946
2.87296638601
132.116066568
32.6270715531
35.661525606
1.03581968131
48.0515117431
1.66106692819
0.0455349056575
4.88076899699
0.543737447957
17.459004189
19.3648569343
1.17631129862
10.8235685595
4.34341077549
9.11048018968
1.56901280221
8.15659598772
3.0132793759
5.12761779572
9.33067675752
29.8206081049
20.0850658526
16.4063301661
1.35730706169
4.05323688828
