4.28295365247
1.23861739466
0.923104039478
17.5373239001
6.38722451037
20.2603309629
38.0959223105
8.32252530542
18.8781759989
5.90495729286
57.5380759899
3.21171967963
3.24237749969
14.5057137673
5.95800839489
1.09983675819
8.76950049757
69.2044944445
3.6532104035
5.39824433186
23.2316844748
27.1549736343
65.8894921674
18.1456799503
15.1366309567
1.78516231319
0.47260937375
11.6099920435
4.69434638318
26.4801386324
1.79191627179
31.0059322917
42.4040818359
12.8880755564
17.274344079
15.8662607826
10.2546497477
12.3854982813
5.17086118153
0.637975590124
6.81290366314
0.0227426330021
7.11288766144
19.3300304007
11.8669234989
14.2292504262
3.2542593395
15.0098273631
0.488190461908
31.5647884029
55.7178734029
19.5292529885
3.55519671836
12.865478503
15.5382368543
14.2666019044
1.31426503534
24.2441223006
57.8812306525
11.9142331402
44.6926920878
12.5657361466
12.7991196213
3.48547834858
36.9309904879
29.3487225091
13.4964306065
2.19346399361
16.2651490011
10.8746375384
26.4220742829
5.1004095131
26.7484734481
1.58604763653
4.38727235376
12.0025965078
15.9230071148
1.55701807297
11.5443778056
5.24519460228
35.0129725801
37.5524307981
29.3480736359
5.95487902766
29.2189698978
3.38564577958
23.768484905
12.7371104117
13.0934563677
42.6268292125
4.14647975024
8.28457951655
2.15441634862
28.8620281376
12.2027520669
25.6895253346
15.2356401141
1.0643870992
9.3959472918
1.27482926402
1.54158564169
3.34607670823
3.97411259547
2.4635125026
17.421212229
28.1508784092
9.73178656009
0.799699018838
3.05497205191
9.31080711731
7.59793253978
12.6144642487
5.98980394427
21.8328406804
22.0369979281
11.035332793
30.4284137063
10.6408758086
33.1948233677
0.378856412137
21.8761529673
48.7233284401
10.0146302264
13.9063809499
31.9577571822
9.0378878038
23.0521566427
2.26431208299
1.69814510215
11.0654642975
11.1619848872
44.4107991809
40.9491572558
7.35698805639
12.7648322619
12.1954433878
0.193258967118
16.0333604774
0.00482506344933
10.7840977302
24.9712524121
10.7908681952
21.3895120847
6.65502297412
20.0972744456
4.31781661305
2.90288070468
23.9724517522
14.1115788868
2.59236185043
2.31508325087
23.2848917129
2.31305313695
2.16330114122
9.4685369559
10.3399321691
1.7019839953
10.8527727926
8.07667106368
40.4874771671
1.4287435108
2.76926633143
10.3367784626
40.3500196248
35.1578213305
0.124906607129
22.5862937565
10.6870373101
2.77260478083
22.301368451
7.87110241824
35.0140136004
8.44278924017
29.6885822674
2.30048105026
4.60165957412
0.414258457075
30.8198902367
10.752413646
13.0999001832
15.5016496966
30.24301057
45.3390570914
11.6557577951
28.1828911782
2.58953981366
10.4816578183
39.1068792551
11.3544206318
18.1875562224
6.32472098575
11.7063283255
40.3863220144
9.46139264047
7.03512402479
22.1824452495
10.5747588893
1.10109684
0.343240116077
2.47036221192
7.89206547881
2.14181466176
5.43029135834
31.5686968742
8.12158575053
14.9628056581
6.08255555735
8.8899970898
2.31821024836
18.3450100428
5.45577229491
8.76857275497
41.1536227107
3.23590732801
7.42290992761
6.31472509443
12.3047560405
12.6720430087
5.32135145013
0.363151886499
2.36120334761
14.2624644267
11.0713550518
17.4439280802
4.7240407037
16.3138218591
0.0400285347782
15.9773599016
7.77228498409
8.71844681888
3.67553598017
10.5664019662
12.8078554505
5.70745145993
52.9701897483
31.2341397847
5.9644410311
4.89750817148
9.38231582427
2.94683075311
6.26031303401
13.3090087744
20.8610233075
39.7642075154
13.9412636415
20.1200443527
2.33672723161
15.800205381
43.8938292739
24.6642619191
0.0372320522832
10.6941767827
9.13420629412
15.2679677246
11.6615397644
5.4932517221
66.8447901297
1.3451872477
0.568673476458
6.72045967247
15.7957150284
18.620274556
25.4637219295
17.5218021308
3.36502231226
8.85517951161
5.44565052074
15.0451460978
3.41255247776
1.49058777598
13.2098997344
10.102558916
1.61962744438
6.25914589499
17.8204105121
16.3098252699
27.3579685161
10.6955696573
0.623773721843
12.987283372
6.32656750642
16.0759299722
29.3705097799
9.74560884275
0.725609892084
19.7467906347
1.05023022879
20.6188813079
71.9516665019
14.8157544808
27.7637010849
28.7072492553
20.0823276791
24.3675761386
47.7541609282
7.83009709103
7.02960602648
5.85429890835
24.5951509763
29.4370401537
