7.82152654308
20.2053092133
19.6228718736
65.5131385748
5.64196224089
2.84199072801
8.76728458518
17.3737153415
17.7478062343
3.47230637387
15.141426226
2.11285616449
8.39934547855
37.87215085
10.6506676198
24.8383784707
9.17863745716
21.1982990217
12.2730315611
16.2211928594
8.11233467885
15.8702021987
1.38964549281
3.10920935961
8.45114287728
8.22832022191
29.5326671607
5.53047510034
93.5732719939
24.5339959838
1.96459930257
4.675844799
4.57599612468
7.11707918926
49.7545131914
44.7693365499
61.9821973259
2.71033013125
39.7500361366
6.79770365648
2.73277590493
20.5668151177
1.60854030262
7.3182460327
17.197758149
17.1845336643
1.07448560166
76.6890797933
14.5492917914
8.98565069418
14.5251589958
28.4907069339
33.459573924
8.74391456522
8.63983895379
21.3531374915
49.1118516719
0.10292186284
31.9016527377
5.68439315076
17.0700869681
2.65902658933
11.3278152378
26.2507539955
7.33805012036
33.2653534267
5.23761162014
4.19405677353
17.6570409739
6.01510338468
3.56718479198
2.65468218909
13.7001744486
29.4583710541
3.53007242865
5.12939812664
34.5003950319
1.98553264843
0.215816188598
10.7783476101
3.55069534538
42.8041016522
7.84943431912
18.0959571544
14.2276061575
17.6152970257
22.3277156294
0.336164400853
35.8858050648
25.1412273095
12.5214700309
38.8409339839
0.758580153319
51.2219370868
10.155209199
3.88464028447
3.92442704423
34.4331719707
3.01740359193
9.52292132413
11.625753702
23.1667124818
44.1840653677
2.93839064187
19.6036270277
0.950834535154
34.8575371214
8.90610252095
6.5617316054
2.23875365446
1.81087394596
8.21392182982
1.63064086777
7.41490697293
8.41240995939
11.4872129282
10.2949382559
12.119932736
2.43873167832
46.2235933694
17.0751585804
27.8076281947
3.58812590051
8.28216703429
0.576563037896
1.8785239327
0.438521256842
28.2067920456
16.8115634033
16.6276895645
54.3394119445
25.3641802799
31.5449992543
10.8175107032
9.01097883838
17.0629459138
26.4948400936
0.831369167819
16.9792408838
22.0071309662
8.24519300981
34.0022046861
25.8020991906
17.7330913171
10.8053845163
1.06323060005
12.6125437289
29.6528754465
24.4778845546
14.5789726609
15.4613079333
22.7889913415
2.19395979957
50.8451626463
4.21724395708
3.7892034168
9.89532613257
8.54899041741
4.3820041002
3.00135912346
17.7509836434
19.6889668415
16.9458778291
7.76211149855
9.78722322792
52.1472448857
3.65378655521
1.84602243674
2.65431993988
19.7080659744
2.87860110022
12.8966926658
13.0875063649
16.2521444597
5.86001426213
3.0834001328
2.71061502459
22.6640186206
14.7067826868
0.303913500506
21.2805316308
31.6574030712
14.857891293
18.1837552386
1.62818977999
5.1547345109
1.63412014499
5.60071153325
7.01019744313
18.4852928171
26.2566682811
3.05691848254
26.3961230965
14.9192117882
12.1706737808
7.08811214439
9.40355495446
10.7559133811
0.0666737217651
4.23513837901
9.33506605665
24.2797494803
8.29602664981
1.65254590001
17.0334062043
4.09218972943
2.134730401
1.50647083909
32.3214453379
4.84250660028
37.7431808311
19.7922034647
0.110892531448
15.1960595798
30.9862775576
18.9450938924
32.2758366384
5.25706171286
8.19379403816
34.7509116946
14.9189433155
1.98225716088
20.4415271424
7.13128180592
49.627128482
64.238787349
17.6098904503
22.8286912942
5.1194387793
3.87698097914
18.294595922
4.3070749688
35.406492724
19.6735329835
18.2610558782
21.7319476879
17.0196533882
30.0474421087
0.960063888725
34.1982354107
17.8039403257
18.0408262743
37.019958743
11.9840486032
11.4674506902
4.28555266266
37.1979270294
21.4490422724
10.4159598917
11.2105958336
0.863183467987
2.57952581708
18.4714217503
18.5092555986
12.3960690885
2.72439914302
4.08629328896
1.56726924066
35.6081192342
8.86594418237
40.6353546772
10.0180629837
12.844059305
8.75426313085
9.12606295084
5.89040785085
3.13868230823
12.525877767
17.1929106936
1.64851031745
2.50630994219
18.061226526
4.79403257426
11.6677020636
7.03470997123
20.4469252963
12.2909891238
0.236548037593
51.7239675812
0.927047772885
24.1625753276
22.4120856356
4.62319897185
27.3668206576
2.34926408138
1.64877530243
3.35100162819
9.57948534686
5.04910493892
3.85772238445
12.271059478
13.5382402975
9.27583835648
3.11506507626
16.9479394903
16.5613176805
13.3609486636
3.0470621947
14.0649478631
9.7794697284
