11.5221877392
8.85357850339
3.27571173684
9.27477471506
4.83671653335
1.61161043532
12.9241069139
3.90290431221
26.1284512048
4.90586570194
22.4223257034
16.7760708849
51.4877063995
10.7295124789
7.31879262225
6.14475228213
16.631867417
7.36541219491
0.0363185574244
64.193533789
33.5948784541
19.7009136307
11.7979493378
30.9078007958
8.89164267594
10.7451912255
62.7937485235
10.5787109674
7.44572694694
6.48809665802
11.1532600561
17.191626039
2.65661654952
0.721490696516
18.8562358188
31.815069166
3.156330331
9.86336025459
1.24314610482
8.35177041153
17.1060937382
21.3519856498
23.1555495319
2.26525079337
17.0483284266
12.6547829375
32.5562109132
0.323426756985
2.74127389575
18.5592021636
3.63946695212
16.0789532625
7.83410200915
1.00223328801
12.641194954
8.47189260688
12.6595541827
1.56908484247
3.9728244938
13.5629899196
9.13326778119
10.8142280742
19.5557099064
72.5713398602
0.780486716163
11.7061604041
34.2044894047
37.1703490662
8.81581915596
9.17181251413
17.2728870343
10.3114053086
6.29148240923
0.622485331987
6.46970931502
9.53319791546
7.62177754502
0.867920792563
35.2900640615
22.701364939
19.8769426984
60.6845366803
30.3880901729
18.8734609863
26.8031270814
8.40951434936
20.7288492555
5.6071203828
1.12650834701
40.9443306302
24.3090318375
6.88351471071
25.2737155731
5.68040665301
15.7034292484
0.987404598199
19.3300096841
3.52042870907
39.6633920313
15.5113648214
23.7200295241
4.75646227144
37.1694432214
16.6999635785
9.03507947578
7.67991998642
50.7995100799
14.7571809465
2.65027035767
45.2109628664
4.36562012263
9.49625625708
23.3834627875
9.83925246413
8.58874972664
11.7697068672
0.0919080388097
9.23276652817
16.7181804365
2.16389853674
12.8216118263
44.3893105311
8.05452568519
2.62420843741
11.6444402273
18.9308976288
24.5305455767
21.1662175175
25.7914610853
27.382270937
14.9152582346
25.0036559959
49.7138115231
0.684909940098
0.590475365687
3.47027087662
5.41596581913
34.4798831248
6.07368136823
19.7353230494
7.16196468926
12.5870152361
22.7771365836
12.2896180789
2.00504023598
5.59960510198
0.306493964068
0.121382678389
2.82479755237
6.07498958618
37.2559599052
6.31054751006
39.6305719486
2.16616393962
19.0483814489
2.28811576021
1.45616072799
28.6291296011
1.68755360616
7.40512545036
11.6891928519
35.2380476245
1.91910960972
11.34596689
24.2762057494
17.3086312538
3.28006247251
28.3866658078
5.14186312351
21.5009523648
5.50887010833
11.2633382669
8.37583291262
20.1892333579
6.57346283827
7.46288101466
40.9477947919
15.077726315
2.95831859283
10.4903298575
11.3948824428
4.71196864316
6.11363499484
4.09942882613
16.691599602
30.5820549295
7.0570778593
0.176744431939
4.95252373023
0.75832065931
15.3666801889
14.1556656649
8.27999299218
8.9119559234
16.8382568751
12.5393445019
10.8132451459
4.08677172996
12.6046953603
3.20993828792
13.1670417587
6.88597581795
2.1955819973
9.96898024727
1.15505874989
1.84066765987
0.032126804409
10.4668145762
38.6480418298
8.13602737843
15.960116182
53.4183267205
12.949425163
6.00777821848
10.5641414886
4.12078929356
15.8146993323
15.347729385
1.64192477177
36.2213298836
23.5351682424
1.87008518775
31.4629838515
66.5946888442
7.6271134779
31.5522617245
40.1778271925
6.10633516484
13.8260668835
41.9502894359
2.72547124629
4.38644295996
17.8055326324
19.2055449344
15.0257661944
2.2227648917
36.217409623
22.9662588335
15.6711226005
6.30369510363
2.25631111442
9.84888617696
0.608974252143
3.50581231635
9.57268195576
51.4859335692
35.7641553298
6.83508203151
9.90290110279
49.7025120378
9.94578992769
12.0788452576
2.37820761077
22.3334590934
15.5652705492
1.92440768645
9.51076469003
4.14424666694
3.84447508142
1.4428034613
19.5175183288
23.4918217672
9.25972908797
0.968275372585
30.5500345047
9.88224723357
18.281460872
8.07449102132
2.76111360698
22.5986104321
15.1832872893
6.9169441489
33.6872108256
26.335439396
14.9916564575
20.3017926918
52.5091778538
9.44472570277
10.2919857931
46.4765799815
1.93058479898
2.27467553879
18.278407748
11.1877401665
13.5335257334
5.27273830333
13.1945067345
9.74195857835
17.6568645474
0.347867989585
18.8148706902
2.73459580029
6.60392808948
18.3735845157
17.1614576626
1.6599537253
35.6451802772
37.2708702702
30.17236019
4.42818034312
