3.1775085527
14.7337545606
36.0418227003
74.8428655222
8.44689431593
17.7109258336
7.01563385807
14.1483736889
28.0739725711
10.492263667
6.52386034106
1.57259310587
11.6502727445
11.6540321224
44.7144261819
0.977346598098
33.5415018741
30.8773017414
46.1096594418
19.8276551809
12.6448371872
7.18776683418
2.08246356151
15.7712181045
4.59286886139
27.432363345
14.5486574228
8.68268087288
23.6700644631
8.19654054092
35.8744228402
7.74016924628
0.462873720868
60.4838922834
11.778046787
1.87829671329
0.248570466667
17.1531527529
21.6647500989
1.83177305255
27.0996712952
31.802521173
18.6586292486
5.92462377706
29.2078110195
3.06748276521
1.88051782918
23.7991631001
20.4208585556
4.50883015578
5.51484972481
26.9015457522
6.65326812599
20.878949219
3.3643107136
27.9993443892
3.14071937042
43.2997078384
0.866315588032
9.87694928496
15.5967127917
0.157470905683
2.45688136634
14.7540755275
7.54784429407
4.70157845274
6.52620084977
3.32979970028
17.6120421329
23.2208416617
15.2631600363
26.7364181782
0.327602223727
15.5692993899
10.4713106931
28.5281643848
5.06271527511
39.3865618456
5.4307034542
20.1583567961
44.7692717056
30.7373231534
11.7146424909
20.1455093806
5.96580816491
5.44996778005
15.5031563349
9.09665745802
21.0679374056
32.5724271497
27.0163114538
21.5064078117
22.4659987169
7.40839978799
45.8235858718
40.6697020726
4.73896972745
2.29166676979
18.8392775065
4.51460108577
2.37425427697
70.5936613267
12.7628644404
15.3640772874
14.5251054231
19.5070157157
14.6158432123
17.1439628136
5.2847157709
4.87067199085
7.39274330567
1.68275612601
1.582081821
15.4546232865
1.42298628751
25.3431152249
3.305451432
4.48057945487
19.9278929777
0.834588948233
2.34837597464
21.9456462417
30.5300000624
1.89399604375
19.7479396474
19.2990106692
14.094667359
2.50488423254
4.55529562613
16.0986372361
65.2454234075
1.86191918669
17.5369583399
9.56987360203
4.78036606139
6.73303378323
65.2485896344
4.54756282777
3.14542096089
3.54177296676
13.9545472781
12.9826243444
26.96912586
6.00502069824
0.65138639704
2.95794957535
9.93358129898
1.97812649089
10.3018473286
2.15593871072
71.0765693165
20.7034211133
9.1695097065
89.9063330136
0.414630542191
5.98041748853
10.9036674201
32.9312132894
6.22419087478
19.5309551514
23.0297010488
2.60772656684
5.49085402863
0.185313240178
30.3231522146
4.64829274944
10.5962312184
5.688114569
5.71768919486
22.3252392318
15.9438386017
42.4489788445
4.09557116052
3.10968140749
6.50753095387
28.1870619693
1.7808004969
3.60809200529
29.8370146478
3.59730318511
10.779333774
23.6899927603
2.66656184458
7.30385129172
11.6321632023
5.59419587386
7.12884969652
6.66613308714
12.0674789207
8.35422374668
18.5593408801
7.73355069225
19.1083024853
26.7616880228
11.2720216171
26.2602135042
5.86577665542
6.93914687109
15.1135168611
29.7204019612
4.22327159136
1.47373800702
9.22875777755
7.00358569723
2.14938978043
5.95218834151
23.617167639
4.44895123899
5.5142036546
21.5545839146
7.95226583091
9.98583383126
0.848244466064
8.98032424771
1.68519034259
12.7725856225
56.7943702102
2.04327760369
4.49180912334
36.0854590028
17.4919254775
24.6763726999
11.8845207708
29.0420059939
47.7780210558
1.09249027515
2.07286770726
7.15836694944
1.51713276633
2.8429559005
21.7763250156
10.2990947795
1.62997804861
4.161316487
20.5363672004
0.839985405076
76.1804013131
20.6127946376
5.18302289057
2.49260727643
27.5075053013
0.636600257832
41.9923208053
0.61322267725
1.5241181164
13.6930630124
1.37776301452
29.3307348577
5.66025208684
9.74144425757
26.742517265
9.24492397032
0.681427508543
21.8526610264
6.19707889519
12.034955822
12.254985169
13.165745311
26.2859461668
11.8332384002
5.22165465694
18.7914196871
6.17011472091
2.07538480059
7.59424100852
11.2198638652
17.1750907402
1.77648781529
6.76570320945
31.7316798116
22.6550859906
10.2374427059
11.6626936146
19.4611116801
2.06387408258
5.53683401071
17.1343575833
14.151578065
5.04537704937
20.4966458448
18.2113257342
36.733504707
1.13189027043
1.29681792695
5.83957458163
3.19287297372
15.0021896268
53.378587173
5.00202144489
6.45922869139
41.9884620119
0.592689248296
6.57894891588
13.7683375127
5.69310969108
2.78198717953
6.09928436155
18.2016786197
0.44629865763
4.62741101779
