2.37707301994
3.2893305949
2.39523530142
1.77172691146
20.8885333575
2.80457999268
6.41783668089
5.59313185816
9.42696832819
8.11269327073
25.5914983029
0.373389174442
24.7499848455
22.3163116443
6.46276914958
5.29022763443
36.7863532324
9.99073440289
3.36327043849
28.7304692
8.96014684563
1.84622459661
30.3765828146
13.5823182547
1.07532514141
7.23050435727
0.0884553074255
51.5672154764
3.14248256292
1.8251118929
37.3085829086
5.70619248315
60.418043538
37.7636892712
4.16883804137
5.71550071308
21.7154639446
15.033679204
31.6319882584
22.7497859827
3.57733218416
0.127023735183
0.971349080856
39.1504779958
0.780711621793
28.0603713461
5.07718381391
20.733607395
3.10859667068
26.8421364539
42.1030412117
36.8702896623
3.43225060282
4.19042143575
24.5117449168
19.8416546547
53.414776218
12.9871620583
4.23374970729
9.31022262571
10.982200272
0.813123235095
2.57942598763
21.559165498
28.3932114478
69.2038029522
6.39029425618
5.1824863271
4.76856880739
3.11843319612
64.3139837372
11.3278062089
46.235194452
2.30403273711
46.6469838868
33.9364355285
0.834059061231
14.9598398378
4.85092232749
11.7158618327
0.322574722088
63.5568964903
7.51762197222
32.5820143164
21.5388682969
4.20524249853
9.0730524011
9.00273442958
1.66501289249
16.9913116119
1.25228229417
25.558968126
3.20840422184
2.87718745616
6.91226689065
0.705928409191
4.72518280409
15.8041669774
28.3795991511
8.86495892003
7.98626913239
8.38107993366
3.29535779107
1.25080189658
81.9095769698
14.2896452581
12.0012581021
9.00363051244
4.95338474851
2.67569481312
10.6554497104
22.2292142462
6.39365486421
6.9793102875
14.7608220974
14.418701563
8.10487492454
6.62782800774
13.5136835617
18.1612659557
40.5331702605
10.473747441
30.8663243567
13.7616620085
17.1130621366
4.27943152794
9.50064138489
18.7466211342
0.826040114597
2.45949572139
28.2675501812
0.0629365039832
10.79135841
48.4136185782
38.5464870048
25.2633508036
12.3229438966
14.5602553778
10.7838280385
5.1016665863
14.0946548625
1.34724407873
24.377199108
1.56091292403
48.2563649844
38.3030219824
18.3128249607
22.6988501391
10.6482021404
81.3950430831
16.185692858
6.09299296942
7.84405281315
17.5459623832
1.89852206683
18.1038120399
7.36190530791
25.7039129849
1.43454006856
14.111966417
15.0128437687
32.5521172407
1.03944745279
4.57323128851
17.3745997672
4.00108785544
1.91673597814
12.7682621606
5.63089283869
21.3847699414
20.8287029753
27.9221662731
53.2936470406
1.58166474936
27.0965160975
5.05879914765
15.1885762434
13.491483374
25.5696872101
10.5652231364
7.6563845948
1.45646985269
2.71144089022
39.1601492454
9.7602640376
16.9906509825
1.25751414181
33.9715330798
10.363480343
12.3921491024
29.7873794144
5.1208493449
19.1978911192
9.54765199648
10.8620849191
9.16050468235
0.203903640742
10.1611341426
23.6424811763
0.0827338973956
4.45173656258
8.23778488875
11.6766607343
7.47183717262
13.5636867422
24.1612671244
1.21589206452
1.10908415567
24.500197278
1.28366844307
56.0778902856
12.3408143752
7.38777797598
26.7025221528
1.15172786966
20.1898776205
4.6043550569
0.327952978448
22.2604833618
10.987754283
0.170518162921
7.47060080782
1.06496088591
31.2693338215
9.69181286332
9.60131655336
24.5075923006
28.4459811847
30.9328141642
9.25678161536
4.42440743651
18.6536116512
17.352089104
15.7393757249
7.4327639978
13.0100548994
13.7934036727
8.90339006002
2.32932826594
15.2074132598
17.7134973028
0.599716704484
0.806611375626
27.7893868206
29.0605857415
1.86005017786
16.3939651419
4.11104859181
8.24801329813
19.990802679
29.4092671752
8.52847050095
4.66183360577
12.8241025857
3.56316057631
16.1169691296
3.71627652572
11.8837458707
9.38482303603
16.2303585177
3.41474848431
31.7955725711
0.0544194141511
8.81799866422
0.910127285548
33.5794349756
4.97966154752
7.35675062578
5.77465684119
7.06369604781
44.6063240328
1.04526074965
1.68686176143
8.06091015155
34.477805497
4.03989930799
14.4121053714
33.3594570161
12.9876301888
3.2656963096
25.98978191
34.9349951842
1.61847968643
6.25524995448
20.4351706022
10.3155108963
17.5937342705
0.959847039679
32.8286766194
21.8575500445
9.01019043417
14.3015900123
62.7458445381
6.03316404427
9.86036468649
83.5878593271
6.97640719188
14.8042273568
23.8787208998
8.92814561059
