5.42314800267
12.5893980999
18.2484103317
6.44701767099
3.23846071622
0.0877738225636
2.42446507105
12.9858052231
1.66564666297
15.4573468058
5.09467455332
38.4843286349
72.3870956114
29.4687181683
0.385670381287
12.6510213156
7.37795153231
29.1160176986
10.1760178661
3.16026358602
12.6359180244
24.0365882278
21.9687814605
26.2124536785
5.87151919786
28.3469879967
7.76851743056
3.46662671348
11.2296700748
6.07011605409
3.50705798187
3.62247945858
7.21255186903
37.2747613126
84.5740827123
1.37611892964
39.3710551307
39.1652460654
4.93958670892
7.95326643162
8.40835692685
16.9246502236
0.0276722275975
5.30816492587
5.48540732363
4.32947828809
10.9133722254
7.82962030345
30.3207482815
15.3935293257
14.1641564614
24.6210791311
2.1988351093
59.3400434178
41.0860882661
15.7734699046
26.2040348982
0.592693127517
4.80043397168
9.56269978764
31.6266695676
6.34401637283
1.73761635176
1.50868839235
28.343365201
8.44673453415
10.2802479816
6.78918149602
13.3739827192
88.2817355164
38.3634865795
0.16660624264
41.9880078588
14.6392749013
6.28988175153
14.5301186692
24.699240249
10.2692507209
3.38580256942
1.28183707086
8.89709753851
2.33106423343
38.9880644571
3.75729103379
9.20307937105
4.81345776439
8.89289525851
4.77689176063
1.0916182374
27.3215806052
14.803164104
40.1510888963
7.18771940617
26.7283846981
15.5516734969
22.9433718911
0.308168470785
48.6440143668
6.99316864921
1.16267290396
17.1439096127
2.77557811537
10.7510914399
34.1689760068
10.0626362444
5.5681727298
2.61272633749
16.5187685825
0.510133754391
16.6190764733
22.4471213871
11.1687591233
10.8013423045
21.5894699474
16.0746720544
11.1150891957
3.14236061929
7.05573121669
15.0401278306
11.0928908013
23.2956136143
3.58733415067
45.3370585379
22.6323601584
2.77882795579
3.63726382944
10.0674613577
3.07690043959
7.73680233057
72.0243314595
16.9547002959
45.1089325367
22.7550846454
23.574354211
8.85505851102
1.24065301371
19.5057032972
5.84506952303
43.5664203707
8.14295074191
1.39772798263
2.06461043178
21.1661210948
0.875708731211
12.6934409118
0.5591799349
41.0262248896
0.482123594029
9.04452146043
4.15463886139
4.98598305909
1.8416232969
53.4799811539
17.4343039421
36.2566592828
6.27989999467
1.52131645759
19.9967296113
31.4756716681
11.8410616332
11.0099839449
17.035868034
4.92517662811
58.3058925771
13.9288623136
17.7739599444
6.79442331681
4.09435617377
44.7126488068
35.9206358942
2.24431633469
9.6760800567
26.8800892367
55.3321006114
5.11221259955
13.138625197
6.23042843511
10.0626594061
18.9510891473
9.29661300637
26.4801795508
21.8567025241
14.6797214532
9.47515932446
7.12866775396
30.2479525543
3.60725740176
21.0550974813
15.3355809882
21.608797748
17.5001865859
7.24531952451
14.4472260985
25.7914473159
29.6085746524
5.49145277127
24.1429855912
1.57556745003
1.50441573895
16.0570781709
3.4740822251
22.9942228789
58.2444720368
13.0343737455
54.1553033946
21.5797914555
11.8114569211
7.16603880489
11.0259328677
1.42402459418
27.7335646039
6.63844188965
13.8603777802
4.66073292171
2.75214826993
30.3274751852
43.0150027842
2.04996805092
3.35907826381
12.4889579318
4.27744451068
0.849272657642
8.99066052738
16.5689335284
5.41972434767
6.87530600609
12.6939688293
3.58985650021
24.0951976453
0.702134849993
7.27201839193
6.42969933153
0.787478154281
59.4648536258
2.15793662616
0.0725755148516
41.9139421014
33.7420278118
9.56314939862
13.5336323611
3.99417677561
26.106065841
50.471372239
0.41792837882
31.4164891084
1.19318659182
12.5128062028
27.1991909431
4.46928212131
30.8012944437
18.4777322861
2.01736346234
22.6514449733
3.02034960916
8.34325541251
14.4235219654
8.55488443936
3.59291828242
28.6966274322
29.9222393415
4.88643253103
5.07159491673
5.57212681782
13.6728427319
45.7303870116
0.0936004825093
5.00080541203
26.610012777
13.5569459087
0.470729641428
15.6125912184
13.5638383866
13.9151436205
0.824617240722
7.55455420932
0.406066668335
14.6590258176
0.531174213724
4.54019305596
20.0389839643
0.298445936084
9.2526095369
20.08247251
8.03129192251
1.64902691156
3.10018055197
16.8845240877
5.77145239966
5.97330766438
5.01787691276
11.0785145701
16.3635340731
50.7120108366
1.24489592011
2.84849794438
28.8540559046
35.6480311194
6.50501631294
4.67954306026
30.2828447881
