1.10659173243
0.0421859452564
8.85644569443
0.160798510877
93.2288661635
17.6494204354
11.8000401462
71.6695158777
18.9507662335
6.99229980814
5.85135416801
45.6050862183
17.6072073707
15.1542913785
11.3423329141
6.509500771
15.3545865771
3.7221021809
14.2869531392
8.40669157943
18.5032709656
5.47996314227
3.52303575521
49.5858088418
2.6309823285
3.39870902456
4.51313828179
3.32436491497
5.65279171442
14.2025502971
15.5383323761
8.9875654483
31.4561666011
26.9040028172
18.4384605154
44.5513012436
9.0823454089
24.7321202271
20.0714683393
9.64574813551
6.72964173828
17.0201941509
6.07978082974
8.1694969702
42.5939931923
4.18665618527
7.63418883319
70.6464549077
0.177867542781
0.33558310641
2.21402632286
3.68036670759
6.19302122277
11.1033261508
10.1639744954
3.7846046717
25.3656550525
18.0414935504
5.25924340119
15.3761222956
10.7527424938
13.1338366248
3.17300114267
19.9578416402
31.154072973
10.7112731239
9.47169466871
10.8700689
30.4359190565
11.8705013899
0.806592339442
5.53302886647
32.9972120477
51.3459624339
7.64980964135
6.51782649017
1.87607717611
45.9557737542
7.14645276627
5.2461653756
7.93127193086
26.4635586928
9.736225976
16.0628624665
23.0292868057
12.694748403
15.5611280942
16.3212631039
12.0958990206
6.10584819488
3.96237222456
7.6862525891
4.35524261514
6.84766782738
39.6346459549
22.1374975322
16.4802474543
4.58932025075
19.6647698718
63.2859386631
2.96855247254
8.17784362162
15.7141304388
30.4264978557
24.974413327
25.896378636
6.50380883355
14.0307111453
8.44030647845
16.7436222976
47.7812066209
35.4845468311
4.1519189417
6.92347859374
5.23385531107
10.9796989828
2.92603286326
1.69648371129
52.9855247783
2.11611759048
4.37300224014
0.584418530364
0.151655288634
15.7486447333
15.3339092829
0.0448954374813
21.4953949775
5.05936423552
12.9661639539
67.903494326
16.9003124517
21.9574863557
4.69457143062
12.1965720797
3.58101072424
2.17372627281
2.98148991152
27.3089482184
30.9229270482
3.33141969267
11.4364144046
19.0908607227
0.30737407711
50.7740807678
1.15299116797
46.7423674204
5.63078175822
4.93695114363
7.88896657648
0.358909080377
2.168927687
53.3010633274
10.6566167171
10.833995444
9.71210134286
4.01505961725
5.82362088459
11.0444401564
10.5896294806
0.229313472824
61.1570002853
7.48555811335
18.1393826219
6.31430889595
1.21912530419
82.1566851513
50.1618859334
1.22899342613
9.76197420616
12.089483234
5.16624311561
4.03981156671
32.9374233387
10.5245180079
41.7207241979
0.534188587501
7.8463082359
5.96085898648
31.8264270872
44.2082413676
7.47431383446
15.1098785816
22.6815713306
7.49856276748
31.8603716109
35.221059474
12.259534844
10.9579127323
12.0570818234
1.29525990669
12.9782232
0.417511029402
0.249588170187
22.9631409984
8.75736307702
11.8266607145
16.2132869489
0.169759680147
34.5931409316
7.64636460974
8.21996155072
3.10799146434
31.4087061475
0.222376187178
4.00816076456
6.50571349954
2.06015418626
1.89160351997
0.889117168816
19.0479461203
1.15936306859
37.4690895096
35.2962795979
11.190805559
1.5003482029
16.8750661487
12.1469120881
18.6705812416
53.0482066635
4.05660833314
17.5826704887
4.7733083591
8.11223765339
12.4663301154
13.8815889361
4.4667942628
8.50256829724
28.2268425685
29.3556130595
3.27709943429
20.4675840025
5.4720004929
37.0684370391
7.77819747831
13.9338992096
10.7011203192
28.8998839966
2.88356376246
36.1168529378
5.64208627034
13.1776412654
1.4119399849
5.81650452566
7.64101238995
14.6079402362
56.0643879217
9.88565273916
6.65274839074
87.5043818868
0.20183088211
6.17093288568
0.0581563262049
29.5022774412
5.76426955784
48.2927515061
18.2950146354
1.55839938663
3.17079042275
6.09351279772
30.0246297029
29.4686941309
13.253569576
15.511309539
19.3625542866
33.7333832775
11.5794236757
1.90821041948
6.45100781188
0.512564596925
12.7734525289
3.63826489732
18.4808484901
9.19926011706
4.94473472829
9.19162280809
9.30720162484
14.8460557596
9.67454142592
10.6144926422
7.8342549044
2.29652464474
20.8867859659
8.10539859951
13.3821485503
3.70135722124
5.93885140476
2.29188864868
1.20604744457
1.9022809314
8.33182010233
2.95837915828
8.52538664329
23.5472507449
37.1720014144
20.2734736709
30.4918969296
39.5590713572
10.1373051688
15.1166447556
9.52450304233
