4.50821965647
87.4276082656
19.7433868295
6.2554536228
12.2420159007
9.08973133075
0.573698807347
2.72527542191
20.1957790398
38.512257268
7.2744424708
2.1961456891
36.7973261194
0.601428438533
13.3117403159
8.7972612998
17.7413943421
5.65896771301
7.61314286266
3.71322875509
3.72474323517
45.8531561135
2.68939599354
3.48012996478
4.78569559124
17.5142145693
44.9588374239
5.88466873522
19.6437233559
2.2681339328
24.4330556089
29.5928205335
6.03274425768
17.4467403551
30.9138590458
10.9394196019
7.77511199118
10.0440409466
30.9031230325
9.19586364147
24.9601657632
23.1465097964
11.8350877398
1.76476142487
2.99458419512
61.4683437454
2.82771212974
2.28283553225
14.6494333157
14.4300782234
14.3696398476
56.6767233597
2.18151606893
2.38625909861
60.9805291486
4.70690608009
22.9153999698
19.299920519
73.9980430351
21.5030441153
23.2804357955
0.720120138794
83.2991223661
21.927907264
16.3405765052
28.0321295631
1.6358254349
3.0920868983
1.62766483274
6.37986967361
7.20931303874
12.4200255191
28.7608999118
3.37319319079
34.9662486179
2.40359451998
40.0857953538
22.6000280546
6.3447135031
14.1242403406
7.81664510758
2.88228687647
4.098435473
9.54935419291
19.3909818727
1.28212302439
9.88683534483
23.9757229973
35.0703938764
1.93447497174
12.13617578
0.814932893915
1.88519595141
12.8123638247
1.20510157988
31.5266640178
13.6224813483
19.7472797627
22.8372336928
7.23526400354
31.4156305041
2.34620021469
0.527824876512
0.281757789044
26.6109610539
19.7050996427
24.5345126693
7.32735212754
21.9064706012
7.30018468966
5.81235423139
20.4066067322
18.0196823273
10.8510578774
11.1592359038
7.64800250747
20.0502216467
8.4536165303
46.0244398394
9.29699051885
31.5111277894
12.9434670954
3.94030624149
32.5536757924
17.2954439708
1.43692622734
4.82171558036
11.6467327434
6.09956147576
14.4382466747
13.1876957684
0.759081543828
8.66802956887
0.0761648594728
3.97882216117
24.0084025313
5.94676519477
18.4221214897
14.0215234703
3.79729412352
10.5939730318
16.0654239574
0.631981418822
15.8850346172
49.3967078442
22.0838211216
6.81887418003
3.88290288933
10.3335482804
24.883170187
4.89559832712
15.575269675
1.41858855656
7.69172004483
3.68596201331
18.1679064034
10.7751052708
2.02709662917
7.46267252388
3.60811357764
4.45848024415
6.79203566144
33.9887145426
3.58992590426
2.77245186865
18.2515381349
2.02691660215
3.7659568467
16.3287866279
16.9861473707
3.3423558796
9.27260383377
2.83753004705
12.7762999635
5.26435910332
1.58780746023
3.44481523968
22.170637907
12.2112999101
8.20241777847
53.7204072596
17.5952595714
2.57428594538
0.282289315602
13.4838432073
7.72378752284
10.8722581895
32.8979270176
42.4379974153
56.1461140996
7.74993676337
15.7665556413
16.4890761387
3.36669139107
26.8834129923
1.38248490473
19.1159729398
3.79229125078
1.83337680859
4.21623760694
1.12063583408
8.34582766113
54.6502084024
8.84322804581
37.3562910222
3.11316973432
40.7656878709
7.16158766705
6.77974823324
17.7875268317
4.65131212335
13.6027762979
43.1476631177
52.7067317459
0.787048395551
0.795949273081
12.8192274822
2.51384370198
18.0301346896
16.521819296
12.4366778434
25.3251490095
12.9473077763
20.1353007065
4.48414640058
7.95419907394
6.39140527376
18.1093383385
2.64242690002
5.59757082409
5.36935278822
23.1126354419
30.5032071912
0.994297509986
13.7972732967
0.884181254318
34.8284956662
27.3767039512
20.5218263339
14.820794515
1.2726545994
2.7881413939
56.6119701589
36.7440266799
19.1646442078
8.1230483709
7.6866618097
1.4424311168
11.0692731475
1.66524364509
5.05276376645
0.138934075044
9.54429659996
9.30176089518
1.08653883586
7.65226649358
2.61630981512
10.1212433704
0.366312709479
3.73996096096
10.86911421
12.5938007541
3.15194532937
21.6138432578
8.98410720961
3.70682212772
71.5562646183
20.9740770127
18.0506162665
9.35502748265
6.94452181208
4.69661710215
11.1012968745
40.7586815398
55.6035311061
22.7774884671
22.9169273826
9.28435672002
10.4562754606
8.68910646682
5.41612734974
2.33308153301
6.88755364555
11.1384287763
26.4464849228
14.9081790791
1.52648424478
39.8021165025
28.9138005592
9.55423888322
1.90513564743
0.633021500187
3.5019095239
26.9096910647
19.2387437895
50.3769897154
21.0410819168
33.5210773916
3.93681079447
7.22246807427
