4.74646597339
0.074671873303
9.52733706181
23.1077798188
13.2653686066
17.2382599363
5.3065998547
13.9836564822
15.7388005859
0.436963416934
19.4926473367
4.64394440516
0.123649834739
0.426790924984
7.24488398722
8.78897489632
34.1563774013
3.06387929691
7.45115353141
2.1437045083
24.19503492
7.7587447811
74.8635177867
0.927342957145
0.613784614529
4.33741877449
13.1378274051
2.78460173447
3.90660153599
4.79377741956
5.14422489441
6.85313784791
2.70352236439
14.1362924698
66.7878472012
14.6030098244
3.52120070868
2.92612003593
4.33117530944
3.5984994171
14.2972346209
12.014966763
16.6584879791
11.5470621283
6.27032770842
20.2574884805
5.00925148614
14.734938683
0.896419670313
52.4423433305
18.7459518025
0.99185534836
17.8935402928
7.09780281418
0.674468833267
19.793023329
19.3505381092
3.07988286691
0.29666729185
1.14958206951
3.73376875687
2.28907631855
5.38763682332
10.9600309465
32.0211467734
28.1593478625
15.9449306373
8.93926092655
0.740339242035
5.9533722584
18.5914836194
5.67198566598
30.1295996895
4.17558100472
3.75747878712
20.0517627846
0.157366684414
32.680559291
24.9356937669
23.3927360705
42.0791246872
15.5463873963
42.6981930069
1.54173396819
29.6378608487
15.3730416949
12.6624726915
3.18630989982
15.6387343419
6.61391609514
10.256810541
4.62633429067
9.9779160568
3.93362378252
21.4980371638
8.45453675434
23.7864888499
14.3023745813
4.36600858943
6.84621856189
10.0850013803
6.89677959722
22.4050047533
9.18011850993
9.827487826
26.5020716786
32.5159853309
3.95140788002
13.7025872931
1.78440409135
10.2827685457
30.2779077112
13.2175421785
11.0225213663
0.380750705149
42.5198085588
1.97339361738
3.47938788164
1.02451975495
1.84514899375
2.65651367858
20.243598269
9.19271915587
11.4967384063
10.5366150088
32.3094759509
29.2474604486
37.8943239423
12.7140712777
30.2176796724
9.08095572858
14.9563095359
29.1767603914
35.3304081957
8.56602988825
0.877999974997
29.4981780879
27.783633633
33.540292033
10.2037311115
18.3539760103
8.8581026695
10.7369450793
8.49964118568
1.00341098436
4.30453159468
7.35796960777
2.83547702407
39.8139736663
3.72843500085
3.5623127735
5.42988366787
4.51990652453
23.566034826
14.1829413205
14.0995130219
39.9768695554
3.38499111145
2.86897943152
81.4652721729
2.23819025131
26.5959597493
16.4659744862
35.3097906047
1.68973461502
9.22311041266
15.1604492323
5.52506328125
5.17942457432
7.10722445392
2.50189429553
16.4197681614
14.0567154896
14.3155109273
5.71762153641
59.9886237293
1.36408725405
6.1286293161
29.9117617168
8.28819370099
7.47807795172
11.8562192531
25.3250016808
12.2663960158
28.3731414967
19.5870116939
48.7046491343
4.67049714021
2.8805647582
3.55643935313
22.3959169557
9.43336462675
13.2352699775
3.89287141396
2.28723160313
0.977851216883
8.0479309715
22.6104209435
14.4142865618
6.81327125745
12.3304308699
23.095207084
14.5667862325
58.7142638557
4.0716004666
12.0632473707
1.7132786539
1.16326129222
13.360228636
3.24474851316
2.30916661451
19.2620567589
12.328387685
0.0104330982765
2.2407124135
1.28366045022
21.0450064735
8.02871358017
12.8904069374
10.9819456698
34.8797018974
8.02547605791
15.3338265904
5.43375435112
1.22036176977
0.0249573039061
4.57586863114
27.511384345
24.9004151532
31.0083407572
13.3248663204
38.3956903897
21.2255696732
1.59649955544
16.1582067983
21.2493276459
13.1559201109
6.12996544812
3.71410481426
0.185369269721
1.32864935554
7.81822763549
14.1652045294
11.2654489777
4.32014618878
9.34350847709
1.24017329602
51.6920065696
3.73952929485
18.3741213835
16.342843081
2.53635254687
3.14026727661
1.29460965302
2.50569402457
2.40709429609
0.0668229401526
1.00471375312
6.3462384316
15.5827316148
3.41047561675
12.2740891527
14.5824909609
26.2415992612
27.8293187886
17.9541383197
60.8946114554
17.1937516943
0.391298984399
22.8343943557
23.3346976322
10.1330827909
5.93001709472
14.2945909993
17.390134879
19.6865200033
10.3809443528
6.48075677416
5.95575740891
4.68464554009
29.6516836762
22.1871396717
9.78085629682
15.9035892603
13.3047145496
25.2632667791
5.96180689821
5.0327410555
13.5348482173
78.8763409153
10.6261946337
6.48226162823
8.59762577821
17.4723838229
7.57375367608
18.1520604974
5.24905697853
9.43512992917
6.51381469309
20.0975224058
