31.2005465494
4.41989407689
1.73413304863
0.588008119607
2.53200041182
11.7949649643
2.09838665325
10.7024772039
8.90765267401
8.21219865719
23.9520460993
7.67544979292
3.58483037533
31.7420893403
9.39343236293
12.6793097441
36.6605344821
24.5288617735
4.36552572517
3.9644807817
17.7459488451
8.61358935027
11.477542268
16.8047251309
1.15970525331
5.72765848312
22.1173061555
8.14395329512
26.4493306104
2.11608976969
19.6935902456
25.2613340906
37.4991583418
7.78718291088
28.1878955208
3.81799016702
55.6145519863
10.955168582
26.533582886
3.81819572902
36.0189950571
6.39498971282
2.02883455471
18.46442572
6.69412680298
9.3953839334
22.3887956734
10.7467145184
2.31012592706
23.0728591741
5.35941215457
21.1599281482
40.9176390226
11.3669962448
72.1557061064
31.2860995863
5.35979394681
9.66122379369
8.21935976311
2.23969486934
13.1229680016
21.1819291162
4.51557694398
33.9780670206
3.7991168303
7.05909719173
45.5755443534
18.9973368486
0.495157345045
20.7473816606
31.6133424692
28.5007000885
11.4497046645
24.6502628892
27.3288299078
21.1391783864
5.47124630033
46.2576752878
19.1943984638
15.219515817
22.6784332071
9.34805540313
4.26282517259
5.40874391597
22.1389221464
3.77449966456
3.46731906596
45.3444703805
28.7858334101
23.5798049365
2.41547704942
9.36931180222
2.69175559693
25.178621901
11.7130872511
15.7153775314
0.015716903686
0.586904089461
11.9323538597
5.42602925039
13.8378347514
3.45354315752
25.7467564035
7.03551318541
6.95777984492
16.5027485332
19.0493105554
21.5252442335
16.1449782519
30.5376011547
13.4268355004
5.7380241084
9.97720954758
9.57062702328
31.9764457163
8.14214247001
2.00195564615
55.0173717202
19.7986395344
24.3190627252
12.3884906568
0.0579400082406
6.34483251357
42.575022567
7.72093755509
2.66667607787
12.5455254403
37.3460775412
14.0696906247
0.843264553826
2.12692458662
14.0544454789
11.8284331092
8.00453058542
8.34256591229
15.7452096353
1.08990124747
1.14066046634
11.8089384136
31.872437923
6.38733640389
32.6669041396
11.8987208586
36.4201864706
50.5585558966
9.65664574586
17.3069684191
14.5869878259
2.19047079464
6.18431193732
10.0813030394
11.3786744666
3.84162797539
7.30937939422
1.91880323609
16.6495126291
3.81173570161
10.8548190168
40.8234227846
16.0065755231
9.20835140543
11.0637396545
23.6146824723
1.96645946964
17.026700089
0.384022797709
10.3051266373
1.48668017509
1.89961684334
0.642258615859
3.21019798208
3.03415421361
5.35524793964
27.2584389247
20.4180422204
31.9226402921
9.35336617451
11.5964120555
11.1538190999
18.249698628
0.175241691184
57.4053140508
39.4838846097
0.604783587258
3.16079107534
15.1209871248
62.5406568824
18.9424185195
7.2614616315
23.5603632211
4.67483573671
3.12763016083
14.241158653
2.33047215422
5.6943629301
5.32219844872
20.8084866381
17.5645546159
20.2235899401
19.996037682
12.0006299886
10.7153925717
20.9602605562
2.24584462761
49.1836435972
47.4448777387
7.29394931752
69.7420391579
7.96574032631
3.58113625194
22.2636084054
0.283557094242
52.5263040536
18.6435589251
3.47416670132
7.69147686339
7.62023757813
7.20300493104
50.3958430346
23.4585023262
4.52363624386
35.3779387558
1.19827070615
39.4984033602
38.4028903687
15.2233959991
0.378565959157
12.293190055
10.4796987228
5.96488501124
1.2403779252
4.44190461645
2.7334991794
33.271986224
13.9420821341
3.99682037681
11.9229482031
18.6991288708
0.325103532685
0.308475686072
8.92212444081
1.0390544298
4.76385187708
4.82380639142
9.81906638875
34.9087458822
12.6242279248
1.41984556552
9.98480174647
15.9488915794
11.9523826013
12.4835052702
10.2040263289
6.48956051696
3.38200504452
9.84680198954
17.9124666849
4.54732798604
2.47336363884
28.9357682759
5.44840374168
19.9742399678
17.0994503157
10.785237397
11.0165704361
0.391100035028
18.4073086038
1.20648261118
14.171573937
22.9602418012
19.2905688254
8.68959203741
2.63103441257
1.85914935908
17.8048101927
0.179321119545
12.1893630219
74.0587780962
5.5138401643
3.00482663798
16.8924977208
22.7782394301
9.25080977562
0.267784037803
1.29887825386
80.0027483969
4.51628991241
2.34974129957
10.8691597185
5.59784042567
15.4127485289
12.7364527301
5.41396579219
7.78791974009
21.6595946872
11.1216232157
15.7448441089
3.71952410182
3.53440457879
3.96678570885
