5.5135657591
10.6642791189
4.24004016849
6.51014589558
14.3555970543
73.1040855582
18.0112496175
0.108210983608
8.05844832641
23.392970079
10.2309990901
18.2245345347
14.4458744735
0.955009014503
106.503171905
4.53429324009
18.9895884694
3.98136996545
33.2155068666
4.8518121762
43.6646574304
4.07183326918
18.7663251655
2.02441799087
37.4119946912
19.3618176107
30.954857865
3.51027670055
13.1168627364
13.0113213976
31.9191406328
19.9114871573
20.1432446427
14.8034318732
1.79972669874
12.2133363647
7.91985713219
0.548185063449
25.1055560209
24.439799305
5.56610287417
26.8299046369
0.305152537397
21.5890575959
13.4296204179
1.67161898834
18.3442073617
0.823515169023
2.00387015546
3.65614624196
11.6807773685
19.0670681598
59.2243667744
3.49543830856
4.67091385806
37.116930033
10.4924070519
14.2618432349
15.583459874
62.467387961
13.1290522082
3.83932072402
18.5273351526
0.71780233618
21.6248623083
10.5925521651
12.0559572679
24.5564775089
19.9666500854
0.896773506811
3.26445897729
17.0898275186
27.1083606914
42.5695140387
6.02741708166
7.95838843214
34.1212793989
7.15243262834
41.3621697473
1.22901950971
4.62152957475
51.6031782784
0.566875669716
13.1707373005
1.5417936391
2.6057676973
37.1507215047
20.4139578219
2.00670896206
18.0880816538
28.4015232698
19.3054378869
1.82491583212
17.4064677624
0.869906179298
8.93495914602
2.46748604891
13.1962385252
25.2437723947
16.1746628925
18.7289617051
8.70582478889
0.0120097352337
1.86185044787
5.83320048326
20.0740763474
13.0506506556
37.8256760516
17.7593924747
13.2665604869
9.5576320274
24.1450553612
7.62498953512
8.88648150798
8.69953103183
1.0927232543
5.00963638933
24.3601959686
65.7477093204
0.659203467249
14.1058873497
8.11118590898
33.0363719097
16.5953837152
7.40157821404
13.935416976
0.682288129835
15.4949177364
4.25162417835
1.57316334922
6.0250496252
18.0826750092
30.2030216664
3.80980977601
4.79698633886
34.8965127073
4.22774248372
3.09074510485
4.56942510041
4.2788294642
5.2062964848
15.8235570607
13.5738948166
0.480307048148
10.9334247285
4.5154751023
1.62028336561
9.09804408033
12.1468711214
9.07308196518
30.1242604057
2.95083649887
23.5557863677
16.9331264042
18.3925660157
7.93782239285
41.5657392242
11.9617572257
13.154613295
48.6253653457
50.7942743472
13.6478802561
2.39912996335
9.95270119101
23.3753879507
16.8435654849
4.60638559564
7.36769430935
5.79254319482
1.39883623578
24.1356571514
11.3934543785
6.60448073402
12.2457980406
37.0611675779
0.694057623941
2.11580744145
5.54232105057
35.6868028226
10.3988868894
13.4178696876
2.79014277404
24.8866821117
30.655567014
4.38120448208
30.0619843692
23.8213805536
6.94225252763
10.4563406869
4.06375570073
13.3849242109
22.9090247721
29.1440080962
1.62696794413
11.9837696438
36.9543223274
10.7782802316
1.25497559192
19.5051492102
34.9556637013
34.7829307164
31.3917112226
6.01327610978
48.7719251501
6.59601564532
24.8583174999
1.84679708401
4.66432202219
12.2088342086
2.53410660149
36.5105628233
31.5520919288
10.3807090176
7.84565067023
7.99155869389
12.7286313932
1.65924032794
4.66025123512
7.76764185987
15.0280163909
9.20544423621
6.57908003813
3.40302617126
36.6712433804
44.420855936
17.6825720357
17.0637582912
2.9702985895
6.72750897943
16.9584453232
34.9455780733
0.515123263079
18.1584596485
18.7427975662
18.7583565056
7.85302440949
21.6635537055
11.278877833
5.65493659886
6.66948363704
2.70524388596
27.4828357519
4.60835073385
4.27683240068
22.8142351201
20.6832463414
48.277050304
6.5053806757
8.17957550887
0.546401844151
13.9151204042
37.8899413268
11.9337973431
11.6953738085
34.755111971
0.306114785255
0.329640909018
20.0826155528
5.88746027265
3.44923766918
2.51176856834
6.84537579964
4.19166003821
11.833816395
4.15759820363
1.82650484258
18.2713868139
5.90405714376
19.3224948499
0.713086212965
13.7283764656
47.1359061113
13.4961365958
26.9668607895
11.3788769741
33.2967630407
12.4649065844
2.91669345284
31.0059957002
11.5895820154
12.4113754511
8.99293366558
4.54742919344
45.3276828506
3.97891014352
1.71100828496
1.97807263126
40.727166533
57.723082701
13.6094553082
15.7547936463
25.9939544373
14.4529649631
21.6755298082
10.6106404133
19.3511569356
32.8424552752
3.32246242782
26.0100256586
1.92160951662
