19.9019332665
8.92622009689
3.84618496501
15.9344878636
24.5884759661
10.8605984412
34.2262205987
22.0617158239
13.4630478619
6.27273542048
25.1529444885
8.99849980656
17.7283246027
5.3164236096
8.33594450055
25.5316870112
3.02321674325
34.6937240389
10.0509750764
26.1456947384
15.7729938793
33.4439928925
12.8795654971
8.25231180692
1.7978395972
10.2379433024
10.7878238807
27.5822473774
16.5048003598
0.100782683554
6.69964243315
36.5321172055
7.13648627723
8.88456183405
34.4354064114
13.6263446231
31.0276928
14.4838967616
6.52736828768
12.7480085793
31.6922884366
35.868536454
2.47045370986
23.1685254789
0.795567400799
13.7324217595
11.0754976346
0.333032851009
4.57188090816
7.68426607658
2.51444974191
14.2984337037
2.29401381781
8.71204108188
9.2175969895
4.91888718932
2.75816051941
11.1058506756
12.9755987306
8.97264349354
5.36449346407
20.6257322593
16.7608469608
8.28099179848
3.04182372378
3.86518724199
15.9697647085
1.61889033146
2.47714963056
12.2627148621
47.0266274641
0.162518159655
3.5614588549
53.2810032265
13.2581522341
3.54971849794
12.632246532
13.9281931817
36.9521918985
25.8624914906
7.74308641977
30.4457099015
71.9087448415
27.1540525027
11.412790439
16.2734744361
11.0890316356
14.4305192885
51.6675412087
27.6962599869
15.5433805773
8.98600033357
28.4193695981
43.5118123602
6.81915845891
1.47357736446
15.6153279083
19.4865025785
4.23324836885
46.2345919232
23.0471429653
0.824393935764
5.49386280384
27.0478602554
16.0430683298
2.04215939604
47.3280907282
36.390180608
21.0556450187
20.2086753187
23.5577175911
26.7321597265
10.7930410297
1.20979157671
17.2422206117
29.7492581437
2.96215269993
2.86545037171
16.7854302537
1.06960524077
14.5048783964
2.76948500372
14.0974881979
33.287961002
12.5390340453
27.8433065394
15.3341202459
3.26258063591
13.2223861173
1.09625397163
4.42011332174
3.63813606345
9.91204415164
26.5230160201
5.60790052824
33.9126816693
1.39934710505
10.7506072819
24.0919794757
48.6984300605
10.3099606603
30.20181275
5.81847413522
22.1207789425
2.4367278637
1.29857103229
4.41570715604
15.1080793123
4.28651980187
10.5022990476
16.947506254
1.48362781172
38.1651698875
49.3961091881
14.5991102409
5.00012699017
23.2061603589
10.4660709633
5.41602303226
12.5053495377
76.1492463673
2.21377926503
0.758844431832
0.850164349377
33.0129779866
4.34166668144
46.3360073228
20.3719400671
0.968465604174
47.1851636205
1.38416328142
2.40058158863
8.54352763657
3.44134189067
12.0785628292
22.3197021394
67.1648642696
2.66025746245
40.7305515158
1.76706710267
15.2867007745
20.7125876652
8.08142351597
40.0161226196
6.31658040639
3.59062843964
43.1742847712
36.8955898016
8.65598549486
0.804430784362
33.2262905519
2.44974489776
45.6275319889
17.494631552
5.25371890748
0.721281383275
14.3306421525
2.44841393926
3.6356025711
19.8484414539
17.6765055504
16.1164964503
0.300627942887
35.9637162243
0.251522282815
11.1602737743
16.8717603167
10.7998211195
1.24096633942
14.3956678017
21.7242429233
14.2433348139
2.26712265306
0.0544170518348
1.11775211414
10.0074040994
30.0580002819
25.8977589773
34.9148082745
41.6272157062
8.57049554015
2.73333650206
13.2853916106
21.4325650302
16.9251325689
1.69142327268
8.6992999619
29.5689345347
2.35545146849
19.9906731041
33.8124093484
41.2385234585
2.50516264169
7.52603869985
13.6555057707
32.2953095029
18.0575121668
5.53988052137
69.3589097011
13.9252361246
24.342703213
19.026017698
22.0934401125
21.722285801
10.4249029897
15.5174775923
0.745260088415
15.442424712
25.4248168436
3.93962562766
1.71418393341
3.18340121334
12.1149567323
22.7349519656
6.97425964008
49.4195528573
14.8000581161
3.51946626611
39.4790399458
13.3321491761
13.2420570119
8.83415499682
0.914980739758
4.72554072519
13.0839832096
2.42006350544
40.7963730655
23.9256258545
5.89131559793
90.4043147856
10.6860489701
0.500089465669
36.514812936
21.5948330104
6.53537357779
13.1685078505
7.32044582662
24.5070353885
18.9588025525
25.907954929
3.53493828636
2.72826411695
10.0042848377
2.77458657051
6.47584125952
7.99819254941
13.7539352273
21.6495249315
6.94287488939
23.9498523973
5.36825437605
35.2792215879
1.76535360108
19.3746691672
18.1316070901
5.80564076265
37.1392144033
38.982611002
15.9520434459
0.831086688736
