9.77592010325
7.83940553365
4.21991163423
9.27437810336
13.9010696632
6.84992923211
13.7594025834
0.125562611825
9.02009758575
20.3501374304
26.0011706421
3.21012383426
20.7592509723
6.88696182601
7.82352679875
1.93505185361
18.246991507
14.6182925715
38.2029045981
32.1445961856
27.4836216047
50.928016177
17.5314047464
3.88091940426
10.7162052482
1.05205732615
4.46980163934
6.40781293687
62.578844145
3.96346893607
13.085347383
17.6243761655
0.549769261456
10.4720703076
15.1562754653
18.8969247966
9.04792512436
2.8544466939
9.79288665096
26.9077749879
19.5500429238
0.238328539391
2.12228839921
13.7033128573
53.9921432129
4.54910504572
5.58745714463
15.4295204521
16.8288829115
14.8452023317
41.4245717496
5.05363475545
6.61598192305
15.6523051679
0.18443571043
13.863055864
27.0382164583
8.17443114535
31.8792620242
11.6563678734
9.19535050192
1.60716486638
4.34652913011
1.17690267492
1.24758099627
8.30165745701
7.31163023668
15.217012561
24.5845979353
4.55824425057
16.8422915872
14.0585193345
2.65421956085
2.22105786792
21.27103
51.4202727914
9.58685504272
0.893405066367
38.3195193087
26.559901828
18.4162854918
8.7624737961
34.0258082493
26.9610540974
1.80097290561
12.2376087544
32.2071245315
48.2882884056
8.32403403937
12.1816578393
2.54730250608
17.2221366467
44.9039169049
9.38611825372
6.14025388866
6.39738095863
15.6514804591
1.77769604022
0.804561075422
18.9237966906
14.3130044026
14.4819252218
30.1877295795
6.45863394624
1.27514854859
1.30517023764
1.67005579186
9.82120671348
8.3729602221
22.7776561925
0.636187005234
14.967403548
10.1945084625
1.21395443052
1.89870253751
15.3466635221
1.59063018734
14.5538809816
38.9795016081
18.387219885
2.50303911078
3.31702729465
3.69547500316
0.121283164823
14.0521393975
2.09219297589
36.7300452659
3.20757487889
3.10730560276
18.3775478902
3.8518802959
16.7496879029
12.1644196251
11.4932547859
1.07953552715
2.19035469261
14.2648449974
15.6204250397
12.2788384962
9.56043147584
1.16073057644
6.79487974849
1.45309207831
5.69870374711
2.99385868707
6.81779600916
13.3724473348
11.5599018519
12.030134292
3.4691586346
38.7043411088
1.7759684755
34.0209064533
1.22959230753
41.2156909024
4.42210915613
2.89184415053
30.9874781332
20.7142799731
3.90868691245
54.6096746172
2.86137481092
8.2744172047
30.9855752225
10.3000295816
17.6585613528
2.996065256
5.97632301558
6.05347479291
3.13608452664
6.39237266484
4.49071839332
7.91991974216
20.5289736816
42.0498076413
39.1703250033
6.0419007925
22.877780719
4.62111210382
7.0513350187
2.38723376974
4.77277835696
12.1791357495
15.5884637718
4.5787540925
4.2731197366
33.6495376643
17.6198311123
0.187171634736
11.5002974183
3.04527423447
18.9743119124
1.77956789289
20.3810755845
22.8937780831
26.9016065707
2.87173973101
2.32791835763
32.5909852314
22.2420298326
6.67005738796
11.3619811264
33.0855468619
0.981656684319
16.7820710824
6.39422423085
2.65998031762
2.18077008406
26.2152614932
29.572221572
28.8316662219
2.5232810047
3.56188313159
12.8924028138
8.92003461919
28.5828043609
47.0714310482
5.45240520425
11.7200780063
19.4013175036
10.7358961454
5.43824550179
6.68126990486
6.03991970294
16.6894905311
12.0965536603
19.9771517118
1.50646229534
34.8061122015
13.7567850823
31.2844168179
19.6086259817
20.3082405542
1.49977072248
5.79995408401
3.79644516976
3.34821552218
14.4721009134
7.30419231121
3.04497397789
39.8794275479
52.3336720181
1.69262006338
3.6283001071
8.69127750043
12.6132044301
3.68185928245
23.0819698197
24.7744941271
10.5206501105
13.4703980723
12.5684076042
0.41944648766
7.17525090093
35.3327081115
24.2409675174
6.02558354549
6.29664709575
31.6345958092
46.1847990577
11.9383378663
14.315625112
29.8307142173
3.28627938412
4.02701532677
47.536212814
5.43333298881
65.5818332971
3.37343391578
7.86788867877
0.488834027738
15.8701803607
65.2490112765
11.066674774
11.0614187531
11.1208226705
3.6949621159
24.2642303674
9.35110522459
9.75562054084
44.5348391693
8.66137382897
2.40464522343
13.7615713098
26.9922727278
0.321555323644
12.8475324671
14.6129717592
2.48199966303
2.43959419183
7.88484429915
1.07972313079
22.4730830632
9.92824377228
19.9637360439
43.2498259615
6.26886974283
20.7976347027
6.55778073262
9.38446118135
