3.67323732242
27.0022730381
42.6535149003
15.5474384691
39.0063823275
20.4480964284
7.93483899661
21.7798655715
15.3742645504
22.1333569755
33.0275082154
5.98847384849
16.8591898821
5.29696867114
4.01566405889
70.1942463437
5.39669692014
29.0110764631
0.736466382834
2.44303483037
1.71020919995
25.5361359735
15.7727918787
5.18871858933
0.873764668607
3.62845749282
25.9496903046
9.07726018487
8.08988281872
50.493130427
20.1534396798
47.07038893
0.444138767873
26.4695205253
3.23378837972
58.5352739998
24.7216888563
16.5009219556
12.6780225451
6.69947089612
17.5563964985
17.7549108695
31.0853510627
27.6943998032
1.21116584303
27.0207062248
17.8674404912
0.0737718645066
5.72586728903
5.34575174753
26.7266121174
10.1908553747
2.51485827301
23.8712659503
1.43747044609
0.589407219157
1.36295136182
27.8213976306
7.27104235862
14.9358292047
0.879677732202
2.80078498712
16.9844797325
9.36616499541
9.58597769048
4.30702668902
4.75112554955
9.11596451862
8.81228824811
8.05548717468
0.96973519528
7.178753034
5.29037879377
9.74328391669
9.02850930624
8.98926136757
2.13968757138
15.3600671272
0.531762045684
3.20653854183
9.99226754495
13.1182534453
58.2900200233
3.52813931075
5.67123184963
4.45235422758
12.9967702476
16.6808438484
21.2449210695
6.79064687253
10.1076090096
5.22770683493
22.8413429684
18.4746504029
0.959516201898
17.1261877214
21.1534561767
12.7422874418
14.9437378282
3.25468196917
45.3721440081
4.03653927986
10.1797973557
36.4997128068
3.59714282895
10.6635849092
10.2183758293
8.42587597098
0.688789862786
19.6017543515
5.48536964384
10.5808135882
56.9487252995
20.5101303423
15.6587968549
5.36082069195
4.11980017444
14.2572304963
32.1427760483
6.61419250593
3.63100884527
4.73648129677
12.6748252173
25.5172564072
11.9220277481
9.69217362532
10.1760153475
13.1423632446
9.49499341149
51.164295022
12.8108247584
1.20016550516
18.4263473525
8.69605297099
1.59626543026
18.697540918
11.0295750236
16.7176029477
3.78589122272
9.12571774732
8.64296373496
15.4206932822
1.86644030202
12.0724122814
1.19124561336
14.0578195937
5.60130896853
22.2911962327
1.19762754366
24.2872439533
8.81644650121
1.40862687987
2.62822648143
0.909361700698
15.2806705304
8.49300822477
7.83467278145
44.8978713855
4.83604952914
14.8884240654
2.11777549419
21.9787050599
25.2042391505
11.3935342921
16.5232189733
65.8822956774
30.8879550476
1.40236005786
0.253928301183
0.43380526577
2.01682536061
17.4455490292
8.722112295
4.90419814527
23.8720135522
70.6873078577
2.91337249497
17.2899644649
26.5880063394
3.36347230699
19.7338789618
24.6956220915
5.85724900156
9.16008336158
13.3465376002
20.4558183321
19.1444171194
14.1335169681
1.84669815515
21.5670697309
6.31406537347
0.159667430177
32.3062222415
13.3285051208
2.22949715145
5.14776440583
19.1205305006
90.3079220752
4.22829700277
18.2286349557
12.3536107989
7.4060733651
13.0272042059
3.57217532793
1.22970852637
0.351679083855
4.48984097526
2.2555746942
3.45644365784
14.7990141077
5.27724978913
55.8044578953
0.597714679777
2.17719004163
3.29815728585
8.30446671643
22.6010771238
27.1162145885
20.9298837831
5.3787721443
7.58484561041
5.02813528953
5.86905290984
2.80072047653
3.29087052582
21.9004563629
15.136673366
5.27670612645
3.08984904944
11.5127350029
15.9819755417
28.9196510467
1.04991201684
11.4865926846
5.38627309156
52.241889246
24.4995629074
15.1279100344
3.43672454853
6.63224615293
4.78668729984
6.25029921018
16.7594106812
81.8576533288
3.00627510754
8.42861416779
1.4277086262
11.5319837703
3.44692322241
13.4814575264
55.3173245318
6.55176527993
1.51841031381
0.079601389118
8.3944096516
3.50564254792
30.9932262871
25.7436418358
10.39978359
24.1522658989
13.3184512268
2.11771675727
0.351340202588
13.0561719079
8.3181837441
45.1185834636
6.23759773808
11.7600892835
1.7950336092
14.8267430028
2.343102516
5.92326051973
0.528067407492
17.1657634439
27.6992503038
0.950267536303
3.74153682186
1.36411775543
1.07560378712
23.8077786122
0.287725829939
16.4925889979
19.4679526871
22.2462630403
34.481212868
6.94430053989
2.21773417166
5.2398305645
7.27680333552
20.0421473459
21.549984436
31.9581798805
69.3704881258
1.92880660283
3.59221063887
2.36731175018
0.648776638029
0.830517748306
21.0197750769
42.531152722
