10.7272464848
6.60304973766
4.34705778611
30.5232003739
9.00585385116
21.2734083294
26.2805068743
8.15083311507
3.9879423753
8.99868472659
3.57142430317
4.6000766781
38.4719980178
3.48545881142
7.13191233061
17.8481169175
10.1244996656
10.8577711942
13.5869135573
5.68458765081
5.08698313743
51.4361411209
8.11623927979
2.96159195224
13.103556285
0.684995913726
33.2042868839
2.66919465579
1.62581882283
29.0679747055
0.492081099992
54.052657208
61.0570274947
8.49873056896
2.35614769251
2.5054808451
8.76045608782
0.559142011321
1.3564962782
7.43335836452
14.8242313491
6.84506269146
4.69019266878
21.1012500162
7.17033824601
53.4745879062
3.99883020327
32.5035674336
3.7787332397
0.146771588992
90.5305306132
0.797836162294
5.99842146369
1.89256621088
13.9338412309
39.5449577728
4.81708837347
10.1870148221
5.22695212708
1.67392363976
38.4649974222
26.9530159815
42.7521168456
24.0740267581
3.87514786612
0.135355315579
19.9283920847
16.0501469338
47.9685937007
5.75568525063
41.7836461336
36.5201701876
2.10904916135
6.0957900029
23.2573096881
8.05243705198
18.033853849
11.2816859522
10.2947714551
9.15080083222
0.585435233356
89.8110396174
17.3699802579
13.7275701995
6.91298067899
12.4078603909
26.2597546247
0.975505984753
9.93849797158
29.971711814
2.17775387169
25.8141397729
37.5500208012
3.25540858298
0.0346841719282
1.80850143045
55.6619213888
3.66951364103
2.72367841523
29.8349679457
11.0646064781
0.294884728278
2.63583180491
1.4829740158
9.01270924019
2.98714803887
0.593985203521
0.85932232645
20.794796832
4.48707176492
24.3968903273
6.01792993204
16.0869788642
16.9740639147
23.9602842786
31.5425279065
20.1363200782
52.030637841
27.5427629928
4.25208241266
30.3254681933
18.4122098647
5.98686503984
9.45166396595
24.6789134688
8.85519257715
1.56792249639
0.849475655876
9.83741722919
1.90517460958
17.544127729
0.246700305461
13.6229063267
0.300221126689
5.87984446238
22.3164681174
8.13858600228
10.6532001718
1.66889324326
1.07902906905
19.5507963671
36.4970915938
2.32125990307
24.6891540744
13.7633308395
7.68601433114
5.11634440539
4.76334675433
16.5769096689
49.0410182202
7.5559500617
12.3796042732
0.527092967025
8.23861996085
1.20852684024
2.45923933843
0.348657757162
21.5891264233
3.63777789183
21.2046224605
20.1138927954
15.1832977709
27.5872577076
19.8534322507
1.56328560449
14.6303613592
1.19175854122
3.24308201196
5.39080913848
6.02003203946
42.6118368195
7.7299543794
10.6459361178
5.28318672139
3.06805546364
22.0891739614
17.1395543149
3.20284470707
3.78431660283
20.6823425504
27.3413849673
0.461246704662
3.65898452831
68.1111977471
0.968028107769
7.17516907214
9.02139165537
65.2216165665
22.803269452
26.3220958755
1.18838208905
30.5695466952
10.1496651073
4.27862298208
45.4733279897
16.5063099754
6.75670236376
13.3522411533
6.1646208848
62.2856874622
7.011821011
54.3855100631
7.89622932611
15.9831072723
33.331776638
17.58544917
14.2775058972
20.987919746
10.0037549285
4.15751269396
17.5862785271
20.6377105595
17.9850365239
3.47382459086
26.9685992632
44.6301032412
22.7519507098
1.34084309445
4.88673671945
18.1519776792
39.0854219709
3.19206068217
6.08905845942
25.8875673446
0.0875026167267
3.77820758261
26.1310635419
39.8496437739
2.53853419182
25.9527255848
0.975912479349
0.297626615684
10.9016322558
33.1996523282
1.44180617201
20.0016155251
18.4520977194
23.0162182776
22.5443040222
4.53751298428
0.685659379689
0.444272266553
36.9226212477
21.4686380538
23.7102878591
12.9082011164
24.3891254453
4.8799317489
7.01493011933
53.7743834853
17.7115821924
23.571897104
5.73319219702
47.746007
18.3298994805
46.4502394994
26.3890395193
16.3660899501
4.39647635059
34.1084533997
6.27458592577
23.2789934611
12.0780993484
1.45397036952
3.50229939316
23.983275361
1.18889370377
6.66849635086
26.871866734
16.0294725826
38.6078714195
0.670787382747
2.23115726344
9.11091711018
8.52827843785
3.65895883123
9.63816226016
9.40617141366
50.6986236845
0.881000819421
16.6186392052
24.9499181057
51.9122840134
41.1869015976
4.69644239092
2.83565604707
16.9120431606
40.7691601257
9.33215908125
2.2895965487
7.85222111599
34.021607641
3.2610810197
21.7396216027
2.30250415711
5.5877429561
35.3322309478
4.52216709031
9.38251791853
5.20735892875
