28.8337200239
16.8897461586
4.69317285246
26.4174667629
27.7863270546
20.0101943415
0.736572498381
15.2448907538
2.41653062873
13.613812243
11.6083756842
13.8938634979
11.8002952779
2.35325019477
2.56325703607
8.64484927711
5.52742084986
7.04566525612
12.0634076362
16.7330739349
23.0458798198
1.2461991467
11.5459963744
7.66322501369
32.1226134336
4.52177859546
76.6633306834
2.25601572878
10.6442865025
2.73773649012
17.8194404145
5.16481432899
5.23160572484
11.7074274372
38.918838177
4.38664058262
7.10198105886
6.14864180189
21.9017278906
1.23097886962
0.0683579693506
9.07202319872
8.62013968088
1.79746087132
4.69950224611
29.2368300992
22.9821846458
11.8041366991
1.93445555165
13.763302446
42.5280718217
9.78641765601
3.28085143094
46.3343867273
14.3178832386
36.2291388916
0.731471871673
11.5802716339
25.5770823277
0.476787206396
12.1936925236
7.85669705229
1.44188453939
0.528910524989
10.5234897727
17.1349288097
3.62162318622
49.4175037137
24.8102830328
1.22547777539
0.218014192481
59.4795357686
14.9992893339
2.85525051294
7.98569955864
9.95570047683
40.2497385043
10.4846801221
0.135024989185
2.49821675966
15.0520093575
7.62345800124
1.97360215517
3.3065844245
9.81401758546
28.7043766595
5.72422083801
39.9212545855
9.13724018608
25.1481645706
4.67892647999
15.6630582171
6.50158433517
24.4550953491
13.9625860192
24.4097412399
21.4910325432
8.97524046857
1.9705941266
7.1374818506
4.00637511607
1.35353405914
4.81384732452
14.1638472416
12.7504432166
17.2154411087
68.0983750621
4.26604051138
6.9098788903
40.576503047
17.4235318965
10.9954186863
28.9815761733
5.40809197755
50.5529200479
11.0422563463
13.3199613977
16.551744837
15.9250410951
4.5927159057
2.65277375506
14.3281763752
4.87260746136
13.2121100843
8.26140518922
17.0196668406
17.531308252
47.0987261354
5.34676134921
5.70937162592
3.83753621751
16.0230406792
10.1992521628
8.48162462916
44.6949195156
0.355121703191
1.2622258537
72.3400625215
4.38370172366
2.00952589472
12.5412030944
16.6579487661
60.3407521822
13.6071192734
17.1022586016
35.1262068885
7.58451954688
65.986759603
9.7306670815
2.44237838167
0.423539734698
11.4932458023
5.62457523879
8.86737507211
4.85281746703
10.9681029461
68.1028529003
3.41887591934
9.58698177211
10.7351596408
71.3849641723
19.8115273877
2.39775155115
26.3180246736
23.5303363248
59.1915673378
23.1751489346
1.7852992181
17.4547308023
9.74652264415
6.91400686305
16.2222405495
5.8129739733
7.83547854065
45.4566257103
9.502446082
25.176982549
4.86036341153
10.6013440734
24.0807489214
118.494599239
8.9016369638
11.5702439014
16.7358665165
42.8178395167
76.1951485534
56.4178664639
108.226195704
27.3372726387
20.0368756972
18.5521399465
7.79267769571
32.9423870409
10.1220651566
24.7289960627
28.4423110639
17.4157411389
0.749260003734
1.22866875011
5.11400839514
1.03689627617
4.73522856982
3.73956722291
8.68280028826
28.8709211957
7.86660627056
19.433281672
11.5261104908
10.1393068205
11.832534533
21.463073658
2.8965360255
31.7509011726
8.09334278278
19.2539493362
0.165477387673
2.27591579517
12.1870896697
3.27428192822
6.983319773
27.5763137344
21.8881013915
35.8800822092
7.46384149557
19.340174568
25.8283083034
3.0701933953
3.76797285783
1.30965550813
3.72032342904
2.27471959615
9.94031651033
0.406203468715
13.7364626139
1.14075187112
0.0877365393562
0.523304964423
2.09501900846
12.6193918556
20.9528151808
7.70033924414
7.23448620695
32.591135684
37.7610733324
4.03316077388
2.51930527391
16.6646583224
0.111088250868
28.250739698
13.9240116253
14.3208573721
5.92357054088
27.4821275436
1.43833534571
0.799141309783
24.8715399146
12.1776419234
33.5983916354
2.26528643921
6.76993378257
5.09877072659
7.09703563461
7.90293261749
1.75123117234
1.00070780227
21.9521937437
9.29127464935
9.07569112111
8.76289830266
5.24580967708
10.9748710125
81.7194595805
15.8488624283
4.91412881564
17.6798052189
7.1128430916
5.23911591912
4.87055003723
3.65102564091
15.6172178093
19.2025089242
25.0660575167
7.8711521979
13.5687156674
0.588066253198
19.7063282285
29.6789578015
1.27233977347
7.10811438275
4.43741948476
1.44961266886
22.1719223508
9.2057982892
34.9487965847
35.6655991768
46.1748397212
1.04212594548
0.0356933898886
24.9740241244
14.4623184706
