3.16141563979
29.1258300866
9.32447164481
19.0080535095
12.9651870202
1.02602248939
50.9839023984
5.22101253997
6.11015253894
4.2364380774
0.47000185852
31.0324144696
0.659125622535
53.5906574731
18.5042071351
12.6892946752
3.34984729289
4.65433003357
15.0637842762
3.04895379633
3.22313186045
19.4399577553
8.2306376733
53.3489838178
34.2101296182
30.8328163219
5.14223663985
18.5666985427
2.78856585137
15.4235342005
20.4107294909
34.0806816563
1.07241032577
27.7217454178
6.64338548377
47.348869189
20.9763332016
2.99331869012
9.73013627736
17.8863475795
18.7407704626
7.17849541858
3.10511877727
3.16586568532
19.5554521862
19.6932366441
12.2169915222
2.93877809276
5.06456137258
6.83911863405
0.11436218691
0.526798309409
0.942541110307
16.0045961285
0.577335345912
14.7607526332
17.7122180264
17.2963653844
6.26539487838
12.2798455834
20.8590268534
11.2594896202
24.2789507222
1.48666251005
31.3737398676
1.04943286118
71.9678840374
23.2813150413
2.38394820785
90.2057449045
14.2316973942
17.2476499023
0.754654637553
27.6382105569
6.60190930097
14.2792348432
5.49730553725
0.0421277459593
69.3611806304
33.2195427168
17.2460302376
0.672298824118
1.88153779904
2.80260851362
12.411922717
5.20336848726
18.1261968121
4.01302619575
4.04853830855
1.82651115304
17.8053376403
15.5303795422
17.4324255212
33.9575426495
64.8564360127
21.0819567535
1.49617489873
5.78684423692
11.2231094887
30.2450440781
19.0927225365
26.1398489607
11.3474114487
9.04676909275
15.5741376767
17.7010699032
11.4261122467
3.6470676437
8.89792040229
22.5150692173
0.0528578140737
22.0485895798
6.53671863461
39.1252274258
26.1406865139
12.2299712346
13.2941861848
31.3415687106
21.1128632101
7.00739814313
0.803052069418
10.9331370243
57.1449448729
1.80094706055
14.6111999913
32.4328550016
11.116559572
51.9944703579
5.12724236524
29.7770626015
38.6014339898
0.413486798807
41.713103778
6.68934889283
0.955081808344
12.2688043258
15.1956219539
22.1024241158
25.8985804725
9.24592761686
16.7804064015
23.5937583124
38.5892746977
8.30320697727
16.9445143792
20.9004064032
7.23558573179
28.1376381889
5.23010601787
6.88602561546
9.43751017219
19.6546768589
10.9797741404
9.54326537906
12.7843120625
1.53913022721
4.5517083875
16.4817832159
52.397453798
11.6605797614
35.8578799825
20.3123543622
3.9687253652
8.06135472914
17.9079008
19.8430660022
11.157208159
34.1011173687
2.20230841573
2.20330500145
19.4012813166
15.2598165699
15.4800605316
7.44076523128
31.806517283
13.4192036398
79.5035102812
26.745204739
8.28575431457
4.55011100786
0.154117876373
42.9109834916
28.3648977208
25.4903082685
11.6558793151
5.79081030894
0.282916461497
8.20635936615
19.39236058
26.1453809565
23.0609897168
4.25761729224
15.4752560659
5.40717705848
56.2776964047
1.30443648095
14.8581664576
27.8279006183
5.84814330728
37.9014668908
16.7439407851
8.89220023291
9.41510724863
53.1923678858
24.5969088878
13.3162582788
8.31203063578
10.7543743005
2.327317608
15.7414364429
12.0899771705
45.4472140843
20.402769978
11.4376134861
35.897887072
17.2899271556
20.9259713696
1.36211740394
3.73770821372
3.60162304728
10.0089234011
5.03980420576
40.5314471846
27.1086763959
0.29093848235
18.1418364239
19.9170396096
20.7648236573
7.82417417247
14.9890616306
8.31257216781
3.98376314557
0.146610949595
0.473772886524
11.0962204826
30.1575027156
18.2080522777
3.06771489589
30.5407532379
19.7173897978
23.5747019142
4.1163700168
0.73162105704
6.16080290338
3.65481163798
7.02148222764
2.5440572093
8.45958607138
7.29703668976
8.19517458569
6.95784293384
10.2167322676
0.109140361802
19.3224036922
0.846130942272
0.423730386858
0.278757612588
1.50764687056
0.798018936203
6.05131707689
25.0116625651
3.34452527669
31.8594885867
35.8470613518
29.8270177256
38.4369402704
13.4991238296
5.93960548371
34.223998821
10.63016755
6.30625923499
21.3739334191
0.701721232121
10.0236879961
6.17261963621
67.3168949546
5.70339638001
17.1269066831
3.12408270806
1.11474003646
7.10906574727
2.50807265574
20.0098409206
43.7299375211
26.7844305137
65.188233697
5.90981004245
28.6839657139
3.40902000514
18.2342599232
10.8738110804
7.41590883212
2.6138888229
6.17490528074
16.8498803093
0.604057130744
15.5774522655
8.85022518146
51.675177225
2.65539563575
