3.76719613538
8.21041682422
2.80102063277
1.90544166731
23.8104697869
1.52339048547
8.52953840179
21.3124015905
17.5028105035
30.4961308159
5.33486044464
55.0300392092
11.8815969104
21.7643912528
0.532706824866
5.04592123398
21.816516021
1.95504610173
25.1100176808
9.60834004655
15.6677688671
50.3674658731
2.33129016455
14.4823672201
2.65901469993
5.72252954644
2.13529686408
4.68996940427
21.4620490648
26.6997107206
16.6398050524
2.35074459734
25.1170582346
3.05401236019
31.9724887509
30.8207875837
1.13060764784
2.4948299945
1.09015719717
33.2289992616
0.691055793426
1.37925869675
0.841367700105
2.91122555687
1.96654293497
19.5415518826
5.63476906923
16.1217415842
43.622058326
14.5101141389
6.38315231933
0.720583737394
8.72559768684
55.7184755013
1.97052695567
20.6779707133
1.06648453648
20.8629323246
17.8219488349
5.73729850609
4.03559144526
3.86037838974
0.836465618702
24.783180716
49.0382738809
2.22825126127
4.99528778993
7.16662138403
28.7127999799
6.93053928665
7.27853915305
8.66298241374
14.8195770631
22.7523355584
0.145680601545
9.54130692403
22.7653889272
83.016141713
4.15067219737
43.4438583075
15.397744539
26.9085941038
43.932973756
1.03776259373
2.78534551674
20.6494777819
13.8826103872
16.6841130746
30.9932113219
3.72482098535
35.6482058334
0.282056209142
7.50863650435
4.52326665102
5.39700650577
1.6704093272
76.6216384379
4.29656514052
5.69752372318
6.99239030617
4.19820725514
34.4286464607
0.951283855504
14.4389155283
49.4335969469
0.996424218954
20.4598281848
2.25593953414
3.61778903163
9.34130577305
84.2372201697
15.7465356921
22.7220472606
8.44287406261
110.81484459
1.17611132221
1.76406782414
10.1684976576
20.443969644
29.4540993819
11.5029417399
26.9552815021
5.22224069294
10.6519731189
28.7166345881
7.35085221899
16.3922422633
9.44199845114
39.9977065982
43.2931228201
7.47126353647
3.10245229083
1.74103482278
2.45403916092
15.636929181
33.8615953903
21.2154278445
26.8311069946
38.9563210781
9.62432244088
26.7168704289
22.1408651744
9.67638933679
12.7032830013
20.0460517463
3.40801057818
15.3242897268
7.89562996956
8.69212012453
33.9912916292
0.472937301597
2.91235781336
29.6391935004
49.5693466951
9.6526869326
49.9575433334
10.4541120887
12.873793131
7.31949198695
20.8386692542
3.91329440432
9.88950563259
11.7967527067
14.8161250123
4.43078545057
24.1769416184
26.5552917299
26.1338132033
6.99096048982
16.2023934303
14.020255143
6.32373264205
27.9251117625
43.6174793868
26.535612239
56.6133911288
7.49243633304
18.1630158076
0.705409362127
10.6643582775
13.0043136794
30.5978199917
0.552462401997
3.95107760744
4.7808437614
0.740977838299
5.14461932671
0.146025444962
19.1688060895
3.8570671348
11.5722303217
6.91546273301
8.76111878842
23.3375293801
14.2516900547
16.244489465
13.5973023475
36.8969136387
9.72687793757
10.8685839362
9.31612206285
4.00969287594
16.6208952302
1.44319404609
43.6471179677
4.16898556879
4.6034138328
12.413579874
1.55513874936
13.9235260506
22.1127131464
7.86731105893
18.419993494
3.4420565699
4.75710512142
6.68176396849
32.9715847556
5.02744332913
0.161280085581
10.1312792162
21.7075474455
5.26337897903
14.8655417241
2.0609344143
41.9194997306
30.0909791452
0.877061497
16.2162950881
39.7561204239
0.0629043540379
17.0909364427
51.2666545803
70.0469826997
0.57000770372
30.1670266198
17.5138204902
37.029724491
0.390240427739
9.6213079572
23.3152718093
65.9785579652
16.4453479929
8.02681455213
1.19867329703
15.8790366871
2.73113425155
4.5003620745
10.4081602382
2.03899735764
22.7123169795
1.6113180498
12.5917050595
5.46113584452
2.34291599678
9.29384511841
1.80941115697
8.29460399583
43.8507289939
1.94431186031
1.7793132671
44.6218487998
62.8852822886
14.8961557424
28.893521522
7.62363098541
7.86280110819
2.14966679301
19.2512285511
37.8873574734
14.307550706
0.583932721511
20.3524379834
1.90811729092
2.6937503533
66.3893126564
2.82628288526
31.0046261724
37.9227201417
35.0378728573
17.7025570534
9.95110753047
15.0725893181
15.9525597871
21.1509362098
15.5230298724
0.331330434153
13.7808643979
13.410740437
5.03662584635
23.5048005969
13.7438079931
5.07697414851
18.3543938245
7.85799691432
8.57398746589
4.17688167743
40.0179801457
12.4868766724
9.03604588694
26.8880719669
