16.7975273811
2.0798005181
5.10855803733
2.25486289725
6.74081551958
14.9398814016
22.4722495031
16.5692716797
11.8314167708
53.6789635798
0.789969607985
34.2557342086
27.679417352
5.94259245382
7.23349217191
5.60183889416
14.1738085842
10.6692785742
2.24075849515
6.92060988457
30.7563080791
2.24607125378
3.22426997992
6.45717731784
9.96746241558
2.63072147091
33.1558456813
15.1044434389
11.0794006391
7.57386354999
10.8002138977
1.99873609556
21.1428641606
16.3279754016
4.0609551251
4.35424035595
4.41270900179
21.714129049
22.9458036799
10.4844194523
14.1203560714
9.30424728324
18.7452925611
15.7035477286
8.4728818089
17.6569176151
6.76342424045
12.3695782038
0.902544374942
33.5055793555
16.2881672305
19.8945988979
16.1857562961
20.8808871233
5.87438186088
15.9455438364
40.2243972787
4.54129361705
3.31147342168
35.7702271395
5.4250035794
5.06701694132
2.18172852512
3.52256493261
12.1271874407
4.54433377194
17.1264511064
4.71809882098
20.7650178546
0.67034755014
3.77278012945
17.8514579359
13.0653850266
7.25982370912
4.07051656387
14.6200929021
15.9935915253
0.151295475131
19.848227003
59.649516696
0.748975724109
7.05371704588
26.9014412579
11.127694586
68.9063031422
4.43426988032
9.43937093486
27.3429301279
53.7566966895
1.58441838789
1.22113273668
0.208654884061
20.8850888367
3.09812999464
10.4107421565
4.36266390635
0.632115281343
25.6811070047
16.6364134142
11.0143441092
62.4969627958
10.6043248716
40.2595105226
7.74242851705
10.2295166869
16.0621273621
2.9715458215
35.7442925036
14.042751666
64.1377597667
37.2954014874
0.366716911651
3.85049852758
24.2525143013
12.6915012815
0.489171561143
1.51787576787
1.55235900042
8.46272193124
10.2562674319
9.10713312775
5.65371765031
4.67045889479
45.7480463222
5.23095384256
27.2966922713
36.9087118613
5.99918732309
13.3758556445
45.1196449303
0.851955115295
21.231537229
21.1872789524
2.11136356572
7.43055343792
10.6624400297
11.927870622
32.0221300335
3.38063032027
6.72119781898
22.1015195385
22.4013572006
0.234887936912
14.2991131064
14.7486410648
12.761613499
46.4454722204
9.65188501981
8.12674610949
21.5810982148
4.1687982561
18.8439049367
1.21201727193
11.5473543288
2.83045059507
12.7745622594
6.35141280182
20.1438344243
6.14965170752
0.877958222282
13.3908216175
27.6099067483
10.1334556122
3.42788884072
2.690792293
14.6940566577
29.3191792375
9.73563308774
6.97959036385
21.7663539088
28.7304635813
9.4380526058
20.2897609125
13.1202051201
1.75580347317
1.49180476293
8.14169784937
0.532514034581
10.5338630829
54.4265426397
19.0082639769
19.4240553539
51.6562626165
43.3159096886
9.65183710014
1.22567750335
14.3705113973
33.9329276012
2.5207965544
3.84241076766
2.98542691751
0.990016263911
3.63198552188
3.99753954013
15.5454603026
1.28693231073
6.30706093712
5.83142846223
6.49958335311
56.4651662446
21.8636248875
9.52742730666
22.1214948224
13.8005274236
5.12279700589
10.3087050517
37.2883919789
15.6687204221
3.86785833359
12.332892318
4.24541046916
10.7982052904
32.7854956082
18.2925387966
8.19942917443
12.3194551814
2.50509723718
3.16312539718
15.5010748991
1.8852846331
5.1185185747
4.92222619709
41.9022128005
30.9249347326
1.0162298275
1.32849307211
53.5889766174
17.7058709599
5.53146486624
0.934348109157
5.91758195958
17.2960468298
4.64233006386
15.2921190324
10.1557330905
0.135142918728
7.84843812173
45.1257082823
18.6902227004
18.1333719176
11.4904816725
2.18835435588
13.9646656767
1.73960830665
27.0702878959
0.0614155215188
1.03987135445
6.88817932168
10.3787869335
7.31597191731
17.615363262
12.6018343594
8.54146552766
8.9487284234
59.4472300984
45.3815319533
4.95553145515
58.4484815654
3.39052153931
2.57360411658
5.52731625902
4.43707551469
15.144122148
18.575825435
8.66684554046
33.6011326736
5.82818514007
1.10697674247
45.7966831565
10.8159829764
21.7383761356
32.5163863294
5.85044322804
15.741131541
36.8514031827
16.4259897315
5.81655615504
0.774076230011
3.80633477874
24.6069432767
0.370526458026
1.19431029513
53.8786544589
17.7097988778
51.1848393834
22.3113281434
7.61177695772
21.4088268352
3.70840054541
15.5656544802
2.98755109939
5.8143113853
4.73808879873
0.456738730993
38.2599225436
8.33026189573
14.6128760961
6.63746170291
20.4915509935
22.1152565558
