0.0356041761875
9.58056820404
5.47376645772
1.53112427587
43.6448132125
16.5125901804
25.3090075262
7.19703570474
0.394000857473
9.83982368895
9.48110833393
3.94644408423
6.50245440982
17.2273039167
28.1240185936
3.17555583186
64.1874617794
10.5254046211
8.25745038545
2.23964135802
32.2971350132
6.68594582859
5.29182180083
0.593110562491
12.2517260365
26.8865933567
11.9570806131
41.7181311518
14.9655411975
41.2283612142
0.91571295361
12.280838804
16.8010338215
6.75173170981
31.7649163855
14.5411498447
23.184977183
7.2286733996
9.85669791495
0.852564104282
12.9557959755
24.1046059364
23.1070113658
1.20696450662
1.91365921119
2.95490631885
38.8544983189
14.9984236185
2.92154553505
2.96818999538
33.9655830635
8.46676235185
6.73322866624
2.5555237248
7.12291054179
0.959330617138
11.8954962139
0.625581913966
32.8872171583
16.7203058396
3.77009765905
2.8730075943
16.3829526008
41.9798499384
11.5900528731
3.94006819093
3.0296712299
25.2059117967
26.6976190418
1.46191453396
3.07825767539
5.04431017028
12.1730118049
11.1044895966
0.606682833823
56.7058203977
8.61788613951
11.6457019892
24.603104643
19.0221922627
2.69689138167
15.1370612107
3.04291334244
12.8773602814
12.3535534014
15.4439709547
22.2994849478
1.15452290489
5.3843003815
4.91563400831
2.12098721607
8.03664675662
53.3924376736
8.79945725525
3.24379502497
6.67143634025
12.836035487
6.14341395504
5.43320857221
6.61324369342
24.2682652969
19.1462306024
0.0847732818468
2.41756878223
17.661082737
0.847566163088
43.2789299539
6.96163895194
2.18777416565
8.13234247585
10.0050635824
1.94330345447
6.5285685914
6.54063515905
5.9151123886
0.56518710032
8.26286592415
17.3603854971
0.454983009465
6.16811572712
6.28614610855
56.2904118755
0.0214955994108
35.8801486542
27.8262005839
3.23021795438
28.2917177674
31.38002978
41.4620130258
3.32341662664
11.1337467076
5.21489154993
2.06354088898
5.74735390557
5.96345483976
10.6914365605
3.76674829428
16.3617946309
3.57132303221
0.531860463751
4.10283835706
1.53308947168
8.74371961105
35.4298623334
0.359917928674
28.9447887831
4.93096006336
17.2964859043
16.4152560062
37.4297452258
22.8670365034
6.92665996664
37.8285158523
30.8934998735
7.63403706332
1.44774331839
63.834146717
4.69654803022
17.9140294781
0.732306304046
10.2250791287
1.88795242271
67.8631536569
0.474617843747
20.305193461
29.2829424173
18.0763031588
1.46676838072
21.0297456046
40.1005041612
37.8481958611
9.61831562575
13.9833550629
8.42851052737
15.3586348557
58.8256584708
4.39950883495
17.5940364972
30.7674073003
2.30622684845
28.3675176287
7.39083613112
17.1672653171
19.5980823007
33.7835907165
12.6991349752
10.8516010037
34.090282898
4.16033601743
0.79930394444
9.32649457924
1.27099884974
14.0447872984
31.6428195545
6.42165248102
18.3806302967
24.6511465801
8.92844078212
14.2721463672
36.336655505
2.12841481678
3.7017929086
2.25606652254
11.1037566938
22.5068054326
0.395207061729
9.11634022921
22.7506716073
15.5371049154
11.6912995684
3.12205294526
24.3074212252
11.8651299726
28.5110265495
6.83972182665
11.9098674881
20.4879204373
20.1489906914
3.82685653612
3.70543501592
5.5912165842
9.6559301565
10.1788717677
18.2107609956
7.96995458619
35.1451341352
3.2806048049
3.16775628818
0.638808466047
31.4606352203
3.25250733598
12.6264518242
5.55744402968
3.96466479203
13.4257979465
2.25621172228
6.53076345393
5.74360601497
16.0696269889
10.705999759
2.61092678955
7.81048023162
54.320314003
4.17010243602
33.3446542457
9.5475243185
24.0992490841
1.47014503891
2.19726332347
12.6877364672
3.49504295242
0.346207728017
2.41608362134
11.2053773708
22.8454756004
14.9209405008
7.41026572602
4.31464738247
3.79188510101
46.6470509629
8.34610820021
10.8903543322
18.8852700934
0.433910654144
1.61239765535
3.39102987245
9.76570419415
45.4620261923
14.5346790404
5.26968055078
7.75304377439
11.9433984272
24.7956365962
22.0076707211
0.371044198251
5.7602326159
11.1038738248
0.245375476665
31.8144005795
8.95506935037
45.0508706953
26.3784305237
16.079086284
11.7095552603
4.73594945065
4.83654294475
59.034100314
50.9977163128
2.31687582687
0.554121806498
9.29588728153
17.1424137499
22.8388288853
9.40167635697
1.46051357452
1.71984232232
0.987028481194
1.46592530694
0.213631992549
12.270399082
