0.914658998549
34.9416436108
5.68413460112
1.67690248196
24.7511127171
1.64331852424
0.111922205149
13.8204455305
18.6474452504
3.96000794459
10.1338986937
16.9415431094
7.13975531346
0.149388197942
0.481269919353
32.9845206133
38.206189884
1.55491617413
7.27985231654
29.4547593031
39.9978636815
20.8883668485
4.26359606419
48.5311462091
5.58351259846
18.0206735028
17.033442282
8.41468073195
6.91263586833
9.55003676782
9.96827411968
76.2474824879
6.12211108128
14.8706944333
30.2686135297
9.96245503381
46.1389808229
18.8272048867
18.6325322271
16.8791003521
25.5287282049
8.06587919305
27.8414792833
5.49665750868
2.61330687041
3.43650846938
21.7588669966
0.561439951174
53.925032929
1.63981520919
11.278079899
11.7298354049
39.3480695528
18.9375844819
0.631812587111
1.14462531482
34.3079521661
7.94896631571
16.8754546322
0.839436619932
8.40481002003
23.3528329478
5.52490533505
16.7323691444
8.17706628887
5.29789506794
9.60668099892
2.24469009638
10.4933917859
8.68974762993
1.61519483385
8.85870437346
3.11511166214
23.1047802086
9.00621293254
6.67331817696
66.4024412905
9.14155677218
9.40212931211
9.8113860737
0.383555572384
1.29314310854
18.737830673
7.55329809659
5.00161240085
7.14313033033
0.0699571166518
16.8996040281
0.774720349958
13.2668010599
46.0186313114
3.39921731916
1.03843896078
2.57366401648
4.34013013208
24.0690458728
0.0341973050184
7.18020815366
18.4553209864
1.92084409271
1.9706564863
26.8484654889
108.615797943
7.33691547145
14.8640860426
47.8303173947
1.85614349732
13.0940189071
15.9223483137
26.5655509695
7.67131988773
31.2760732995
0.357230668227
3.27970955734
12.8398825639
9.59029604352
0.187663377712
40.9600940074
25.9572146256
1.39329076146
2.04652952637
11.0866886976
3.07028680177
12.3740244296
42.7664750113
2.27266069799
5.91977953041
14.5082344218
11.3449625435
31.8533870196
1.69275510159
10.5634847211
4.17742158838
22.8274531718
23.1739903659
0.705301025195
7.96480834447
13.5647221637
4.78840634218
7.17942371069
8.73936211498
69.880359096
2.01931717024
1.37018534983
43.0670252145
1.50297674619
18.863625991
2.63164227979
1.96781619994
1.92800291579
5.83101125039
3.16611224661
0.279727016638
39.4061358665
15.7453934131
10.7047597358
15.4423812223
22.6581195584
8.60746271527
0.773044550304
29.7357258665
8.6739706621
14.2882250505
0.179115503138
7.55871210731
15.4893320801
10.7350635456
3.93422841002
28.3982683365
8.84556621797
20.5812877254
16.7081231603
16.6333745331
16.9461794185
5.62008179046
4.05236951837
0.484781372233
17.3797206447
13.4074762245
11.1400069712
10.2953801475
46.2719263222
19.3878534355
22.4711130362
18.4602459547
12.1569929986
2.79365106291
31.1118025152
42.8596067611
6.38159664566
19.2571158302
0.853437449627
3.76861915567
23.4394274859
14.018237777
6.70211156452
1.22172561153
5.11956120602
11.801611318
38.8140781399
39.1939809312
3.18113371581
5.44454060999
6.25841756686
7.84426001183
13.2709758443
4.3181626304
40.1130359178
1.56714965335
2.45000072625
14.6197825576
1.03734723521
24.6932786617
10.1646396322
12.893412446
0.544805683021
19.2340038884
7.51361745933
2.93226453118
1.84912288044
0.527928269394
8.63141240967
10.9975292531
8.08331018133
108.755592424
0.439795956593
6.82699438643
29.2993751125
9.59129933956
27.0638481474
56.8843394573
6.3033264577
12.0555754078
2.21657192872
10.9453937692
27.0198923481
0.379028473073
13.5264427571
12.7284418025
3.76914531484
23.9429970955
1.7762006242
3.58218199823
44.0186457872
4.22950929516
25.8125527713
6.85317933718
6.98553536939
7.74443649342
9.98520869831
25.7457922363
6.36042623214
20.1013939706
1.83218339823
1.37449223568
1.16054835877
24.4198790064
12.3802842831
14.7478808744
13.784156511
13.4490485443
14.4017583061
22.1220289843
17.3401536503
0.891951515536
22.4378525255
6.45224353421
0.263170616081
0.121181755327
19.9093513933
12.2789079891
32.8373452922
52.0200235123
22.5395433851
11.3508133966
25.6769131582
9.48007172166
94.0234123041
11.8570993059
56.0815317591
8.47343818858
16.8530545914
21.7274105868
26.5483396302
32.620581265
5.50397065014
27.2422919977
0.368057977838
13.8415243555
4.9569490737
16.4628827116
6.79609722747
4.69718041293
24.0524554532
16.5331649754
17.1430800401
0.603217842909
6.41719008623
6.2699670022
2.16014795212
