19.1870897044
61.0138570725
1.47614084443
0.161986162998
46.5218387125
25.6308717498
7.38015543229
17.844634465
10.3383705961
35.430424434
3.93519689505
9.172321451
42.2360645574
27.0270375295
52.9861886755
9.72327436518
28.7801976561
3.25090918466
17.0511069566
6.61628365245
22.8448305406
20.3794272383
34.62520646
21.8043746965
48.71536869
65.2500368796
3.41040705524
15.4514848182
19.4553871818
4.06116062668
21.1815123224
18.3314867949
60.1120132224
3.68920708112
14.9884192452
19.8148955019
22.2337003177
2.29369818129
12.6729247075
6.01844747733
43.3413184352
17.3874008549
17.5467656525
5.92091533205
17.6939547549
26.0007105654
2.53550156901
27.710557393
7.64889527001
8.8587203717
6.98248157877
1.53910607089
49.4425186109
78.785219897
12.7349065278
11.1317649811
6.03098980939
1.91285379916
0.521678332685
18.1289640465
10.9302947896
24.0921708669
0.536642345488
5.28727569074
31.4040828177
11.5349914947
35.1286173815
21.3633017711
4.72148170627
26.8238219212
36.5958317341
33.7315834738
6.38744567865
6.35078997207
22.6249270003
27.7041871803
94.8640742727
3.99289302248
13.7023502768
58.1250536852
43.1122392269
39.2078808088
21.1903478672
4.99420683307
6.26659503498
11.5615306086
2.47018160376
3.0301097796
21.8966398675
31.7581665388
32.2464550944
15.6783926888
14.7272422926
4.43966643278
2.74482187493
8.31410637557
11.9788479072
2.27679989781
37.7227244559
7.88416131708
15.6525093154
33.9209588407
8.8308877104
24.0951713489
4.42515585883
0.63415283437
20.0688283949
9.31163580481
13.1271125652
9.41824900356
22.8242423515
4.27280360815
5.52400791417
28.7749582307
17.7959384058
1.58010709423
21.537502001
4.39307129027
23.5171950937
8.24966879951
10.82808254
51.8748806711
55.7294590119
32.6669471258
6.75674409982
35.2341606993
8.37023679656
8.08337991204
2.74515870937
36.2129114154
9.96236533719
22.580604106
6.17941573151
14.0687474429
28.4661403386
1.12042327675
26.7538138406
12.9858395421
20.2614999926
31.9683981868
30.1488035488
13.1770251839
0.772193965678
8.42687455464
5.49561833334
52.0087176611
8.19207625172
6.8976408523
6.45231241719
0.499644202448
12.2978253381
4.13764104033
29.3026213015
5.46967522212
5.9877461485
8.6569279418
2.65002527192
11.3824903035
37.6421815239
13.9055339262
21.4464494329
1.44156249125
6.21816760296
13.0017073608
14.0179303063
14.3013305816
4.61041362278
5.84537637506
0.233429947504
4.1478147443
7.10081943183
22.1212001491
27.8874492144
5.86978708852
9.74789306943
8.34401464677
7.36997168763
0.991637840349
10.8843011177
6.72327634414
8.88311191622
3.43180869359
9.86010636932
34.5867382277
17.5292662378
26.8086803351
4.94065449627
31.8433625452
19.6690838905
37.8932055653
8.99564453534
25.7408524672
31.5875126326
25.2466530031
2.17736954432
7.50022693363
43.3658400316
5.1006736881
19.5146002136
15.1588730666
9.12702794184
57.9937926267
20.0992035682
28.7010665831
20.2864700544
32.5686658278
11.0232951979
3.20990046419
34.1574109139
42.5728052861
18.5992981593
52.1640580849
20.8026118897
30.2953419719
17.1956045155
53.8758838758
9.23344212766
1.99774741356
17.79244901
46.1003409607
11.1774789471
1.84998265493
35.1833821002
3.27640561305
0.876987084124
3.78551925146
4.92744895593
17.2795247535
30.1994933964
4.66844680456
4.13536388658
0.627681326337
24.5870840348
30.0639405585
6.67612489586
3.34800441081
0.0115173245685
15.6798672857
1.36727413066
20.0023062314
40.4422229495
20.5216609368
6.41604149359
49.4479850229
69.1614821237
33.6022457891
5.17206292669
19.5116766548
17.8699068768
29.3355901119
29.1843300045
2.93129756491
34.2448292417
27.2248347679
7.59875182658
2.18901720871
18.2201750946
0.946733795369
13.72445844
1.15737531066
4.33680979171
22.3800460252
34.9475272021
19.9474130409
1.60888435732
7.99965962635
5.66044632456
3.4714120213
29.7267085669
8.78168738079
1.7253270943
7.49095997915
1.34029520296
18.8105837533
3.83007861286
16.7557738278
1.22467745087
51.3256682267
11.0659691797
11.3135331379
14.4617029823
10.5692962461
2.54063794772
30.9353887811
13.556026739
17.6749892194
11.0308033628
5.13228221084
10.4432262283
13.8096128016
1.52066602614
3.48845754638
16.4104319088
22.4681716898
4.37285707258
15.8939352454
36.8869835057
4.21058856733
14.9071622722
1.36497177238
