37.7497891638
1.08951396372
4.28331198659
0.881137989532
3.79513066874
4.83809441535
1.97854843474
1.59019204521
6.97116065073
43.6389138012
4.99427740115
20.6106437558
95.4892779504
10.6605185054
37.8921707509
1.87515005608
0.142173754309
17.2086912801
50.936404889
4.48060605453
4.07550990655
20.5176234342
13.7102433887
8.95775562607
4.40941863842
3.47322061486
8.3434663543
24.1212400685
17.1823312174
11.9250193562
4.98614802014
1.12618734732
31.7529147077
2.48643027523
35.8856732572
22.2851030988
45.9592702536
4.76274941726
36.6226426873
17.1050401881
1.13945974892
38.6151131028
0.950508492702
5.27708055973
0.967119786198
7.51345269623
2.26728373515
22.8018971813
5.59517686429
5.63710371396
11.9708352851
10.5560639274
48.9950003248
5.1280129592
4.52766229281
28.1855243522
5.28392699509
9.96686903325
2.64934365021
31.2132662605
2.1950388591
1.27451038205
29.6436177167
2.17830845489
41.2025263213
18.0938982752
6.18271087251
9.799936416
30.3074441422
5.96741332192
10.8880684354
26.4960906103
13.8315093417
3.55744204626
0.74971932139
10.1717227502
11.9609852233
0.687448639184
14.5367737647
5.64992470741
7.96525378836
0.711951822461
10.7656166871
23.0275479956
2.1284976868
4.17585738809
2.90525231102
2.70137153004
53.4114967879
1.50742338765
67.0903368844
1.45023875146
27.158951655
16.3080203886
1.34788381913
10.7512149946
5.78833935758
12.7420209629
8.67680147891
29.2091788533
2.16783629908
11.8618670071
0.57673779706
6.42087591281
14.0643264558
6.63119551382
43.7258337313
12.7812367215
2.72188432974
11.2444598085
13.0504141012
1.94667418541
3.90626810634
37.7817786965
18.5209110424
5.22666983
13.670616236
2.87541764975
0.851090095242
19.5899183373
1.97318699392
11.7742514329
40.0075091174
2.81648763729
2.66437473633
4.50476954581
24.5102765045
3.28512885881
9.17647009976
12.6368231568
22.5325301011
15.5350588754
8.91550004561
11.2603375107
10.5651033956
15.3259026036
13.3854025046
30.207046367
17.5077767247
27.281265459
4.03349945688
9.1490640729
32.5489080317
2.1040701503
16.7293969736
9.60036057064
2.53072245341
20.1760780986
0.329900125007
39.7227215674
43.6456429833
6.81116297873
16.1198415729
2.47348688497
6.18640627283
6.55074893886
4.66437237556
0.134878593584
29.507080916
1.10950790775
1.83393194168
15.5683580608
9.03101154736
3.05804119192
2.96562334513
0.216440265467
23.9469102562
3.4299233815
23.7766754335
0.151804107462
17.777419815
21.7394230118
34.8640997026
42.8621190914
7.58447637249
0.340784271917
27.4648434284
18.3691678985
63.1070322378
8.5671213607
8.95721228981
28.7364174672
0.257971272258
19.178851252
7.25900352679
22.4716016941
4.17233772015
10.1110014176
2.52759283561
23.8761083765
21.3313737423
14.2129670591
5.0971363559
1.4579779105
19.9907137329
74.4245101999
10.2451506471
17.271041551
14.8674009208
43.9057797138
5.49805083064
30.2810677786
4.2745722694
1.75009813303
5.87445342925
10.4104974212
6.90281500495
5.02931641566
10.0433013318
12.9918726744
12.6576598554
8.39243296651
27.3277524702
14.8681492118
4.30226311908
7.36213153037
11.0003795126
38.3951791644
2.72588307428
6.43059458477
4.92024726679
23.5140019669
77.666787061
11.3804825472
2.25171669803
10.162194766
30.1880152875
25.1558057263
11.5434446177
11.1983281296
54.6034165816
47.4386787372
15.640351731
8.34062825249
9.66893056883
3.23680201139
9.14420857391
22.8160690185
20.2962165733
0.925046580288
16.8442198455
14.3461281917
7.31820690435
2.62529513719
0.836672578916
2.38492885603
14.2951481796
9.55966651466
3.47836253523
19.4950668606
2.67622993299
4.59974272867
21.1143198771
20.2396276069
4.32465938697
0.0843171115005
5.27625307597
21.6148941391
9.36283419354
4.06049317386
15.305579694
19.6456384946
5.61006491319
8.09761281682
0.38731843039
1.08821561688
11.8482976291
17.4252195065
24.1200291388
41.6784373725
3.04510699742
12.6368737268
28.7499288147
3.43932165818
5.18421265906
3.73975307177
3.28128525477
18.7164577157
36.3090634003
39.100017106
14.2491669644
28.3372419339
16.0696725821
4.21687406317
30.4149541834
10.0920227132
0.081505748623
1.6677506995
8.48647631419
25.879831789
23.0404427901
11.8950027585
18.4937838887
14.1364679556
20.5046254696
7.8786392258
17.266712752
15.5085600341
36.1482994993
7.34206258183
