13.1377361554
6.82560123109
2.07830296499
45.6300169026
13.7625640785
4.27135986467
16.0374508264
10.0890110591
5.46476744649
8.20182871966
6.52931223048
2.04235782317
5.72782791288
1.04564453134
2.45694303127
27.5589431696
11.5733294714
6.43445637743
7.59879300014
12.0495310054
6.8802873463
3.47325107015
1.22564373323
3.6669028421
7.80332743308
4.2822108696
48.8608251002
9.73811207413
2.4909851127
7.16634539634
3.60456085895
0.113244570926
13.2822521366
34.3475926215
8.39014780449
6.05445085493
4.782873841
21.9301015673
42.4615963388
2.78811089973
2.04437835099
13.2525152436
26.3301114215
4.42647936594
0.709950040553
35.3523542466
6.51585567204
23.8437635069
20.1948493996
65.9671274337
12.3158227408
0.956469528689
5.71521928197
6.828481646
5.31517189179
3.1458105888
13.7597824797
41.4078128864
17.8881597029
15.0782559015
12.3695262226
6.12148540484
36.4013996276
4.98941849645
19.3769554849
4.20767588714
5.29423755294
9.9862784283
23.6505051287
15.5856527402
30.0171980138
63.2051217421
12.1971894237
2.00918850746
28.2562146978
4.60240059275
17.5171285541
6.83659048743
11.215679008
36.793669908
0.804981865885
27.9007771367
71.044823213
27.1970518127
10.7799378627
22.5386729166
5.9649884089
4.68581394088
17.3624816508
4.66100231769
6.38418780865
58.6626408508
48.4798626752
3.41034370359
22.806634746
7.5517798562
5.25175443012
22.4708875926
1.90098284189
8.37964621008
29.3246709735
12.4802523888
34.3207847097
65.5465913038
18.9443818351
3.14697804853
0.38801461371
37.2097484653
23.2008880631
19.2275965564
13.3748609591
7.96240166234
9.73552527946
8.07965278419
13.449352589
11.3769497483
32.526477726
1.07008953847
7.25135696224
1.0414994731
48.315070104
3.03102112216
5.82219578017
10.0198573656
40.8107374895
85.2692776227
1.66443012293
1.55222443502
13.953049752
28.3946801022
17.7339150449
20.5261116805
31.3366669105
0.280201133194
3.2536708401
13.0494187399
9.3178673639
7.9883289524
19.0682023804
22.3150585174
2.64879043354
16.8732261342
29.4792636916
0.0982520016078
2.1933840592
12.41067448
0.610392705349
0.704878874466
22.3293497924
9.5517609495
7.74548324455
91.9849049423
36.0245720287
3.0471291328
13.6102265258
9.40358542649
67.7165333134
1.39891727336
17.2906300288
5.95027179118
29.1367079895
2.94675175073
20.2225017525
17.5175680052
0.688096704268
9.84645252368
23.0909032455
3.10509632835
29.5060876841
19.4299922183
2.18118219286
3.76492912919
20.7405811625
14.3910954404
3.73726478787
5.24232081224
5.88291877237
14.62211488
8.4612204435
9.62513536018
7.3154040201
29.4631254987
4.30486190446
8.45650051833
17.4352711763
7.29900087836
13.5182049425
3.11622038848
6.09997868648
22.2605070922
8.74042169294
38.9780902262
8.04130647989
17.4785149531
2.95146782801
15.6826130356
10.3473266197
5.54822401807
4.08087575063
59.6467246474
4.96231333867
18.5894931622
74.8457802628
12.5162265338
26.8954932732
2.22096591371
38.6283320272
2.9495765424
19.014834806
18.0003913243
24.4228929048
12.0664796594
12.1311496356
0.445604580409
20.1540044498
9.15446515555
20.7531198549
4.01847283802
5.24752513315
33.9716727559
39.7865954385
15.1442041315
10.8420049813
20.093913361
2.47176283952
4.27536048344
13.3436893469
6.38128265
11.6556740136
16.5658320524
21.8117629226
13.4079089889
2.07891567241
5.82626826664
0.941916949016
38.2733140222
2.72060601626
6.54881143974
8.25710184289
0.159666606358
6.11822919222
4.52510049628
1.79922193842
5.24692980248
11.0584333384
4.89052408467
19.4892205433
8.44282171309
35.8460297553
1.2375823335
4.32425116164
8.73441546618
11.010807077
28.2591119226
4.23197824448
34.276819893
42.8654199225
2.2956682689
40.5419537768
3.75493930174
0.437380141611
1.43486884315
2.28986523043
19.3836322065
12.3851653581
15.8508816474
19.2555006012
1.10674414477
9.58013657005
12.6474996457
18.4568488683
1.98377344667
20.8516298518
5.64474309699
0.511083961788
0.50732523156
19.9835877118
2.88974208097
28.5309692101
2.05995559549
2.84610460385
1.31378360418
6.8729985201
59.3946345007
2.18966666717
8.29111365316
36.6772263922
18.9442148854
8.47533195624
5.29940361982
9.08774085307
3.50498297914
2.97860899348
12.2344852723
23.6681015893
11.0760607973
53.5437921249
60.3986137977
1.51146187406
43.3190396772
