9.68539770704
3.22111523934
9.25961115531
24.8335872405
17.6470158775
0.905330233809
9.23698490765
48.6383101881
2.00855396529
14.2018124073
2.18857087916
3.01502550216
20.1327437988
0.309220649955
16.2480854815
33.3634506934
19.592492957
13.605087423
5.93438857237
0.594745748806
24.73495719
27.4086442751
18.8426043722
24.5260936665
12.6399479298
29.9302198082
7.9254122909
4.62414880903
8.68739637636
23.3461689908
12.4671572767
13.6215985686
2.53865515843
5.51317166715
11.5878519817
4.75549458948
4.17931030939
14.1449532003
0.300432754691
0.827277526765
10.5144852929
12.3996840082
15.156833246
12.4509436553
30.0200293377
6.03320928214
12.5273449976
29.8112972411
7.71187905736
21.5717161838
13.0348445886
31.0880412748
16.9131436288
28.4247489656
6.3203399807
6.35877484832
5.28696170674
1.9490123321
10.1392915563
0.390156670058
3.83290323203
3.90728192876
20.0733545421
12.855036295
1.36865382446
70.7645118881
33.1009427739
24.4917743375
1.42548339985
44.9762165578
36.1153491204
8.53044036013
8.35597304338
6.80407358655
4.89581360331
25.0504404876
29.4730062141
4.75252088367
9.63441253609
21.5779829199
23.5610227482
8.95851790998
37.0119079985
4.8924201686
14.2985409168
38.9384640818
16.7696701494
1.07545950377
19.5006091646
15.0490887439
92.8949127454
0.689056602138
5.04220786754
17.1475345159
8.842723097
5.97822004519
15.8123589469
12.5679298274
5.62283305658
19.7916929254
39.4866823375
2.7398432498
12.2593829423
26.5180920099
15.5479448973
7.63996536569
16.2501003861
6.04145581187
59.9810028609
17.0559770789
22.2271477085
20.8526990348
1.12824588588
30.6254956522
14.51654268
6.12679930149
3.00390998899
0.307318726372
4.2565124221
8.18489256914
1.87973506253
17.5094035352
74.9982497719
13.7189906335
5.74245432556
7.22192030209
1.07930903942
12.2947182925
10.4445797816
4.87574868653
36.6840526644
8.73724328065
15.0944079957
0.760491456843
19.6878354783
9.36725093126
1.41299266709
11.7213964838
4.03262765209
20.4312563
23.929988237
2.02270824875
32.4081919853
8.89834201968
3.41884370135
0.436921165808
20.3287124409
27.4569903826
19.3756773453
25.8239792044
24.4424598663
15.0539205157
5.85380407648
2.07889462449
47.231492052
6.14498939854
3.30982117332
12.6952125211
1.71914308657
1.63709368083
5.10214946315
15.2342474829
24.9132552949
22.913897431
31.8427795252
47.7832681574
24.7687175459
12.9245724738
2.30753023512
34.0933041147
19.9742863553
1.08609316513
28.5249898566
1.08958442642
9.58195333884
13.2061708612
7.91926632284
12.4853954158
12.5271941006
15.6422364995
7.51775016671
1.52826096261
18.4750895223
2.10336059908
29.5792906132
13.8121296087
2.79655145345
50.6497087294
10.158313024
45.6611497593
22.1436109791
1.15743451641
42.0452005756
4.22222397572
8.05118589169
8.69813105274
2.47171636007
7.83547723352
23.2604843182
2.72267961679
7.00320433781
8.41427547847
10.3494675385
20.2709708009
20.7821783008
7.83279050458
1.24801487889
10.6496939279
29.8444024446
3.81579126184
12.0595111436
20.5785728723
1.50813921681
5.25711137509
24.3442661098
0.534455607904
9.60016084858
2.07352467376
0.777464871123
14.9232387719
1.18353033469
4.19909866266
61.3205143971
13.0207890808
23.4133575371
29.3222930509
14.7861688027
7.88572217297
0.919211849742
25.2506271786
6.85516029212
1.08993050913
1.19015552377
10.0916671072
21.9503835323
2.22199261558
55.4312942592
22.5920288771
2.51321888846
0.311097407788
30.4502536741
6.53954167212
8.18192848226
8.7656271316
1.21956931405
19.9800961813
13.6538217075
10.7145021975
64.5587769469
8.09778328729
2.92422013112
34.5392154715
6.76804288113
3.13552170178
9.32468647788
8.69119692311
3.1340397396
13.3035622579
36.1868163023
0.861069290421
0.363433150276
32.1104365641
2.35946616612
6.28968428261
6.20126695535
33.4407835561
10.0042405543
3.12079627574
6.0347610308
10.1665731929
2.20139952322
13.9994012086
7.22301986895
23.0736051709
18.047657994
4.46614927967
1.91803442146
8.31041857975
1.0735554516
16.6004201135
19.1908984539
1.60193366071
6.89693094825
26.026403646
4.95324181858
21.4989011695
54.9449546946
6.80325090763
2.5975694063
10.463426392
1.18810736045
14.5127203303
5.12364199456
27.7304453511
24.4760019845
10.4396909079
1.28387223565
36.3689472948
9.88723490454
3.49550582778
