9.47897248073
12.3466454554
0.670463394825
3.54303713492
5.4264204909
31.9098168584
18.4884597346
3.78208526939
45.0260592664
3.84936218261
7.15888983277
10.2432669859
10.6160046632
6.87882871811
0.387703113154
8.83639667479
7.80060686335
1.41241215068
30.111227942
17.4796276358
7.44837218131
8.69775813534
106.341992766
3.04812160638
0.333500556854
25.2033611981
32.1468660552
1.79906209646
3.97770477982
2.70778820749
8.70523172293
10.3156870665
2.14132188299
44.6551573914
7.70562320603
4.89348896311
0.783148123033
33.0439887538
5.56253886917
53.6599740312
14.5233645958
1.92081006876
6.95487085169
4.05659117397
26.4186840018
8.43979313821
10.2116193355
9.3789680885
10.3014542394
8.96850835155
9.48341356729
11.888372803
7.37141756545
12.9091361703
19.837969316
2.96320118645
15.9798734867
18.7727067185
9.7643742191
18.0328648558
15.3280735627
8.94386706122
7.76438723737
16.8211529517
2.59696223903
1.97277280308
7.908148935
2.68222462674
14.9418181437
1.30136594724
14.1141741917
18.1792837518
8.99692459081
8.36385663602
24.4857651041
29.2849522728
5.61154013391
36.3403523231
19.2114367813
35.3449950256
26.5487301485
15.9805705392
3.80779636456
1.4793581518
14.9997937843
15.3553128067
13.8575193195
4.51549779872
17.8256029358
1.00679057225
25.7962634802
0.453745570219
0.336867462154
4.97040425563
6.39703039755
4.61926187464
2.60580579195
0.801747728479
25.9342771507
6.33899432856
13.6771075486
3.00494741874
1.09813531598
6.76642830145
10.8729624714
12.0885930289
48.5289491225
4.19342160678
20.4961884474
0.16208035352
6.84654059547
29.3397141923
8.12095340913
11.1681725064
0.637806013784
6.91189057143
4.92415767726
9.0963943666
4.06283763579
79.1949816029
15.3099865808
10.0579265033
6.44917127025
3.45082504452
3.31944571476
4.47404407191
17.0459814045
13.7009484827
7.79828667552
29.3067649617
18.1320046453
2.23670353842
21.612080207
0.590328972357
9.21730144719
5.66891520237
19.3915758146
10.5885649696
12.327794638
1.07757371518
7.99891207524
20.2521100802
36.6277735469
4.4521311321
14.9814307547
0.884064556287
11.8135375479
3.94737935847
38.561107976
11.0815756721
20.5197470804
16.4455729257
13.1891113977
3.02097403042
20.9749679558
10.8617487895
14.5597188723
22.7475788824
9.05434449109
8.04779838179
8.85347715607
1.84194540734
15.3246556548
3.11204087839
7.03589666995
28.5251281215
10.0445204908
30.1885683303
18.401505298
0.117689146303
10.9762167451
42.9752926248
10.480236107
2.93490260097
8.97871377493
2.85719387118
1.63057968646
6.36539997152
9.33406709883
9.61865005965
0.61293502672
3.64613622038
0.599634749863
7.10891018063
0.448871108196
62.8727330313
83.0398783891
21.686802527
7.41794072511
6.03080347021
8.47591080176
28.3111095326
15.244999669
6.02283240616
11.9781063675
0.490965417816
0.578840282236
14.7001898784
18.0559033714
15.3677081554
14.3092968063
1.23727736538
2.32599714228
8.35401054761
24.2531063172
18.5095776877
21.4404175821
7.69235813352
8.43923233711
39.8654229431
29.1031259389
32.5841331377
29.1238305061
4.06919402519
27.9322071996
11.2738571521
5.40388323142
2.49837926114
37.814370871
0.937256120425
18.6053859373
6.75311613007
17.4861750094
3.19960228276
12.7059783163
16.2913195448
6.74480888895
2.2023950699
0.752514668583
1.67966644824
0.947804894029
7.44547529407
47.7799255571
23.9293607095
12.1138997643
1.77512440756
1.86175943456
21.7926121445
4.8418052446
42.5899862894
7.51236235454
7.53798474389
3.86174408167
18.6210042889
0.495643762744
14.6582064693
9.45795394615
25.2691390144
4.59255927288
19.2084979487
4.12993045907
18.5364074457
4.43817755722
27.5994799299
11.304388149
8.80086824629
31.0374119034
9.61691173345
16.0996952987
30.2982980457
1.58014850622
18.7856170405
5.32423336408
40.1820963982
2.94253880675
8.93374109898
31.6812570732
22.683233106
10.3698703123
23.6568422295
19.7751182152
6.04698567015
8.71977576142
7.87319516063
8.56871787233
1.07757293714
8.87097957244
18.6549267651
8.36806644914
52.7177875001
12.1944115081
25.5477314941
0.375332830539
12.1117621947
10.9333744156
6.5968517981
0.186847774347
19.4400960099
8.27670917562
2.73054505116
5.13854995518
5.54572544277
7.36172046349
45.6999952743
15.3239660443
1.39150677305
0.768780907326
5.65147797307
19.1717187329
0.512392708103
