5.18142634097
8.73921458439
29.4046143807
9.79782588656
0.718332850294
2.62183866008
0.0485247579906
10.325564692
27.6984132895
12.5890903413
3.49993213684
2.5520076697
16.6850384865
23.0946753412
11.2523479789
4.13231348536
16.5459641268
1.18240298657
3.43414558254
44.9481376897
5.0872781031
10.2512516413
3.16964772751
25.4149494313
15.4173138595
21.4799709034
30.5766597184
20.2705864255
7.76435306378
45.0951320779
0.962530172145
14.9936666229
19.8344265022
48.8071400156
1.10967753758
20.4108662395
18.6287781827
9.50516397255
8.4526344477
2.40636048538
13.7941770906
8.2786588696
7.23847340898
2.76873396953
1.14383017868
16.4716191769
86.1939934637
15.4435141941
23.5111449206
7.47885420016
24.4870241604
4.76730195674
4.04652356229
0.729039302004
45.4656421976
6.12242319502
29.483046969
19.5952534666
2.83197457987
21.5618492491
16.1444009504
1.46934922463
12.5875353242
2.68083636276
13.5212373168
6.97315068436
1.14192277535
10.3019789868
22.1082051242
18.1657667703
3.6204594844
7.7961994411
17.0699800554
19.6531803749
5.04682490766
19.6725972696
9.05387198535
6.76166056143
9.86906063339
1.41545158415
18.0747019633
25.8297256712
7.64613345975
0.324781600635
5.77463465253
4.78471969245
0.864129281741
6.58949598382
0.525829942984
21.4850629748
9.33783171144
4.2256279919
4.95212834033
5.94058379487
2.01853494418
28.0423179058
16.8227818546
0.658092463695
0.983689459865
2.72793182814
16.4064725277
0.874634951591
13.4063095674
6.51704325216
17.2888202618
16.331702826
0.564465241544
5.29196582717
5.57564207703
15.7154580698
16.6353950889
6.66283000552
26.7850532806
11.5415230357
8.18052497314
5.59231635155
6.49166297307
13.7642761599
19.0900623078
6.71696475032
28.2673195144
45.3083169556
107.632233622
6.73965454213
1.08904649053
6.20771916006
38.9293582642
1.42647711009
16.794203573
5.38472186602
66.6485518098
1.60092746697
20.8764907107
60.6767994928
2.64058578433
1.54451423168
6.7081050519
0.068750778239
13.5846408099
15.3386575896
37.9498330152
15.0380222322
11.5690771518
8.34701296183
5.75735073471
15.2712347036
1.35816904717
0.0681709304004
11.6554995915
22.43823832
7.67924110471
25.0138032247
2.84104359177
18.4831932575
21.5447802547
20.5387329919
10.5272406646
3.32506423949
22.9897536256
8.9006607542
4.87802814074
10.4035179163
0.801306037282
5.18905740507
28.0344660063
7.96282779723
10.6199306781
31.0564436013
27.3296104858
13.284412696
25.3249270345
2.95006453021
34.2534496579
1.55868816319
8.35421144534
25.1765809686
15.9442830477
17.3314777436
3.33631293348
5.67447808423
26.8376461399
16.3492498999
25.4733341646
18.8897148327
30.1572810637
13.0877620489
13.8560864743
22.8649440741
4.69605571406
38.0802956461
14.3080684603
20.3227873686
21.7723931722
4.27226915356
2.71766637325
15.2740431172
42.7671218225
13.8777830207
8.369694718
5.66547381551
36.2559822207
4.92392600473
11.392510572
22.8977052627
8.5903956782
26.8094962932
19.4868848139
15.6315997315
1.11338205547
0.956643576815
16.8463882669
15.4030478831
16.36826647
17.2628212658
13.0389204118
10.5461301859
28.4146053665
12.8687283055
20.4016595822
11.5461812362
21.5347894781
6.28110280938
12.769667947
4.77754875602
8.20007491805
1.58240124919
37.3329239798
3.61165832394
11.0359079345
18.1033790014
11.2644371611
24.1832607965
5.71288287338
14.9806618661
29.1933021205
17.5902879504
0.403361659584
30.3137683796
38.1725494228
8.04573096604
18.0941645455
13.1163081816
4.73727171861
23.8910002517
20.7160671391
0.837079545071
11.6262885402
13.587628267
9.01492680042
5.01990970609
0.77650230172
2.10173737622
11.8503877885
15.6758765766
0.21774325701
25.9161223232
17.6402352388
9.43547504565
12.4968414551
60.9397788964
38.0107207905
21.2225936127
46.921837895
65.363568583
35.1743556967
1.03473052331
56.9850334107
12.4058049397
11.1968379296
9.3391330522
5.57184503764
17.3668466
4.67372121637
15.803456072
7.66982313206
7.93414236035
5.95664417302
4.18454874604
1.14972666213
15.714883544
12.1848886869
10.2687854865
25.318803318
5.92146441404
39.471526829
2.62208101153
11.1418815348
29.9713430995
6.0351970668
4.97765300284
6.22019293523
5.59820209252
1.90406774991
18.7965071209
0.711317817327
21.6647308641
2.53006127675
1.47384659105
10.0098592806
17.8019860206
