47.4656318606
1.12039049993
5.27009839079
6.15325098434
3.40451878951
13.54013657
0.735087456159
5.06997047734
2.6416124357
4.20945324847
4.17158686405
14.2819427704
11.8011486186
5.33234318499
0.296129122878
6.20391573905
10.052823183
31.6146914064
21.658823883
8.10585777889
0.285783059652
17.9053421088
8.06580000811
5.13852231572
19.4971724684
18.3994567368
48.7444214833
60.6101679087
16.3151077763
3.11132911129
45.6249882464
7.15990735813
17.1331419194
19.298256512
27.850488598
11.205875512
12.6521383009
16.1311255861
17.801478647
3.70423424882
13.2239937185
2.52278680488
0.171849033906
4.49726730066
2.72717996813
2.86948869765
3.44335747745
2.31543194943
2.83202520193
8.33322119824
6.60075354583
4.56050400592
42.9270602446
27.7184807219
10.6714595636
29.6732294734
13.0466860797
0.445664096367
12.096485095
11.3077137114
8.2550929492
10.2899364989
7.43211149968
1.78216081579
3.36529524491
82.0467775015
16.5560100716
11.5267895274
29.6798389706
46.5661768592
16.9579573674
18.3797530365
7.3713136253
33.6134682147
3.11394286256
11.7663560294
31.9073620832
8.29659557114
0.438771251029
10.9658013189
1.47697854421
11.9491710716
0.272098563611
11.63289118
21.9607735082
0.544948737788
2.33806443947
17.7860348939
4.882805062
5.20285021364
5.17644968302
12.8803204934
7.88884176328
5.21543711734
9.8128235707
37.9287330314
13.7564554456
16.2027338305
3.52877480934
10.8172194375
21.5522733289
22.2834240648
18.7096447733
76.119323336
1.14460254737
9.32094264394
44.7378028231
6.0409899837
1.52820164016
1.97938459739
2.69663632096
2.8163327112
1.0124891979
12.0980428128
17.1331972559
7.32378772236
2.86251004133
3.37791997723
13.6652396323
2.93657488308
14.1763043496
24.7419489727
36.6371386794
29.4696486619
6.54621214146
20.4728106751
16.3472767006
3.27142605198
0.630912360394
7.64060171344
1.48577093765
2.41025763885
8.42980962224
7.52815751116
5.34342544515
2.88579942839
7.15607836581
26.7365817245
7.30464139493
32.7966607709
16.72409529
14.277303347
4.05136237036
12.1606767918
8.4217468554
8.99003131433
33.2495304789
0.525913831693
4.45916963277
22.7017856986
9.6515520254
50.9478719625
4.9089381697
16.4144109057
1.32536250853
8.50215699011
53.3766428575
27.5342121781
4.46008988025
21.2433944199
44.9914126474
23.5200081516
8.3422045783
7.16583966542
4.24822249571
3.84571923613
26.8357702663
28.2686172639
10.365799361
4.75934089386
53.0917769456
14.0234960858
2.47449026116
5.70915841081
8.03577899468
29.4460498847
1.56027078565
8.73154418168
4.50007109402
31.072344294
11.2210096182
1.6973558433
34.3488471855
8.0759958449
29.8767516641
0.946172617137
2.46110248283
11.5150624402
11.9774200041
18.9554452402
0.606885454608
21.3057410101
68.1218813798
8.88127785877
47.6321127404
4.83875105571
0.667608247691
6.67188052981
20.3651089129
24.5433729667
0.79726584808
2.2476515302
8.51247290642
1.1115907042
11.1823696184
11.0135552389
1.24885533588
3.73954118189
26.6308462707
0.107939135203
27.9173937534
1.79836472172
1.95551981727
49.3181063322
4.43572263547
12.0994182233
0.999339416957
3.07886760401
23.8270464046
48.1039252637
31.1974646762
9.94154180054
4.39938147581
0.7653431416
37.6359550241
16.403974385
81.6964359584
22.475157437
34.6298337455
12.1467297806
35.3829995717
19.0458566781
15.9589142083
9.07599617373
7.39078044484
80.3486353197
33.9948920639
74.5227802662
7.7342394849
22.2019209127
2.96406145584
1.39457074498
51.8842958609
5.44591165182
2.11540956007
10.5853025321
6.78298306292
1.24644334117
8.5594151652
3.59189662591
0.8070873487
43.7021732078
3.66232906661
6.26472170515
2.29328100962
22.8937510954
14.170621856
15.5315428546
10.1224612045
0.797547593981
20.560770956
14.0577450509
1.69967812462
4.90928214819
47.542644711
2.15928350256
3.45663649769
9.57122910704
0.91368435982
26.9494249093
0.195508041312
10.0407405813
3.76903266143
34.0910252195
13.9796332812
23.094532058
18.8657863723
35.6963079239
3.01285490015
4.49632785834
4.79371739614
41.7174203953
4.98393200253
17.4940733959
1.32922227136
5.18905988057
12.5127248724
30.4552089794
0.658372244447
3.88102339303
8.87790967226
55.0398933975
6.68900923106
10.1165928684
3.09033632021
9.05398029485
6.96361457153
18.9393509998
5.32895670275
9.49399248364
