20.2598837312
8.84031044577
2.18106534203
16.2453912744
25.2307103463
20.9979827832
7.53648283617
44.2152006728
23.7018860849
19.4936127025
61.960625778
12.8876303488
0.694863431297
13.4484940961
4.1243506344
10.4769857258
10.376206446
8.31223520991
14.4309632
2.65073530647
14.8888155223
14.6621099446
0.85431491401
54.3344662823
3.39869173336
11.6339853491
30.8335361339
2.21910624094
3.33642140447
5.45055576562
2.15922786734
11.0515521931
7.44779434165
26.2410303538
86.8993269077
84.0610644874
1.2955223435
11.4593406043
18.0575469322
15.1312608735
11.9166932102
5.5020581245
9.31128895676
2.25281418535
24.3660674834
6.34502237498
9.53636709979
11.0858786113
0.927257236582
26.3493665526
21.9396917087
18.1301607938
4.99384736153
8.02342093563
2.33496644329
38.5369093447
10.9589174039
41.9613069373
2.47993952358
40.3633773119
21.7621275038
8.60793872189
13.5796072804
15.784227409
6.34763619285
21.0790826716
26.3961357836
7.19002149901
11.6361935947
56.0940100299
12.4916867465
11.1014463246
9.52666352473
0.242607701862
2.34083209545
19.0339464655
2.7052780309
2.55770367015
6.09308335333
47.3416833337
12.9651609973
0.0147224889117
5.72918727547
8.98733580515
1.80012404739
3.42444572688
76.4765346847
8.23966888355
13.7149698225
16.0221061061
8.07566543312
2.07704821173
14.0526429222
22.0853361019
18.354423774
5.48472838384
21.2098549142
5.50573898539
28.4134470284
4.40397946795
36.9887565119
2.26190718428
5.61378165693
24.258821708
9.9821725593
3.08527538425
2.10401547103
8.72295893919
4.5623753027
61.861499083
1.12074828655
4.89730222599
47.7339327261
6.41920799823
14.1376405485
7.6610469187
39.1726469467
10.2336016944
5.58110151948
16.3715497219
13.0332315253
4.81534234783
30.9791544012
1.7501375313
7.10533013272
5.94977293105
32.6661386282
1.09643982144
28.455333818
6.34221818268
52.0419506622
42.9962189702
4.55774896654
4.73981453888
8.2902770463
55.6747092845
0.26361253976
16.2092353088
17.402347772
6.54091018216
10.2140512322
7.68865170804
63.7714808081
25.5220655724
3.74816249102
3.77737661576
0.837277693623
11.0843062747
0.364322082265
0.65184387043
29.4352457068
10.2940034183
15.3793846201
26.3719077279
1.26202287929
1.90722855171
0.794313873601
5.2272882698
12.3935371797
1.5684999431
2.64360220956
44.920840916
16.4776601613
7.36859295285
0.870646329945
15.9739713725
0.276750965941
31.5451578528
15.7876271679
7.28052663948
9.81695050113
13.4950244303
4.9508766971
13.3487022993
4.49010796413
31.8628465365
8.69657823225
21.3246679148
13.9391395904
42.3214389271
37.380379897
71.5433905435
1.14930925517
32.5845371592
18.91953192
32.1878493661
35.3261580708
2.58995014388
8.34297286303
3.59334085125
23.5430641212
3.32464389412
38.4242962613
18.1896812039
14.6046650875
11.2606305356
16.2546973898
11.7085238044
4.12099065325
2.05570552433
12.2435829186
3.37069671014
9.56510508865
9.65463739029
15.7295500202
3.98689354966
5.99725673944
1.69198327021
4.37809875496
4.28385454831
14.4101615636
9.17122900722
1.95295162248
26.0025545281
25.1900971896
6.71208184771
16.7005884025
11.7061928727
23.8509189789
6.56365077924
11.8250068257
23.5328249924
23.7704477056
50.5028572224
1.17152415246
12.7448788132
1.35861114023
3.3116694557
12.9414434602
6.19000328198
1.89078960728
49.3889524612
2.69444831894
3.15400423519
7.19057335436
23.3312369505
28.9688007383
4.54343734603
11.5181224483
22.8508504718
37.9659481701
4.74231674995
18.8839022149
7.5468255281
4.14100481919
0.840394547713
1.78418047533
45.9961738546
54.0632962858
25.4186352429
7.55216069306
11.0703826205
13.5238146581
8.39828813154
1.11322585385
13.4890655125
18.7348457749
17.1776398827
3.72683178328
5.48205422967
3.10916457118
54.3583561181
6.04516091808
1.49169579236
17.9882562569
2.86104720817
6.50472753623
2.18232753659
5.90862402078
5.60898981565
7.51087513157
3.7919280529
19.1981489184
14.0974194443
7.62443518661
34.1176714804
10.5890353689
29.96170858
25.6619083094
2.49260446563
10.0930564147
15.2473714424
23.7776221971
43.257992917
16.7934056803
5.3971962961
4.79288818744
13.5708587861
54.7919652812
10.9885436862
0.989341294796
99.7029562627
2.01002979614
11.6882233615
5.89353987301
15.3674574886
3.56858514904
7.77968567417
14.1099059278
11.8405819554
