12.5447138771
3.23711934065
12.7039905382
62.7783240569
34.1894171413
2.60602631792
18.5922608881
11.2586992973
0.846791821129
16.5523539119
31.730144032
11.9610898845
1.58157891011
71.5466072303
9.30279294421
24.5434016822
15.461262093
28.1626243791
14.1947766579
5.22342111113
9.93429384781
18.6667743682
25.5479121049
56.7237553051
9.41874955092
5.88628753923
5.93404498177
14.280752461
8.17176724854
2.49849943931
0.638603497076
24.8745310457
7.16940526379
14.7056704129
24.8958256852
4.11359957623
5.00497078735
4.81881823085
13.5043923824
2.33561131639
57.0253762735
8.77645098488
24.0424185067
0.246944775895
0.439559901431
1.20834233641
17.8296762469
1.92136081796
28.3715356241
1.14617344695
7.58794380168
7.21688607982
12.7144731333
21.1246679261
11.230528689
2.8994455736
8.66480331335
8.8053558477
6.75844236637
26.3176462823
7.63136071431
2.13563384111
6.54773651312
13.0203416768
47.3740797177
28.9706334612
34.5928639055
6.95691705936
8.48848371151
2.37312061332
0.111858678796
6.98394537035
4.19843209732
15.3189014315
10.9681963252
9.03627442483
10.7229987891
13.2184178642
5.4413873832
2.48164790705
1.31798927056
40.4301964609
40.8385695364
7.26180554854
6.23879050356
19.2424256176
14.5599829701
2.56628366278
32.2537063476
19.7249736522
17.7888932821
1.49022087622
21.1409551941
0.694204923237
37.9161835341
11.1468029663
8.46655325339
24.2023569922
7.12797504526
36.406051816
10.8157187101
12.632531613
3.00301311719
0.0655049217026
49.8848247804
11.2604311386
0.436694738802
2.83414627269
45.1828996908
1.25450443122
1.2334249895
14.6759066376
3.68673291383
2.85229550014
1.57063857382
22.7135044918
40.4271472381
11.5169233879
0.519208951986
0.746451990332
0.698176385621
27.3026401467
20.6656645478
16.8250738316
12.4587284582
4.76442723762
11.7933608869
13.9346638593
2.16399644859
1.49460960747
28.8342036047
26.9713941266
39.7976934982
10.7615770803
6.55397489944
22.0515050517
1.03983049197
27.896454874
17.1339161293
118.146911306
28.1746774682
14.0757050895
5.68499636476
0.474322520527
3.34081948679
9.93557451854
3.49571721869
17.5820487728
0.056581161596
6.7632026366
39.4327160446
5.05397017484
7.42050140519
0.0398670824876
10.3754116293
9.94265126509
3.90548571387
58.6932156716
15.1866415809
2.20871829485
1.46221247298
0.700181678111
7.35466402108
4.46390928262
19.267832796
18.3526205991
8.06555506547
33.4814756937
2.68951105645
18.0930859008
8.98543173386
5.11481577866
0.283723048153
16.6117385899
0.465875657395
4.28982976734
16.3178969053
79.4892591311
37.3452525572
10.9042813852
27.1810815773
3.71907416425
1.99764088712
13.2640079676
5.52154046402
8.37427128179
3.96309202074
19.7376564469
30.6195564534
2.26070257546
10.0172617258
3.44066587737
20.4791880589
28.8002254961
6.67878536832
70.139876064
25.2161848897
46.3420350619
6.60371746549
2.51455791043
12.0031490297
4.14280944596
12.0236763683
7.71472977568
9.00810082206
20.2656858615
3.85857492755
1.01333737804
17.0053398559
17.06425802
2.47284095813
12.4983290144
4.95524297121
5.45275491664
7.29111838441
3.49924526021
16.954378001
15.8563253522
8.36144376332
30.0039301015
16.1739028584
14.783215975
8.81764185747
1.8219317197
0.710534660539
31.7529379267
1.02109785287
20.2690235767
7.51270535061
2.67279096649
19.4158158454
74.0045880436
7.90049904647
24.6621550262
10.1127901297
23.1825951423
11.8936705127
16.6189247086
62.372912443
6.66417617897
6.41483891601
1.01642641363
1.40035960091
2.3641033202
8.22412206311
21.3710690654
25.7573307261
3.85833103206
3.08766991824
0.0817974154973
0.623731552642
14.8218392896
27.9433397625
0.53179415501
0.190769741187
7.97327332191
2.85927584315
19.2195706557
8.74518883662
7.4987686757
23.2284708063
16.6609461774
8.10068003437
23.1383799256
7.98779430749
8.70075564749
27.1972041683
3.24720859693
3.93274169894
1.98199947113
11.8708697041
62.5874416865
17.0785382318
25.30116307
1.70801899336
12.7493251611
21.4403575922
9.25581408932
18.0964517981
24.1956873695
8.04697106418
1.68759267066
26.3228527171
0.999152313535
3.60537871246
1.77679580821
11.5164996754
5.68745994493
0.343972128198
33.0206090159
6.08948230596
40.7060615351
23.2444937503
86.9806839053
13.386811815
12.0946559478
6.78893628856
14.3855186078
4.78324119186
42.6900111685
