11.218529063
27.9664978288
30.3202355886
9.55818264467
3.66116508952
10.5488798315
25.0301870589
7.64377961465
0.331453163449
0.319034323938
14.3694433331
17.7779714565
11.9088901528
26.8092834043
8.27649218088
25.5319189102
1.03736361187
32.2654368462
86.1730712909
9.48847009526
1.13235845211
3.36570565957
5.98929240875
16.5159080466
14.4635890603
19.6802116843
3.2420976645
2.91902074509
2.86218488421
16.2394218827
1.14680048041
28.6984066929
5.72446825716
12.0277441534
13.0772139353
14.1426456107
0.449108157553
1.26604847362
37.2756409937
9.84266759759
3.20203597369
3.73401968551
17.8381969079
6.44246951703
5.55798728512
5.69097270813
5.11488315543
32.9569154241
3.54462266461
1.83853249139
7.49109493091
1.63979890659
17.8597031412
93.6330211075
20.3203228957
23.1234603397
9.32481429804
16.4744482676
27.3612999987
2.35605827156
59.6726695034
1.5876390205
3.14273545274
3.72878645498
28.1314541405
23.0211060115
15.4990241521
20.1012253389
12.5066776093
7.9724842674
14.867904838
0.306700490903
7.53416196368
19.3607314333
0.670303868646
14.284239688
5.37672512962
1.52287704538
14.1539993398
59.4387442761
8.49922347245
21.5501437293
5.25522451841
63.7917181338
3.36626671762
1.99176891993
3.47772671104
0.234765217799
3.14317923209
36.5895392025
4.04932332619
15.4230711988
0.142043454901
6.17913314568
68.3795504679
12.3761312631
0.262802307344
24.681429174
1.17144934598
8.43339507267
9.836871435
6.69584897395
2.64081268442
21.7444970168
37.8696133132
13.3031528145
5.82638839972
4.13844527221
11.7027521873
30.4517102154
3.47480055119
6.43207869678
2.48509247553
37.0365044058
18.0384687356
0.357115633488
25.9078354992
2.59844829065
25.9184803678
12.8095127173
0.80691454631
23.0805216263
18.2311572159
3.69646119753
35.520631299
39.1142204183
15.6725446907
9.46205345526
10.6487594173
51.7227467023
6.98440837898
38.4367059518
24.6881119749
25.3084039728
16.9512600274
39.7445262186
13.974213088
0.521103403489
18.6828740362
4.03612365593
14.9261075284
21.2883610255
12.0689380308
8.55255753563
8.22474694005
2.50656404497
20.0420121
13.0964657213
6.86735586944
9.18389154301
22.3544266615
10.6686651271
43.0459079743
0.202198466245
7.06157520314
37.0883582853
26.6522715752
6.08065720713
14.1650917071
12.9165460631
5.90288957734
31.9502363798
7.50203146642
18.7850218284
1.26947045445
12.0915579966
3.1071154496
16.9195601391
8.24014725408
7.32371684053
28.6192462345
29.3082693914
14.8020602559
55.2777417674
4.77253648816
2.90273379104
3.02094908865
3.46894750073
5.41087848746
1.20191444099
0.828252108316
11.9836420322
22.1914488936
1.48503922101
13.8908487139
22.4644595909
1.94226057222
23.6235663886
4.02969616354
26.2371591154
13.4747286082
13.5087987923
8.51601634727
17.5650833982
1.44441538911
6.04621677426
22.4547998905
16.7197027657
8.59121970538
34.7129388698
1.09383178106
9.80497826093
4.29146618255
10.4300911316
39.5087509049
5.88025005413
2.24232440797
5.51269137789
1.22663242791
9.95019215106
1.97059593066
54.8457885478
45.4648961746
1.10648271652
12.655075392
2.76667392863
2.51958401699
6.63698277683
1.50281376795
54.4348464543
7.88715141576
59.5248874073
25.2678631952
24.821204385
21.5656643343
18.1421014338
5.2684335236
10.8637671062
4.42553025071
4.84205418385
3.11376485402
3.3010632818
36.1223683486
43.0246973609
21.0470070554
13.8141749951
46.7534023579
0.648055224913
25.1216978934
10.5183057289
0.406691241116
7.10969428844
0.747495518231
5.23252684586
10.8950955758
10.1553738645
20.2447333186
19.0108510935
15.8849581459
0.000955372395701
4.36820978521
54.0872542792
4.66494279983
5.0482234677
0.392353837803
4.41470661639
4.36796119185
11.7794019337
10.0727415593
5.93941885325
30.6055489079
0.890713332698
9.35862622438
28.9437789822
1.44385874849
35.1209017783
6.91361942808
8.52134648325
45.3193856832
2.33206064241
1.51926975811
18.1408181471
29.598809704
25.2118183628
0.693261281507
8.90963444267
10.3989918404
16.4278680488
24.5130222343
6.85338044647
7.97529778042
30.7253231746
6.23037860818
12.7545565523
0.380584967922
9.07960516539
1.89553829583
2.6713698384
16.0764837363
13.5526580009
10.3800036019
39.2804854512
4.93017472912
11.153881887
1.22296012873
4.25962185424
11.1668598631
11.2791240795
9.56365245521
1.39057426471
