29.9082978203
9.56369479394
1.59916019319
13.0005106471
13.605610487
29.3265254012
11.9403380126
13.7908195615
32.4145213318
13.7792791189
2.60859306693
5.85949106585
9.85202373397
7.9186926853
35.3826006559
17.9897190733
17.6348936674
28.5562989522
5.62829025502
19.385569109
5.64506556888
5.62393172114
11.2294165238
6.70655399009
5.15680742508
28.3130314911
11.1669810363
57.4059902717
13.6042691509
18.8081871608
9.01797308494
2.70965439919
14.7670429777
35.4560445541
5.10661808326
1.27733216462
0.655147475059
23.9176200551
11.0014583878
6.73943276748
10.0838674728
15.0490783123
65.1691598081
9.21302587705
1.13363418541
0.898858440018
4.68644911197
4.96780138185
13.3980468532
9.56845107811
2.48388616823
11.225595077
6.63314263435
55.4995941667
0.126569447825
0.868731694971
14.6634100888
7.30928460844
7.6142613388
3.32442919686
25.3396558566
17.676030572
11.1167866301
5.34542087026
9.83854617849
1.34741601144
6.619651391
30.5245254512
24.4677702958
2.29071754546
9.57151741488
22.337225441
0.0648428633629
3.95000332304
24.6009917082
4.91837890526
2.71193919399
49.9289672862
45.5041778474
12.6233325723
1.98266271762
2.97832886084
10.0370176701
19.1166304741
26.0269756436
6.44943130004
27.7070938678
2.99559055695
17.4293600916
13.7795620945
16.2302049172
27.717839687
22.9290971929
11.0288215797
2.48970146043
4.61823702143
26.5647181448
25.8044642729
37.6771745314
14.2865406864
26.354743142
3.45467885555
0.827701415516
0.566291625509
2.66037600765
2.62942547673
14.7542615078
0.737557303781
12.5838399517
9.00788822211
5.12725258075
16.835577257
3.1924981436
52.521167337
2.48177621435
2.61956425699
3.52981186009
7.82379043251
11.5202895641
4.5579624887
1.846377893
12.0165355031
28.6728445086
15.9746728225
6.84309016253
3.58867996934
34.2770791419
21.6827622311
16.6703867746
12.2208946942
22.0114799463
12.4904018134
16.000465216
7.13431140757
16.0999668406
32.1433450062
0.0654829348932
2.69247203454
55.8963061699
5.23872113363
2.30845676846
5.01950841075
3.4157669336
5.08320066007
0.8867101028
19.8753898831
31.4266434099
24.0245557162
10.9358463522
10.9618570598
2.34397323385
11.3222594516
16.9055198907
7.63195681076
29.1339182984
9.91044277219
11.7120009461
3.16803340325
13.2846835083
7.99713720117
7.83662424784
20.4689447436
75.5054928297
16.2038294187
22.6222369424
12.9574662929
14.3530587831
18.1266581212
23.3979698004
9.22979955442
20.491344459
21.5174951872
7.68718766569
14.7432119332
1.23108231197
15.3336165376
10.8407816285
5.58494508539
7.60857379529
33.8849605095
6.32961004097
12.1693675564
3.05141576984
7.58695791479
3.58703920524
29.3501146375
0.746964151248
9.00561302659
43.5851213929
4.49731803079
6.43639987312
5.20915296257
47.340784497
15.1983357425
6.14957139858
5.95390824912
19.3991834434
16.1325159742
1.51908883527
29.3299572626
23.2582498116
4.19576832867
49.3594871245
2.81824131824
41.0528479139
4.20508434364
12.698126391
3.02532677185
39.2125486466
11.0638152136
5.88999565284
17.0955738953
7.06243960199
24.4685708524
1.29949942175
2.68208387136
9.69147149695
4.66866287185
6.56243806859
3.56730435181
0.905370555282
59.9313965292
25.9171627961
4.02465896981
7.01718530978
11.5723891848
5.31261616487
35.7274839937
10.8518520458
17.2211361729
3.72196342362
5.7378542448
19.3138859297
30.0610411863
50.8275088462
16.3162352757
0.295871591092
33.8577277206
15.4641404441
28.5163837863
89.8399531433
34.9352830767
87.7177393742
15.4267679348
6.84484140057
26.5322461106
33.4133434685
15.211973331
4.45667073418
26.8000564421
24.1320005429
6.69849510139
19.3212892232
0.503759703136
66.5481348674
4.59303375687
32.2705470335
5.01802782733
13.8932779152
19.5817297418
18.6781400153
3.62882140641
14.9760570708
28.6685672537
20.2663910056
69.8762094331
0.344792752584
14.5666246058
1.14053414227
3.92501486344
18.0956524726
23.5247683872
25.7348343539
26.1604033631
13.3715144313
24.1199522144
5.48335267198
38.8852520513
0.671501682488
58.2220429713
6.06006716656
11.0188304327
25.8058256142
19.5526472113
0.604295274537
25.835183658
10.9297072725
14.6008172043
1.49527788177
14.2677561246
28.0933241595
1.28659506474
18.9204249936
8.02796095749
6.12635201705
3.86507883862
7.42211764666
7.86460746756
4.76990839474
12.1173624824
