0.869572336984
19.8695795016
7.57561397571
18.630644395
3.56429111186
19.4976830023
36.6542688936
7.79047631332
4.80006079792
14.697280931
5.86023246842
11.7370249078
40.523533145
15.1996046113
32.3583363086
0.428926599214
11.3961402739
4.91086531361
15.4866672729
43.3351326435
3.14960612948
5.58703006406
12.6183377517
1.74736988402
82.9338392597
7.65095092934
63.1915541661
6.80796203689
4.82224254339
3.69494392697
8.07409719367
5.43937657468
17.902350837
0.00536930007148
15.6938172682
54.3500791421
35.0726489166
33.3655575731
8.81182783197
10.5768698636
41.0446560501
0.980302928642
12.106231156
2.35905463396
51.2525397454
4.24300758844
5.20954169508
13.6465155675
17.4046637791
0.567044176931
1.76191670316
4.30981361634
55.6724208614
25.685878218
39.5528902981
1.89808108031
19.5021287981
3.15320281293
1.02599117044
9.17093879268
16.370541047
6.82476772797
4.19230620128
30.8828325169
1.51500210237
33.7523952162
12.7422677986
8.70002760611
13.3358407521
3.69753706859
12.102079838
35.4319179094
13.1678546913
10.4228456056
19.271847901
1.44786628601
26.3296213233
4.57021541397
20.9693795094
13.2262752066
16.2098401266
6.19001486301
1.40329287304
15.4048839255
7.06968512791
19.5251940171
1.23200059821
26.0855454679
4.50186935017
27.1794459773
21.3055684366
44.0030027772
19.0943584061
5.67328564462
25.9375741015
0.116326042819
5.16457331531
28.0992271161
18.9417742731
51.4374736067
16.4505027996
15.8915871888
46.221907967
6.64239853661
38.8989013143
31.9614775835
10.8576094282
3.76402532134
38.0506267659
35.219838911
21.5099410923
23.4255309821
12.5449306923
31.2639535746
2.83782972837
10.0430469647
8.22960572651
5.01919139146
1.48744030579
26.9838497622
6.26036872804
25.7210903797
7.73109454055
3.96017987517
5.19469684858
7.16383416972
26.0075941943
10.00695875
71.5928866981
9.16229112555
1.5453507298
52.0021188638
1.87677131514
21.779525443
16.9712189691
36.8620977985
12.4101959542
5.29849921633
3.55857007572
45.5853193084
7.58575121775
9.368747321
2.80264397839
51.9201718403
8.45905551365
5.70766603787
31.7438180213
10.2520950996
19.4110148264
14.0625126801
1.64075987112
0.0762072658479
5.71061873515
18.1278700692
8.64561659916
2.74725527792
12.7333634788
14.1328045265
19.4998893717
13.8359530229
3.87609208334
12.601158307
11.2332795784
10.8762483372
15.2839097487
7.11726377966
26.5977570001
11.1739082306
2.96381024434
23.4256155391
7.05741235776
7.50553843901
2.97473809692
13.660700412
2.46550373271
30.0292663211
27.2915772981
3.50729784691
5.22535184846
4.27088971974
3.49723804272
22.4869758356
5.53605829515
3.52943406107
0.152974605649
7.51656509424
0.519213299279
54.8143884775
6.11590387863
21.7376428038
12.5725496441
14.8873811417
5.04560014412
8.83877001168
21.2981623197
19.4919150814
7.43479675769
39.5035020403
9.7515757543
2.2208928944
12.2632052665
31.4726638067
11.915258816
0.352681450858
15.1103604275
6.28905535257
18.0131308646
30.2827447148
6.13730717104
12.1721637733
65.9019930591
5.37002753387
5.46727521072
56.4074365889
0.00846889263221
8.583003086
7.29028656686
24.3815967998
25.176308025
2.00884702572
6.40530190964
9.74656431529
8.25847800945
19.1031988347
0.535477368416
1.40633978232
12.7160749269
10.1941545848
7.93545337428
1.61831235968
9.89688587212
28.6280867942
4.79966204867
4.09013289864
1.87345458924
33.97503273
1.24520867415
11.3530019058
4.65188234816
16.7974460795
20.5854267027
59.9177134565
2.25981937715
15.4128247046
1.25695817244
25.9511307133
4.75715325878
20.0353095563
3.58226609078
25.3318965363
1.44778650816
14.856503498
1.24423779246
4.2039748068
6.81619253489
11.8817978136
0.223174433929
2.11246825896
2.51767886015
2.58168071241
3.56570473238
19.6442505872
8.52452450549
0.350514760435
3.95818927536
8.73678453686
9.20421533194
19.4679841552
26.4231898669
18.27904686
4.77115887939
6.76681529279
0.927035562279
4.54405318899
42.1413878652
13.0512549347
1.57742687822
8.73252181376
22.8487696137
16.8837994198
1.44524414217
0.766028437968
39.5714933808
31.598641693
27.3584441166
26.6364291571
17.116971888
3.47198108972
8.8394806213
0.819959043668
0.183267292773
15.4952306754
37.6433742743
14.5905714298
28.789876589
42.048816049
0.259741170507
14.9217224439
4.36872311291
44.7365021516
