6.47950701594
10.9578090952
41.9859059662
33.8125194322
0.51334650451
17.0809393801
22.1096682918
8.23275709809
13.9858112054
37.6614900743
7.1884430273
26.0382672044
31.7374231072
9.60141429933
12.0201365508
30.7638438005
0.786537071072
0.691003221759
16.0486762285
7.37178490497
63.1324097003
8.95743941484
1.13807928954
9.89755334438
37.2180257801
1.37075894017
3.90983188601
0.397677038364
27.0637593606
3.36131976048
13.9906514733
8.4473943388
2.8899315147
1.91931300262
16.0865771073
37.3999701271
1.47331658975
7.90145954142
5.70960344927
7.18116808845
12.9357627791
4.74156478313
3.55416232218
36.460821997
23.9058310701
7.15112922832
3.68816971601
28.389050503
4.82236109165
15.1525584542
21.394035634
2.87325212129
20.7975260135
15.214665671
22.8946850812
0.206337049004
6.92874664517
1.89134420719
9.65573340857
18.6594614845
0.0849095820548
0.577125567475
19.4034388557
2.47617977194
23.2936609057
17.7753046048
18.1962908701
4.02946701089
4.90640806481
16.1290458217
7.93016781577
1.50379481058
2.02386293997
0.306128616203
62.7454882465
2.29531216385
7.01966210793
6.96596398439
0.365432948268
1.73016153734
4.97778748342
17.5905632731
56.0729083429
5.14983474376
18.3957233813
12.8124805493
5.24010904685
8.86686826248
5.35447051484
33.8414005021
3.85091581879
10.0093447894
49.3577494425
19.6637288812
4.59096644452
10.7877087181
24.3271773477
7.48669118395
8.33169889134
14.940834346
11.4949027657
8.73192022184
24.9734411409
6.65958607686
11.6214468765
1.48369006044
0.968210364855
8.47216657581
3.50827033933
89.2434374258
30.4742661344
25.8151523433
0.741706503865
11.1916752839
23.0242041033
9.9652600662
4.13089158716
16.6478673486
28.1562428645
4.47197409071
11.7170381138
39.6469688992
34.760941349
1.13875794474
26.6093458732
21.4743108874
4.40512194704
4.11911169524
9.01847710042
9.22132897103
39.7978752896
15.2529175919
22.7337420174
6.7360998411
3.7224131575
0.00692251873898
14.1872307907
30.5916233522
1.91728881297
2.66779075562
27.8575275508
2.21674769545
13.2792000478
9.26001355029
4.07885385469
14.8209427913
3.7487033303
2.13923337358
10.8475694808
50.2409028608
17.4086224219
0.0492617593515
8.54583100572
34.8172881786
0.576868762389
16.2510996458
11.2447399524
22.6065028266
26.1900646598
2.2690726648
1.943310048
39.9546445555
36.5529213578
23.0057123815
23.2059098397
9.0648633708
18.3355538468
12.4024099678
0.0719205985868
23.763528828
53.7059655465
35.8439504458
0.160917091695
31.9978687837
11.1886246159
15.3681242213
16.8757943329
0.5032868619
2.47049213101
3.1682269605
24.9194767916
3.36350219859
62.7805148591
2.42790496128
1.72738336134
16.0780125678
15.5230503865
23.6909637497
12.7461637969
12.9496137026
19.9673349998
7.53537141643
10.1543354232
10.8062851199
1.13746218161
0.050616807742
66.8877966659
7.51437821404
2.33993990241
6.8162407625
17.77135173
1.64184698419
6.93621935366
4.29348103869
39.3370810292
1.15612793305
32.7161779273
7.99267083728
15.265201308
38.245485743
18.3820644362
31.7847911185
9.9858525103
28.3510861311
68.4483914426
17.42384867
21.3623570244
9.53608588029
38.5399591871
12.4119591054
21.9433994894
21.3238215356
7.90382920491
7.85787140584
1.72686220403
12.4367637471
6.59363576828
1.57711398622
20.813018016
0.00878388362772
12.7921943301
29.605804476
13.1514881794
16.7539407514
30.9086439875
13.2548715117
19.9584409949
16.4437489995
10.0800031444
72.0912189788
25.511934584
19.8190470811
2.33231749052
12.2458900716
57.1023799169
10.0192894118
11.7779908611
5.12114208663
0.400783944775
29.7924162462
18.7185224227
13.8107591216
7.18351072732
3.02255100296
1.81066705316
1.19231040405
12.9431078426
1.62371361971
46.1737507078
6.20018620842
17.883768684
11.3065606488
7.99615662719
5.84094458309
21.7218404035
18.233942874
3.06538380886
21.5645026647
28.0484973133
27.8723023992
14.3460843803
17.6575021087
23.4543542172
21.559483553
3.1904767559
5.74784928979
30.2673674692
4.45279608661
0.55384843121
5.56636720144
6.88307596621
2.93907044881
12.2683049341
15.0477678621
63.3615997988
28.3617852275
12.1805027985
34.5939045117
6.277797161
6.79603358802
2.38368416148
0.209272781241
13.508986379
34.4761752454
6.74827734191
26.3936587493
36.8307435223
3.58964493534
5.14313914661
13.3048913655
