72.6004540748
2.23689879816
45.2221014757
33.3658773268
5.79171994847
12.5148169852
60.0541620294
19.5245524027
10.0757751987
9.18402424197
8.17188393438
8.95908746628
11.6100235625
1.57254908089
25.6032744678
11.8980523703
35.0181679546
35.2019665538
23.057072296
7.59053822173
25.457628355
11.2341849324
46.9454946826
0.178944136334
5.0228850372
6.88215886826
17.1994704749
19.3172723846
58.3452619807
1.19300131579
6.7382673397
0.801912123165
7.93700687484
21.8312842076
37.070362096
18.6429279477
14.7681482106
1.94379397282
2.74888074729
13.1301005014
2.0970346509
5.60575826927
12.6120981829
1.10759769931
32.6611290414
3.81117129589
28.8243266
23.9533651367
5.32738969013
23.9409142651
1.11221845631
1.06643357128
2.42573311101
13.3542559941
12.2391622054
0.525461136366
4.05178767517
16.0343985792
7.14511275345
7.05635234838
5.30851202296
2.95733360952
35.377192246
9.80593669177
10.6652827718
18.0143973687
52.6320735087
12.8924632579
0.563993901638
2.66149764887
20.6713732817
5.99177255601
1.90464208002
9.94751638976
5.21560976669
6.74544183342
21.7000060026
47.0356251552
2.99472421559
7.69690590247
7.12123605781
31.4965747498
7.95690508171
8.38304480545
24.2895433268
5.54919614905
46.46230686
31.119523757
24.7143213554
3.29902543365
0.142988406155
11.8874176595
26.3305032809
15.8764951046
32.145553755
45.1103513427
10.4974191705
38.1695755904
1.7344639164
7.8812032448
7.7261826516
5.66392167843
20.9430460632
1.74701525896
45.5208094643
9.02852641259
16.1393391702
13.9164214775
1.60560050921
0.0110272648194
12.4235485037
3.45030158027
15.3967822783
0.578714337569
14.7891534989
13.2427329111
19.2759034651
63.6266149222
0.415624451013
13.1426801869
39.1529294513
6.06110929336
9.02540444761
11.2082582082
17.3122535292
2.95661312913
9.68634805648
2.94208298203
18.1471003156
2.72993219707
11.8383924788
20.4770504261
19.5716327155
5.54700373393
30.9853708203
1.66837870196
19.7292757384
26.2707222701
3.61590381235
7.52873408072
10.8472585254
11.5822119247
15.6378363916
1.53353222479
11.3734242194
24.8761215862
14.5513046259
38.7130623302
10.4124279178
12.5159504448
4.67422316514
0.303358412332
26.8510092613
27.4990911357
11.546669606
24.7059875037
3.34050240249
22.4401721295
44.8864971368
73.3433545284
28.1672598657
0.496229877981
15.4924422108
3.17446282295
10.1080526609
13.6681679334
13.2429233594
8.03066572677
41.7073566076
2.21584322699
5.04742914753
3.59582336555
5.19534873709
32.0248316075
40.4130941504
13.4096031163
0.873308942323
42.6864964042
12.9150762857
3.5146677048
0.780690080243
9.17438307841
2.42215779872
42.0446859078
28.0182100539
8.46461955882
6.66763338025
1.08445755898
46.5777826663
10.6758220686
0.225261907516
19.8953704996
10.8722014874
0.532895107097
1.04010914641
24.987847404
24.2194606988
5.04954465752
30.2889053617
25.5265557733
0.418882766932
3.2880901915
10.5398148028
38.5644672448
32.9812467454
21.6030046256
12.3386228991
13.1595063707
3.26823867259
19.0250314912
2.59857595511
5.31567117055
10.8644191276
2.66736693706
1.57504715345
8.94217116533
17.0643085805
65.1298047648
12.193806735
0.786900483795
5.3628066176
14.5083312128
1.16530383798
24.8283566382
5.31751545672
1.07974163115
25.7469614996
20.3483364276
11.673975503
21.9006619377
24.7523409806
39.2859851417
17.3733157816
24.0858302907
26.5088769548
41.1298031617
7.73138903902
0.161153125846
11.328384506
13.0764958961
16.4983151524
2.01265263883
33.9371277993
11.6841284075
4.40915397409
3.19684261501
30.03766575
3.89343738342
17.2036649643
12.3763229223
8.46922326438
20.5520060987
1.28113199842
15.0810503948
21.5434921571
1.61326034003
40.3036833112
5.70997379224
3.07511122056
19.2254642156
31.3578643305
20.3059604094
9.98295290839
16.7821350462
6.31358280866
12.464525348
8.64067777581
15.7244179463
3.3348342224
2.6411995302
22.0627654534
23.7962847516
4.08813056095
7.23739775047
19.9115497285
13.5349527025
4.4465340343
10.3523397435
55.4310908989
1.23618054196
3.32929027717
1.81770897328
24.7084993702
18.5401073055
2.40905478134
1.35744694796
24.5944596869
1.99207013412
10.1530495652
10.4782655699
3.5942820487
13.6311678783
5.49088126391
7.09691390107
3.69308082763
6.87745372599
13.3634100341
12.9210979461
11.7147576076
6.26351711781
