8.46874349552
19.1186080826
30.0399796798
6.66809663515
10.0868443647
1.37713952726
16.7903996474
16.0250138905
21.2117439542
3.43797086134
58.2774981628
3.38608044561
10.7772576031
6.75053080858
0.0658626510954
11.7230546928
11.3827795397
28.8755269647
28.7257476562
67.8132362614
1.97894770131
16.5867677007
5.16699286188
21.5474150771
21.4558056592
15.2528596874
10.1433851759
26.1469571608
10.6626948046
12.4893957634
8.72869261682
19.0720825851
22.518619231
4.83821342294
22.9028504476
0.0264906191914
9.97352351035
9.41877594477
7.63160609822
1.20663268174
26.7135358495
2.77248556866
4.30265146406
2.47457141144
3.34880930506
8.8172835154
19.5152039313
11.0269150559
0.99470963097
30.2307574822
0.387724386989
0.0859744642284
23.5267092807
28.3483449695
57.2210051119
9.0680559079
49.3942154156
16.6821641706
7.98208361325
0.174728438187
44.3921838175
12.8155089387
30.4264400519
36.064311795
3.14018453433
5.75926586773
17.7420288034
13.2820698139
2.22153114079
25.1546101234
5.52887184263
8.23774227419
36.1375648016
2.49981760417
36.7521147156
21.23476298
7.87515304447
6.57024009842
0.943036162571
10.1388270499
14.2844833686
17.345936834
4.70835643993
13.932553607
43.1629253712
15.3844926089
74.14232807
20.0155957058
72.3641380378
8.07066115999
4.18912393866
19.4465761064
67.4415088839
3.67024299031
85.1987000663
8.07524253229
17.0726221078
19.0300216238
74.7168455591
9.05739198352
7.6188258227
1.39582853393
10.9126620511
23.0101881018
13.0774874205
14.1161667135
9.85594812692
2.69360179204
9.12015820643
3.85059329238
5.19421081863
18.2133891902
29.3032909806
6.34192290853
28.0985502149
5.69452988215
3.45385098702
1.68192534732
10.6246955671
15.6708726933
0.617915944981
0.337594463655
8.98959812024
8.15397483009
11.0001321201
3.71924606873
6.35664195973
27.891511644
22.0732856347
6.05285495589
2.2145770138
5.45910951736
9.37689363877
29.6406876755
18.2022988116
22.1215514045
6.78517768721
17.5954707325
26.5323526572
15.3123192644
25.8637032811
3.66123363018
26.1022719611
13.0664561698
3.00667166479
11.7143586763
2.21061870004
0.120875273638
10.910311904
30.6970650464
3.35619739381
26.7279888077
2.11897475965
26.7052179972
12.7326095319
7.84030625511
6.34228866212
13.8826713215
12.4829744334
2.42939025587
11.9206098437
0.285308208579
1.35300751243
14.2443981746
34.3263746143
5.98119277859
2.37921215485
14.9659689344
29.8896454744
4.22504201128
5.42053513995
4.02206055527
3.22195316419
2.40751970634
24.5469600564
18.7856778977
31.0285431152
25.006354845
15.7261962905
15.0066143906
11.6745775106
5.55529690168
8.05823038414
20.977627878
32.8443182788
3.51801333005
10.6990259901
3.98913298173
27.7739638742
23.3438992248
21.8184790346
28.6947981657
14.5256436969
33.5111439294
8.05158795647
2.66446853646
20.9527695104
10.9795140257
45.9891180637
4.96076917079
9.20565714746
17.4217505571
19.4964059686
7.2541332928
36.6262254692
43.6858131629
6.97400859512
3.82955459362
0.510120062106
46.1118143621
10.5430320248
19.2018611529
18.8721211474
9.91210169585
26.4328375609
37.8516814803
6.6067743794
8.18520384664
49.4464937312
17.6456988815
1.62789286956
38.4051517813
3.62341727736
12.0472122638
25.990868673
8.5590488816
36.7322947835
4.34943908632
4.27498374389
10.9798414179
18.4346998817
4.98124119461
11.6890349541
0.916494546013
4.4335457078
12.8299645662
13.9556423055
0.139582704248
25.0562945489
12.3567344539
15.8774182824
1.64857733486
30.4585192434
8.64165060645
0.448588583221
71.8671384958
4.54149766752
18.997945742
5.23814572489
4.01181023679
16.2999168024
3.05602410287
11.4465681983
20.1236851329
6.8711621237
0.665650060326
0.832473561955
46.0385985611
21.644795827
10.2506494168
2.0420402971
2.16754390852
1.55088620094
5.26530258714
21.6838347495
1.94939162076
3.78512016996
2.12500259948
13.9980078477
0.871589506126
3.31396133923
23.364410459
57.625670421
35.3206319045
38.6708477951
6.61031766381
32.6959303553
25.876826036
7.35585293401
15.2218537538
0.269982393738
9.94268847891
4.71058417691
37.5174836983
5.93422120866
64.1349435349
0.837568379139
26.9150612636
27.9161420305
0.0708120804219
21.782857245
4.4643813939
11.3479993982
45.6111179142
17.0871359731
2.41247269917
23.1036358872
6.35177929634
32.6062475996
19.9198762566
