9.80130073198
27.6945728735
57.443728648
12.1282645281
0.211959599926
8.30305871921
36.9400787807
6.39169003973
5.64271040128
34.7694072381
0.283085324364
1.10136514558
11.9386091996
9.82547311122
0.00482697375988
1.10144004147
8.67412026742
38.7731700562
17.9826973257
17.304693099
9.27243111731
50.3547024859
52.2479109643
10.6104111416
1.65504616799
2.90457704059
29.9268976238
11.0113802709
25.7423866211
14.0155595614
0.418760481346
17.7290092015
12.1786494902
20.086196943
20.3782241034
6.26029168755
2.68134909593
21.1768704716
3.82341612613
16.8716816005
46.4413126895
20.5245886284
5.98176246154
5.34852585092
4.74033770375
4.66631601728
6.13043727578
22.2209462205
18.2113457856
2.74850295193
8.24113860053
0.815614435986
10.2129202816
24.6508607766
17.2528798465
9.80114529045
19.6884838903
13.2371966643
14.370343797
20.4191271775
0.610256733723
2.44458465585
34.5467751132
3.82197211773
23.0746796442
7.42117596159
8.86146545257
1.96354918962
14.5189652965
8.66774040287
10.2943087318
12.2225614434
19.0557151132
8.10727919166
2.64575843096
27.9501114998
21.4325176182
6.80354750472
24.1735647357
33.9675844
16.6740546753
2.77495678467
23.5987384224
13.4453800116
26.1721119805
41.7258314612
9.05974411537
7.32274817116
15.3654088286
5.11882117498
11.8057486535
6.99412527711
4.11926857451
34.3996097244
23.4599945593
6.88902521829
11.1329863676
2.6348081928
0.381422071374
18.8444100263
3.60099104539
18.7845232021
4.91311385881
0.691359629977
10.3480835084
5.87248608709
3.82189097458
5.31301353371
3.45701607235
10.7141376507
6.35827269785
14.3683867472
6.20760495791
19.844005693
29.0091659318
0.569376719049
14.0371724562
10.9186834091
2.933301158
20.1360971772
0.494782837697
4.46011722916
48.7511243206
4.16584354259
4.56773912676
1.77777943948
10.5100474018
8.04073986149
3.31142623727
3.06339937056
5.5877848623
0.322928989885
24.7213006128
14.3312049967
9.1280170998
34.1055030319
34.7917078639
5.39681790016
7.34567604539
14.2757555606
6.83577100045
21.6487380289
42.4569313298
21.8838675227
10.5462027017
23.5171150308
0.0518492548486
3.56701519351
1.5169865359
66.5142042823
17.8069202232
24.0188939659
9.12964646816
15.7816965516
12.9339534549
7.12858644867
59.667124405
10.1672109243
11.6267793373
1.12818522395
0.246806693842
19.6523797597
7.49430894296
7.12811349314
15.4156297802
4.59579066003
7.11197696296
1.35779462355
6.82195924149
10.0276579153
33.3047548539
7.91752606882
8.7575389657
29.0992493387
3.62227164881
15.3850751045
24.6448624982
19.0397733961
24.4405041839
22.3663447387
11.9567974711
21.1592476487
3.6113751125
10.0694564219
0.532701060324
16.6821466388
45.1201366513
22.4520782463
4.55350895355
38.5225868273
8.14545577516
3.8520126439
1.86978679531
15.8927440808
6.73180639337
14.8775365556
78.6561513319
18.2389887904
8.3029710459
5.88435937092
4.36249671387
30.2185063339
2.4286487873
10.9454579721
1.98992410893
7.25609801518
9.72501205362
5.12309346008
6.87948676537
23.0782460136
43.9309226469
13.2248069679
41.7831159302
14.2492559876
1.41232291014
8.3039421286
2.30156430468
13.258132663
16.4118304556
9.98896291205
29.057818186
34.931847064
18.8363594289
0.567125188601
21.3015548983
0.0329448989494
1.62224686186
4.56902963762
11.1917505267
5.05165216204
6.77824611803
29.2003332071
5.81234616452
5.53297665443
36.7945978629
5.11421169101
3.96563609931
15.068605863
4.42088734554
32.7756075557
20.8976628326
49.6485830417
6.19281655651
4.07094938706
6.83851224594
35.5188596601
7.20600575566
20.7152241596
10.9102384414
1.4790214296
12.0431398422
10.3740291397
18.1303218603
32.4047088481
1.85864785752
2.13875719749
2.5127324519
0.105714478987
23.1418417548
1.34095146086
12.4530821935
19.3381157359
11.9733983395
5.31169869958
1.36603506166
10.5421358998
37.494683509
9.45529188657
16.4975030198
63.9577024117
23.911625283
1.42253690751
17.2416097793
18.6482999698
4.38013756252
17.3820715642
17.9313603597
14.8101009638
67.211120933
17.0673762877
10.2278602626
4.67624372422
7.21769223637
33.7804047098
12.458558079
22.9091336509
15.708531055
6.34614241474
6.65076311173
16.0617680765
27.4598264222
30.7694087579
7.8433686264
3.3433651173
27.6351913589
6.28891254594
2.9865180814
30.3204864717
76.3347875845
2.80415963273
