4.75345891582
12.7963465793
1.91097639173
8.35905618175
10.3975869103
1.2380622735
2.47579589429
4.27166670212
5.6132874423
28.5171973177
7.17295356551
23.2827007539
22.702976172
4.8284428112
10.9228386188
0.9680491024
20.7193346395
4.47945932159
23.8216456359
18.6392211491
24.6346069582
6.18004628295
0.975795447443
3.62231025496
0.787354407591
57.5606319052
11.0644115875
34.1413416813
2.99368451155
19.9081849603
6.51888396134
33.7196029963
35.485648546
0.518668477005
39.1021417076
16.3777628967
23.5876765003
7.67614339475
7.2975268635
0.437302739115
23.5665893456
70.0218824918
7.3671704397
12.7321247124
5.80726835785
25.2676349733
5.97498458194
4.91951503327
29.7165001602
13.6575271125
45.0317470795
35.1792913509
17.0600182449
5.77406044396
6.10339808421
19.5709880685
22.6502599155
21.2959362261
12.8390888651
4.96057119755
14.0591990035
27.2215729208
0.375818892463
18.4873550205
18.7948562669
16.2916581256
18.1110180623
20.7893420281
5.13767464051
13.3196284137
19.5897441214
0.160311462255
30.4114174606
4.20533172024
7.59475501048
0.065957866977
1.25555632928
10.04879354
2.87565480133
3.77524969384
8.50570403946
9.97746473649
4.2808629353
16.7227088033
11.372367196
0.846809536569
21.5935082873
0.0907333903997
7.15603244973
3.54233609037
39.1872296312
4.49206017124
0.341016082215
16.2652590389
20.5517014317
1.12037043124
14.3910222082
0.447806773931
1.89069149635
9.34576895727
108.331283916
1.65499288603
29.2079809543
12.6907155862
4.19757697144
5.87884146338
25.8241245109
43.6540154633
3.08380653059
13.7288237918
4.61838423317
10.0560263961
9.90221463633
9.27320329043
21.0906525271
7.14660222669
4.39847279242
19.853361564
8.43109520873
23.7270654593
12.1966740431
0.502655418679
4.4471740381
2.86580500203
9.87137038184
3.81584309866
3.40301904754
5.76399501261
4.2199659437
15.1487165834
36.1638635912
14.1839560363
11.6279090927
0.693860721787
5.62754380081
13.4181139844
17.7305904471
8.54380407442
8.58819439755
3.62246414316
20.238873715
24.3844610384
5.75838403527
36.1874165957
9.17462939139
11.1418995586
39.2554717245
36.0581624997
3.75005390933
13.3736979456
11.4431299647
6.87223592873
12.659784109
60.33281159
18.284033309
15.8659771926
20.6990774335
2.81416233598
64.7688372079
0.605654271476
13.1298113481
1.95899393273
6.4084528051
43.3017099008
42.3783852339
3.32566940533
0.436546998534
21.0988814125
26.2624651464
11.7284181268
6.13432438241
7.35847384199
10.9879337226
40.2968931764
6.3873940706
19.7376074052
23.4726503754
18.9215690396
2.44635166831
5.30359802589
1.85113112047
3.08443638043
19.0337218583
16.7261635532
3.52411209706
3.79676817499
0.237874435597
28.0625560693
5.06405949921
1.25098833412
8.40186810636
24.028956458
4.09655883265
6.65340792336
12.8061185557
34.718611851
2.00878997812
3.83539992467
31.7270385791
37.9820906266
58.2336157662
15.9139698233
39.643305202
12.7811525094
29.5718850347
9.17863420537
4.36545789755
0.282169797478
5.44859514063
18.8364933209
30.7763544742
11.9468497296
53.7054409491
11.9471434836
4.7450799535
18.4205038523
4.97280046239
36.9897086913
9.7727805981
31.0434214109
1.53146944248
53.4236324958
61.2573392368
19.1302803658
7.46581913025
3.96792369029
8.8967004407
7.36548364974
14.4368963761
27.6166517441
9.35733350742
0.241262347899
13.990937163
0.134651464157
12.2808866649
13.0545423823
23.5175324198
2.34867232094
8.67786434208
5.24102817602
27.1688756039
13.6309358649
9.05081956509
2.90298900046
4.2411242215
7.43175226233
45.5591163142
1.80663967753
0.258757916158
1.75769353727
1.48826605211
28.4938912624
0.0790078940642
5.10046550229
35.5681597084
2.6076925731
11.9003130125
28.2781582076
39.5149450672
0.668185759483
44.5012212214
12.9256493244
8.53404203808
2.1679236659
16.2532803007
11.4545099141
47.770334834
11.8717759946
19.655703067
3.26108434068
3.7520244102
16.2665699503
10.165935991
32.2708118238
13.4700979678
4.1092864831
8.20305069673
48.7218393523
14.9089339678
50.8960994647
7.77329057482
26.4847438535
2.77576985062
3.2666076376
10.7610385759
11.8171889778
63.4601822555
3.72393114577
0.0193526232813
35.0606780129
7.32105320113
32.6528236295
6.74627357122
1.77453784342
36.9081902226
14.6905219837
0.846340677223
11.1495167175
1.67185568684
1.70174337037
