29.3140375268
12.3857824839
7.04124685205
33.8526451796
3.46415807299
22.3155684503
2.42762742998
11.4509574646
1.19984847804
11.2281868597
66.3414648344
10.6825106494
9.15698042215
77.7836946073
12.2195078772
9.24806531145
56.2287131563
2.99238503185
7.69033813567
9.81683763088
24.1166670896
20.0507734454
24.9319706264
8.32860627812
5.95500115065
1.35723518796
2.73717453745
3.78493454497
5.71529393483
23.9173566525
6.5187315681
16.0614618641
26.3425206417
5.69366284415
13.5186907511
6.51956484706
2.63893164357
0.99220601232
13.4772413782
27.6530670547
3.90444613391
17.6212106279
18.8060158197
69.7823340188
44.4375078802
2.68406779898
5.74313410962
4.03731392615
7.4424216152
16.8104613565
7.56321938635
1.01852156777
26.3090107819
9.62728892948
4.07596292841
5.84713332241
6.23418000546
6.92865727793
34.9882465574
15.5174329834
13.8720613407
27.582188374
18.1628263112
35.9890720147
19.306816809
34.1865730291
32.2447522603
6.2704484727
9.19723061455
3.0288153821
1.75827114214
28.0875662794
9.89064344914
9.8735842161
2.63059109007
11.3981030059
12.0204947444
4.32397323731
9.69553770704
19.8840090485
4.33782537117
1.05565571973
38.7871401214
10.0722521107
47.9080542776
8.10837236704
3.59709864243
8.91050340236
2.56620483486
18.6866861232
3.55646999274
15.0234453776
7.91060156866
0.0791054778234
11.9706735829
4.00729469869
5.74186079029
16.3718089406
13.4737088538
36.6680661456
6.13830883249
7.39472392291
14.626547368
33.5512488612
0.444203237228
0.392504977985
3.22184625487
31.3700345212
27.7681802978
56.868443492
11.2198980611
20.9702343685
22.8279139474
31.3198367028
0.356986014154
12.9650568651
1.42542143152
7.46624346259
36.169829106
6.6555899083
13.9286301146
16.4923756302
13.633352833
29.4244158236
25.5284674345
43.7228114547
2.97607704899
5.27294299948
31.6816634402
10.3938353829
10.8350026584
5.62349383467
1.35411460933
2.14519370001
2.05007442915
6.28198540465
24.4879508761
25.2607552557
7.6658065159
9.44765835581
8.36022608881
0.0284593780447
8.22827100928
9.57821106102
4.79709992312
63.8447724189
11.8065980063
16.5784073045
4.55570931304
7.27393008361
5.00789425396
21.1672827882
14.4917616419
8.86722075621
21.2235665838
2.29693576474
3.52925523312
33.3470581474
1.65000063941
12.8045117101
13.8054320387
38.0610015498
2.70443474277
22.4703509661
1.41188526668
15.685722348
29.5870131534
0.903707219453
2.93751054002
27.7198317918
1.05349928771
7.6341306125
0.335031455775
11.9978594223
0.740443168691
6.98886656058
8.77228091084
7.83083777919
2.16949364401
33.234665573
11.4249014472
20.974151746
23.1868379693
38.4770908713
26.3277850316
36.5681745512
55.1817912415
3.21142343034
16.197606654
5.8546398603
27.559336149
19.5681430158
10.6242247398
2.46102589894
0.749087997785
2.03072007371
51.1829504487
9.35935988031
20.4648478921
22.0923444471
51.1360215794
2.75479740608
34.0594023853
29.8412498598
3.13466901919
37.6518790305
2.74714976979
5.06128029442
14.8917527194
32.837751361
10.1349188527
12.2483923183
56.3057743498
15.8978294369
19.2343957774
1.74067415714
1.10517996711
12.9769761905
7.56113802766
29.9494824438
7.18527792213
37.0203487346
18.3427744946
4.57285347365
26.2106489001
0.199857425423
28.2503925782
1.4728810351
24.3792484272
4.63999486676
9.1030756084
0.387487166669
10.30700895
8.66565585186
13.55289674
21.2913277024
5.62161618286
3.77811891325
2.66054050039
12.746666141
45.2427542493
10.9481250402
5.51285863558
9.94121706545
10.8583072404
30.9487043972
1.77951081559
7.74123492231
4.11156955912
21.6693518464
8.63958959187
3.12124532668
5.3849866193
6.93721938518
13.3583885754
16.636879118
5.743358108
4.23011949869
6.53765287025
0.703416383846
6.44477372937
11.8093540108
16.1925818696
3.48608881785
3.15395556378
38.5832455784
25.0267601367
19.6611558951
25.3179822827
9.70196056593
21.1077742658
6.0184006641
22.247689902
28.6569877473
27.7120264958
14.9424809523
9.4836002584
36.4054703038
16.2830321926
1.48797304386
11.1627506599
0.557148766913
19.3930980164
9.30304747184
0.804215182944
13.9265072565
28.0535203841
7.32515780924
9.51612739552
2.18638276714
6.12630887325
14.1364362726
6.10881553893
0.0308456226625
10.8387502685
0.27511690906
18.2541174816
14.7752199988
17.0221015555
24.11753192
