5.71789490065
8.8895943458
39.9007589368
13.7500762328
12.1561176766
1.27462646752
2.43463869031
4.40363868625
13.8406078361
97.2628364024
4.37066938449
5.76090355313
0.200384908744
1.44957906627
25.5501556134
2.34547555658
4.20286066135
14.8641855217
10.4611969646
9.77788544555
2.33387246835
5.82206051314
7.61060520728
15.9380956556
3.2565518432
29.219003814
18.3909839415
42.7206413594
14.5889096704
7.6479665454
12.1346448872
10.6635515231
15.1740794961
2.75212452233
1.7563762745
10.7320938866
9.48581114115
34.276637789
32.2036420156
2.14289519187
2.08067232419
58.7115002614
7.38095994757
49.6755947413
4.01281255827
4.6093832168
15.4337691947
5.33092527965
34.0764599901
10.1865919588
17.1236149395
14.2434503298
3.73194957077
5.77958814052
12.1494101092
11.5401147718
5.45159746115
17.5701883885
1.5207345718
4.05504163706
22.651063723
21.3563906825
38.2262605922
7.4433568077
5.39819837672
7.89336242148
8.2283531045
5.13656328289
11.5251824156
0.457605855142
6.35503523686
5.50149802553
3.89150399896
19.6445921869
2.44891577689
41.4945984145
59.8296389316
8.24383138979
21.2306318679
0.0491904393368
4.35253122202
4.68316992224
10.0796417475
1.44651522973
3.26098199137
2.68061194803
25.3097583602
0.830761271666
27.2746239921
2.09549599116
3.09610979423
2.3170337769
15.8249602581
12.3930200078
9.71966387994
17.1084720051
6.44070300908
20.2272449344
45.0118990941
3.80826466402
5.98273601392
15.6414795316
4.49833938833
5.15404653822
21.9139646665
16.4310404297
9.26358488719
6.68850470776
20.2846817225
16.5027006848
43.9497867477
24.7901628195
10.0482327373
2.53721484623
44.7007688525
5.39515206479
5.8295710038
1.0587740881
33.3627689623
0.436490163903
33.6017761591
24.5869955737
4.03546539633
11.7131972652
0.901841207513
18.30330346
6.61384890214
5.49548012166
15.7031339935
6.3647882242
49.256662822
4.59614979279
13.6066307285
0.862132123533
15.937984134
7.98890505897
2.1739102847
5.72831551868
7.36856898209
16.7693542183
11.5832844011
45.041820718
4.44583511972
3.81237959998
2.07251385795
14.1945073169
43.8321605015
5.96657654541
7.63501352319
35.6663065627
3.21499146479
3.7999894663
4.50077096255
1.96743420795
29.6842024943
14.693832315
8.53001667905
16.2696278114
1.66893475672
33.4410662435
7.18602309535
37.4137097395
1.73924293411
9.5265980664
3.58501263429
3.36829049461
30.0507587495
4.01553519797
3.65828036266
31.4918658972
3.70019085039
11.2028467131
0.192010881161
1.36974309276
3.49131949852
3.96417858454
13.1917427524
4.67526322799
50.9295032217
3.46774371496
10.9540874817
2.14738062209
6.42341032976
9.62582004831
47.1365987108
1.30243623735
22.1074136332
5.90189666832
7.77700011516
8.50741141572
43.910812831
3.14386513247
0.149829557655
6.22743512171
0.18661474635
1.56242396545
0.575769289908
7.87198056355
4.97089781685
2.84275742561
1.36660999363
0.87493550635
20.1069886335
10.9056691738
28.9850078052
4.86200178644
20.750040372
3.53147050743
7.58572507678
9.54502599758
5.59343241811
0.0744067203235
1.84773497374
11.8385102418
4.81677878855
60.5163756799
15.392334366
2.05914079528
41.1634109004
32.7208147107
26.7275119882
11.1579727094
40.4530959269
4.55606259399
32.3582556325
5.38486397495
7.64674730038
13.8958724699
11.8334004676
10.452052631
26.8171133967
2.66844675631
27.0065243926
50.45146358
1.25757801465
0.856978513802
11.1936527665
19.9019069549
14.4308529289
19.2457153618
30.5333835704
2.30647955576
2.32522745043
3.05437421273
6.8698437795
2.82750713583
0.3905790655
10.3612918418
6.12471900543
10.2738924853
43.2159162603
8.11491910122
17.4590255941
21.9715435865
19.5170079451
5.54911022974
11.3783433167
4.29712536601
22.3740822286
24.9361180993
10.128490607
1.31825577558
10.994330869
11.7599199284
18.6522363442
3.30038903454
21.6710031596
1.00279097971
18.8169979235
11.4572779297
42.8898795805
18.9344751382
4.3371311591
39.4350829347
46.3691051666
72.2273698109
26.4828995226
11.0241602538
19.0918888403
57.1406464981
9.83586679331
38.8626415781
0.358583702963
7.87255028451
6.9840961633
40.7041553526
1.53600245299
29.1781602262
10.8238392434
3.94593046932
27.112674926
19.3057397434
1.995810544
22.584555618
10.8806913438
7.31865139112
5.03664303828
23.7094866367
11.8670177334
20.9359740868
