76.8671443268
60.3539288183
10.4307115101
56.571182689
10.2251908374
1.170979585
6.98601974817
12.7796002039
15.5035667464
2.18439866843
16.8763435389
6.32718919489
0.843053864752
8.19752875029
14.1127316966
5.80616581543
4.89925097883
10.0417814917
16.0868692714
5.97480874545
14.464319306
6.53063189914
9.67359602345
7.33159108686
14.8914020205
4.16385609362
2.11190153174
20.8493327927
23.3425650438
23.5218148982
23.0412895634
0.124451071439
2.69545473589
11.6070888256
12.6291646232
3.34928519436
15.7894877216
14.2671462189
15.5936840836
5.77056116651
23.848444773
8.33752118998
1.61288404966
53.4436372979
21.2263512946
22.6272070257
17.6491834778
7.84803862542
3.60322518609
1.32697312617
6.57689378783
5.86352630885
44.4640101941
4.59022754432
6.78327806591
17.0060186353
9.38761717143
17.5811232081
5.49487239472
16.7116596348
0.260913896992
1.82817230425
10.3918717125
16.0727928773
6.29999794127
32.3822830171
79.9528824125
7.29077269672
9.27947246226
6.39534986045
3.21515486657
24.157570654
15.5903102639
26.1617959202
14.3745792594
20.4988730405
8.08488891304
4.7326231313
32.2197384829
0.965345472828
1.59095590951
31.6263889455
5.2373427496
14.3454589452
3.68323209636
3.55863850052
4.40899076897
10.8096300446
4.82549920664
22.7912677992
20.3770695987
6.96627485003
6.86559073007
18.223195384
3.36989831051
26.1681263497
38.6323351846
55.5523778423
8.25165677198
2.79248913755
23.3451093822
13.2836374538
11.5637544952
3.16872742495
5.88982669709
7.49938071554
0.558968836523
13.5360306066
14.9855915683
2.37107451525
13.1749713288
0.0039022728237
8.03093168937
6.89188444933
32.4247299785
5.39489280515
0.110398019186
14.4795238763
6.87365163244
19.7265174335
0.798510745166
7.95819684195
27.1561801789
26.941973808
24.3389638223
13.9127491519
43.8272301434
0.163052690665
8.71426002737
6.84348074904
8.09898767996
6.54200877835
22.5398583343
14.6661994743
6.71328915005
1.29699989609
14.6003457197
3.8208994411
0.953178250819
9.85183369077
88.1263718298
7.03789786958
10.662628121
18.5805029138
0.56805313625
20.2346422849
0.948523648387
21.1169520077
3.3180651572
3.50135315701
16.2795634138
36.4967426568
11.6240296025
13.5969221606
25.9261636228
16.2338212543
3.28460639859
12.0162613764
7.628584607
2.29338827318
13.948568405
13.5208547224
0.193571950804
0.229714419131
8.13820121479
7.54427753631
3.77570567881
1.28415439149
21.3164469137
5.36370416479
1.32037444905
0.549269137127
17.9082967534
101.510288757
0.437992677954
3.93855994047
3.3370595565
64.9382860136
3.93867659555
16.3043127032
23.9556829393
1.77564682276
41.4395220491
69.3902989025
3.6257078038
7.42989149082
0.433434921148
8.37340762419
3.60928203877
16.027545246
4.26916515411
8.08988562748
0.600163940183
39.7417287516
17.5794617874
1.84625557914
9.0353714908
15.2955926024
10.2729438202
2.44034755669
26.604026012
32.9794470401
0.440017166949
13.6661021189
11.51872685
7.3829617868
1.10506350631
22.537981035
3.42636784357
10.8738349459
30.683434545
4.78871667043
12.6531440326
11.1879010694
19.4261545267
6.42180030418
29.6199458051
10.9119947741
21.1438459957
8.22556559622
39.5166864929
21.4226461853
0.250569124056
21.2745502428
27.4045567346
8.84515289183
13.4114516859
68.8077052796
29.4919249058
6.21744748709
5.3767647545
8.51049650645
2.63149487829
10.6343611381
55.6863918043
15.3923708633
45.0262534085
10.1624211768
1.60527165058
3.7045836335
21.4443379151
6.48855667793
20.7613205303
3.6459259329
4.32986278737
21.5622013051
9.51204578563
2.57001251472
7.01422100217
63.4774893055
3.69597410492
32.7612646703
20.1076006759
12.9464349827
34.5358623347
20.5927704485
12.6438702696
3.41606367057
2.23119727002
4.24088223117
13.1117701496
1.84687648361
9.25401078423
30.4032202079
48.8820413736
9.30384193073
6.66202000499
42.8967980688
4.04282874511
3.85079198356
8.16403198513
12.3240917451
5.78191217714
14.9384709203
0.232483809438
10.3109588415
23.2924685506
7.80064137887
1.29656677064
53.9086715102
0.0751699927034
19.5593891748
22.1227513653
3.05300594835
9.03221190286
6.02871103767
11.1235912383
8.09723571036
15.5007828311
50.9577350364
3.19870493034
1.19001050288
8.89887059701
7.25067537148
35.480387878
8.0488166534
2.32902916225
1.11706897348
34.0908027288
38.5522730341
