5.43298558792
13.949248932
38.3649140053
32.1771364817
22.6166131547
25.5641328379
5.6462678691
45.6888028247
5.13049337892
2.58080895072
17.1985437492
21.8127457308
53.2141067619
13.9841978474
10.6191212634
0.853128543473
4.28379183941
9.76275377549
20.2709408985
19.109879362
4.72098476563
22.2977505132
36.6605750321
41.5334514314
7.38364121517
28.5002143228
24.2065553542
5.01113985868
36.0106851208
20.3668446345
6.86820804141
0.284987326184
5.21159221657
28.7086320181
6.06108536861
5.69602190128
1.26591216641
25.3210967784
3.16897135538
32.2685350382
10.1547047723
19.0409286056
22.882632401
14.9952264227
1.21212347217
1.60142435927
43.2665424163
5.41270171994
10.5614809948
4.3795334591
5.35541790829
8.01060814563
13.7713403446
15.6403806158
32.0520792377
3.37385874503
9.72316110074
15.3121838457
10.7657422945
1.95289904641
16.1301229744
0.339874937389
5.0703688067
6.8465604545
18.0827912499
26.390142749
28.1540526903
4.85150539386
2.18214554473
5.92259902336
7.66856007242
5.67043005924
15.1882093567
3.83510993655
38.5081518932
11.1239122259
3.66117122867
9.38396124372
39.6132545685
11.6621976286
17.068523889
31.5518631023
16.8480191321
42.8142523804
9.29769970843
44.4597050631
96.0914035513
8.12008454066
6.27075119883
5.72233770691
10.9049097664
0.021397534359
1.97062577225
7.41545499364
19.6033573829
6.28417582635
20.9767244621
9.95346204273
10.4747744606
11.9096093974
9.39177982105
40.6990096012
19.3658055921
36.3384408501
5.19494301171
19.4307646977
18.072553669
1.89792781251
23.2808353701
29.2043889579
2.85282259081
11.6824431495
7.76135718168
6.74331643736
13.705488641
6.55014140051
35.2935786976
22.8715080038
15.6491949621
14.7905247997
17.6823128551
27.5666264216
2.04094389139
6.39060343494
14.1762982215
72.9396104163
12.7383418496
5.54489259076
18.9702623172
0.599131073369
2.48456451506
5.70534944344
55.8759365175
7.76696155722
38.1419157709
16.8425802621
6.21908037691
2.18483014281
2.70959468539
5.05724130562
6.15170573987
2.43108454186
3.71018685588
2.45889620494
3.64154707583
29.3592303503
3.34415779527
1.36975930074
9.83551878824
9.44770031888
12.0538818329
31.4376935662
0.972024238146
18.2186927935
4.65749727268
3.83171012049
4.91502239373
5.22309536163
30.6274898876
7.21544484661
4.88221883748
0.111075366409
5.73205541808
24.7292748343
2.85517272319
18.7699697784
5.86632857618
3.54546505276
8.14631627815
6.22876518846
13.0527855664
23.0389851773
17.5033272691
3.48824698505
0.317693391204
7.40758223527
3.32421644729
47.9557655594
12.1512225377
1.44619711457
4.43317037853
24.9709102471
10.6454172856
5.52239347471
11.9343429099
17.5739147914
8.91824127403
3.55519911032
51.501023877
10.4803416116
19.1408667134
10.930562035
3.72266459801
17.4027256425
1.6126396832
49.8846541788
12.8443877415
34.3753581675
21.0325913058
25.9383797663
11.349464856
11.2557972424
9.9058544966
7.16682945701
4.96575874078
41.2972958743
0.568992582287
25.5396530642
3.92677287546
25.4618673784
21.6189898667
4.93336359247
11.2896273338
12.7463618578
1.2720740644
3.05853255733
0.0492260479683
0.740588025895
13.0541660554
43.9621828201
22.9551247199
8.2212287786
19.3470913766
4.26908740993
21.7482881744
36.096360474
16.2095003328
7.5287588217
15.5134958617
14.4635261268
1.56172503046
16.5757100024
0.0889172495821
18.0375645031
24.2424712237
24.9589897997
0.611747355017
43.2041800762
23.6620177151
8.94084165752
11.981668334
23.5315088449
1.74654228372
2.92751876981
6.58239631166
4.09716999207
6.55035365997
39.9524250853
29.800712133
19.0515533261
7.59888820604
14.6451456413
8.69005029337
7.40647293986
26.2304804379
5.67809161669
16.6691121622
4.57986249363
10.4834776999
11.5499535519
19.3937475226
11.4807924486
36.2700507096
6.53846996594
7.13418370689
5.25908086106
14.931211664
1.42650375871
16.4740613714
9.28350855216
19.2040538107
3.84577876092
27.5692153778
35.8106356167
29.2471983487
3.63081951841
20.1539937358
10.2377867448
4.53350476621
8.83385293876
17.6650308425
5.96239819152
14.3151968878
12.7658788804
4.60728650169
29.4580405192
35.921793835
2.79270696748
4.93293971532
27.2222660973
6.55372957696
23.817687325
1.34806105898
2.55466049948
4.87521711401
16.8191425833
2.66200264917
6.1529050679
12.1489952624
4.75345042515
