19.8712688665
39.7037835055
18.2858623314
12.4075048743
56.0923485095
9.31785695516
0.0699649661865
56.5405560701
8.45311971342
14.484343249
12.5147952429
1.02851534474
1.58195547337
3.63616613532
7.78060096859
4.04535278786
17.7007275841
17.0559613633
3.1410788988
5.41947757053
7.51564966936
8.69025798529
35.1302106847
32.5687194364
6.49038027682
9.47070691833
4.61700089363
17.0725072635
3.99615301381
7.20598803438
10.1055220145
17.538362685
6.31400039841
28.0776118662
0.147013381733
6.74002399579
51.0583491668
5.85573888008
10.883151638
23.6811891785
8.30845301566
7.75375395944
12.2233250403
4.36354622692
22.2543976905
13.8975521875
11.2694611837
6.97678980635
3.30690212176
4.69341807761
4.9836040632
2.06292582067
4.76950610208
8.12848772787
10.2238200396
21.8934709854
30.6500626641
4.5090668435
10.3701715923
16.7506396027
3.80974732603
4.91672456462
40.6576010789
12.2616563713
1.2657284365
4.78613702007
21.444495042
40.6863958593
20.2506107397
4.61778181948
40.6763685701
10.9492197385
5.11413799101
7.46252988125
8.29432529188
6.74097574513
2.1610272959
2.74868855702
13.8884765645
7.10442475183
26.7134951243
58.3252719195
9.31076711965
0.810452446388
8.46160690358
34.3571920618
4.56173113243
23.1029132889
48.3491191558
5.80701405907
28.615766527
22.5377887882
35.25136478
9.71144131356
21.5116060404
23.8783309716
2.67874448101
8.79075956977
33.494189744
3.54203482898
20.2219683131
4.90095036129
63.3595817389
12.0353875315
27.6894153379
103.262494782
30.2837965899
2.39514646453
3.43421234295
0.939368954199
8.66647231804
4.46621749197
4.65220829682
4.34588133551
17.4723393496
3.37574147178
4.69609235208
14.9343705273
3.28042289486
13.5237277677
5.7876199773
4.08019086087
17.3432227586
103.288248247
14.9817362499
1.99112281985
6.39109417083
1.58594747315
1.05790363962
14.8823849112
16.5506270082
4.18938784752
2.01751649354
1.15120366495
3.25045009936
17.2886082681
8.40769760715
2.58724365104
7.98962486921
10.2021143632
12.8161285534
4.71343275294
4.39903185987
8.29024990019
0.181170244377
33.6107496857
14.8165655692
2.65673660048
27.9599811325
6.31843883135
29.3427967231
19.8770083287
29.9917303533
2.74176724655
17.0053121502
25.0974072057
6.73555248909
9.14771131464
33.7670343857
15.2747855912
27.0943553135
16.9119540421
2.27908465792
2.5393260637
10.4492948087
9.74817437217
10.5341942188
31.5539331693
3.18765857986
3.7309562151
29.5284680208
11.146775588
31.9781624088
23.616814013
7.67040021448
37.6510130692
17.4779085457
0.691087872235
9.64598535596
16.7727711463
0.275496402967
31.7710287885
22.3413426068
13.426515051
25.4140205433
29.0976035103
15.4287521518
12.7989842777
11.4280495221
3.68226727532
7.07627945942
6.78649823588
10.5177956894
1.77158522113
6.70621545902
1.68370709281
13.5871243846
1.34072348654
32.1150332787
1.62617389978
47.3895302467
43.1474657613
3.96599169934
30.5945304361
26.5257800716
13.7502126076
3.01686877755
1.1272157517
52.2320759554
30.2355521431
4.45990790881
21.8208191773
16.1067353203
4.78997662679
10.1681820957
23.9062775601
8.55121944839
2.67085716867
4.42581771526
5.46337150655
53.0533384372
2.96097481757
4.55768596682
16.8450153471
37.4992835419
5.59643277118
1.87743086752
36.6202892152
59.6720638546
14.6459071423
0.201162101244
11.8191040964
32.4948169454
33.972334469
14.1843393559
3.42082310694
49.7420173937
8.94817308359
13.9197991256
1.2230718689
4.78133545326
15.6842468425
9.83872733997
20.3634943408
2.81884644565
10.6996479196
7.48176207044
7.22958357984
17.2081470143
2.20912110927
0.509918658526
6.22644706202
20.1237341051
9.63118786486
0.60707996503
5.47174690288
5.44284140168
5.5531853757
23.8417501691
19.234394621
6.24387714202
2.80971735787
7.25251438707
17.2756900256
27.1687204691
16.4171837912
20.2286962427
3.79805697625
4.50842663886
0.24616295323
6.85672376544
17.6892864181
16.523293818
18.7410764355
3.73178382436
12.0561794651
37.2789650045
1.39701625849
14.3170422533
0.962113399319
4.15172113283
3.78511000336
5.22526858203
12.3497828337
2.18492274563
21.0009601965
0.496592703748
11.5979344094
0.249737702696
8.84828449937
1.69694112787
11.7236758446
11.2866207503
50.0216710031
2.09538018788
28.8769124108
17.5351479968
34.7531627167
4.60362344554
51.4884814207
