25.2776865989
5.4408684508
17.4474421244
4.47489891479
5.49675920724
25.8420836122
53.0664358086
2.67309093126
18.1024864865
18.1900891228
10.1970444502
22.9382534148
28.3917926173
15.1165548339
62.6428260063
0.732442882867
6.94024858854
19.1993011259
10.1648000686
7.52935256011
27.6856228419
30.8064582218
0.337077347613
2.09213445357
12.2845918143
41.5407627308
27.0422361218
8.07872218135
1.20654570025
55.8524550974
21.9796728384
21.1531765244
15.5180240699
13.4621091212
16.3613061744
3.04740191923
16.0796855085
0.659241382781
36.3404966222
1.5727554193
19.823825062
41.4957272482
56.1636999702
7.89168898248
10.3230080263
3.95298760454
10.2384055124
4.93389661215
3.85948356207
36.9620761299
1.57036194831
20.5001025777
13.7945856159
3.07714425002
12.8640260237
24.0293886555
14.2979454129
12.4537976306
3.26806195632
10.6736489999
32.7137379209
24.1365161463
21.8443222979
27.321037411
12.8210156009
1.78130652776
9.95022501907
24.6625490719
0.374288679142
37.9537966347
43.5334501386
10.7871771523
49.9478436994
53.9461077519
12.3751921317
21.02830533
10.8076701408
12.9800970393
21.5636641419
3.09096895884
5.47446170171
6.98459619875
4.36009463474
5.69881026658
45.7188070241
17.0920668457
21.3045152765
32.3657807019
4.80661422013
8.63213884297
9.92815730696
6.92941935546
5.73373370043
3.26501865796
25.73717809
48.0022973432
9.55907075483
27.0764269157
46.7886392946
19.834782917
9.17394349785
2.37458658405
3.85505579466
38.1074629238
14.4456791939
3.48800983629
41.1401007425
16.4617406033
14.3692725913
2.16108607949
9.30573614932
47.0023143477
13.9415111497
12.6765739933
2.40571543161
11.0730260473
2.28508305973
5.42394016927
5.1134083979
1.35044850458
0.68089436489
9.64565490326
3.66957678255
26.7421645583
5.99901349521
1.66965067012
22.2287231397
13.5647602262
55.1128598635
6.89115273652
15.9431789932
9.88596204595
1.13440843719
0.806852171722
22.1470147108
7.02514198074
24.962215847
5.74146806437
2.16826338617
20.0240592917
19.4613500917
41.5634247357
2.19710314642
14.0326392598
3.19440056849
3.3474033286
4.69054581062
3.0387948617
18.0551654503
2.38174239117
5.58402908348
0.955299154113
23.0192406922
33.4220210307
89.9021103041
15.241916923
2.51003619626
6.4983419269
5.26407102298
4.13262204056
1.2634238358
1.16684572956
44.7439018218
6.21598731303
13.5235273505
13.8518405247
29.1979715559
13.8480313529
2.82648960179
0.190072523661
10.25932987
0.207824796093
11.0387194415
2.83345808173
43.5484354841
23.7101932254
11.5901027734
26.7960929847
18.5549849118
25.715488969
45.0257630623
5.73482175467
11.8702543702
25.4774114504
8.71574275212
23.3571803671
5.98505622792
1.67439960366
3.23215623786
2.53788023296
22.5580234444
13.1797252985
16.0824435171
6.76314704053
13.8865217555
14.6081287511
54.48278206
9.11379227056
11.51338252
14.6935492252
5.37044418524
16.3229289617
13.4126513804
14.6795849883
13.9311391091
3.1467323551
10.0276827969
32.6779125891
24.2777454095
16.2109364246
2.07764100845
6.84953328663
7.01880635183
0.35915483121
6.92183767138
8.67126581123
20.725354932
11.4231797547
26.3727886856
72.5742725079
5.98816485117
55.1019869401
0.188756107584
20.7998611028
11.8786505661
11.2830811639
4.76094617698
22.4632422765
28.7650756825
62.9376281328
0.237881930129
6.80254631872
0.933527331946
12.6091733831
28.7969177597
10.8304355312
6.43037909346
38.2129169075
7.67991923682
9.61390626671
1.07066164385
14.1954630754
26.449084151
1.67224450893
1.22450316928
3.50162517781
0.707583390105
15.295308072
26.5049494837
6.74080618311
21.735062037
17.33894611
6.7028542201
5.03226960374
0.249285459517
7.6417690859
2.70097128644
1.53725009471
6.84081001681
6.91055594058
16.6358914236
0.27521693637
2.91511957087
10.3514363934
44.9140105568
30.471455347
2.70274072233
15.7706176058
1.23498085929
22.5736393916
32.4454121113
1.50071745785
27.5560177795
11.1170912015
38.600973285
8.45840238581
6.82351639272
2.95453082063
109.677588361
6.89928052276
5.8012179894
25.8208743897
29.734445181
1.0288289368
20.2640663768
2.26786133344
0.722803145686
8.793557663
3.58958765524
3.67311256938
30.3688875258
5.60099639688
26.3416760767
8.35608970706
7.3721135475
12.0989746531
49.8970109141
14.0850635784
10.7401627832
11.3547565951
