39.6639599056
57.004791028
2.15570591944
20.4671615595
59.1490614442
4.08769483212
8.23519358642
6.8532529138
22.3076507262
20.1895926318
18.3986907393
1.01307252691
12.5662216101
2.77341318807
19.7928960281
9.28141773935
5.48881586124
26.8674223416
10.7916148074
0.323453896357
27.0931751111
5.46799602471
8.09768315127
26.0422891489
39.7193178654
40.3681827352
45.363358319
9.09722831738
9.64461441397
4.86392463452
32.136729301
42.2143725213
10.1020216689
6.90742773718
12.8991600132
35.0826646986
3.66078460409
1.31728704058
27.7305499187
5.74527892733
0.414532428431
18.5867253057
33.2391971312
7.7028779908
0.174698931431
24.7499083213
0.326103903125
12.2632728358
1.49242678459
26.4718346236
16.5222055751
4.74751370135
15.8108530594
7.6691342297
15.6436045167
49.8957731539
19.505011375
15.3419483687
11.7539827323
0.672333627618
1.76702380813
2.85515846938
1.87680515976
15.254226184
0.550822181492
20.9002029999
17.9792933223
2.95544593278
2.42753229225
12.0922391639
32.5460293752
3.30170356079
0.815131208157
8.44421550598
4.18095695844
20.5391695905
7.12543503686
5.24204419459
9.13785807877
21.069220109
46.4210001362
22.2624021323
0.439509774263
3.60524065781
33.3065812489
4.64899954792
8.67794300299
0.93018625535
14.2529217771
5.14192267135
2.40807673309
3.2139058582
2.37279749285
47.6779248949
14.4881712072
17.9114247418
0.480369400972
2.40615915135
72.4142069024
8.30168070925
11.7966756075
3.76160910082
22.9089830165
18.2571638057
6.02622461497
8.96109084639
67.865402255
0.677838056798
1.96863634921
5.7069830779
7.69853461214
18.8598748716
24.297834911
6.70736732492
5.40304799405
16.173581954
8.37094351361
0.745329648851
21.5666354946
25.378930299
7.86811774275
0.0194852946629
20.2633550451
8.22807368425
3.61159887404
0.964291185298
16.9426741379
12.2015809031
1.62151957185
19.3835008325
1.54711866538
9.90624511532
9.9617259264
6.9557356682
25.1506329915
7.44716069403
20.7393829013
18.4010513964
6.88728462516
6.83764830044
10.4877858786
1.33518834751
8.80048047926
13.0772203153
5.49778672051
2.81507861016
0.999112626
10.9369263632
5.42890454155
20.7081163325
36.6473432711
1.70639918748
3.72481283599
9.96590711965
14.67630568
5.67456831421
0.274647593037
3.327808574
3.58276052779
18.1655133255
17.715978526
28.7203155727
17.7660402439
26.3754816341
7.95759302699
11.3260112025
2.06139854902
18.2993597904
7.57113106599
0.0182345227796
19.1632290802
8.87047093251
18.7789364221
12.1938787657
5.70548878612
5.96242057772
2.9781277562
5.81853302318
6.80026964811
10.973064803
8.11663519411
2.0521987172
27.031988015
4.69824029589
6.58633052976
3.29090886846
0.442225047591
17.8962011188
1.16882612671
11.9876052415
28.9275993137
31.3134358463
29.3731811615
21.3835108451
14.3265384981
6.33486599482
2.84158378697
15.6815477944
5.42667495165
2.05169938678
25.1135101845
37.1815895602
16.2403434653
12.9808548946
13.4200180757
3.57298799063
12.1908923699
15.8480611872
4.43219277287
10.8592716655
3.70989811147
2.01277597886
13.0065779996
17.5831090276
3.59317548162
14.4324688461
1.75226524985
29.3103390994
11.6161660305
3.32648789859
4.32648561665
9.16175213343
20.749918247
4.62455001903
3.15521542095
4.95213551943
3.00006559035
35.2822924679
16.8448803942
4.67322381438
44.2876712798
4.9848074578
8.88964155793
12.4148052926
3.63906171964
22.7629524049
10.9259132764
33.7917101404
2.17568238035
40.7968832761
0.17938589085
13.1730859844
43.2797591812
10.170584257
41.9078175288
7.68771983878
23.2338893048
31.4839090722
61.2219888182
14.1410915102
9.95864763383
1.61192987516
8.14711816719
14.0718997031
16.8265503719
18.001532466
2.36725089777
19.5335960649
3.10163887174
3.00317639959
12.3499501816
1.94551666228
6.98773947492
37.3236935983
38.1195839674
3.6411330329
6.34824507915
62.2324318181
21.5336946359
14.4481603853
18.4658254325
8.46166477616
14.5022976932
96.5776527846
16.830331058
0.340661072774
27.9963421922
1.06012213436
5.43042462098
57.6597392218
33.4163482013
16.8415408061
63.9368161192
2.33290025753
66.8044458189
9.55098800199
12.418368059
1.49222456861
18.2521497467
7.31418129807
33.9442028764
4.08072356963
30.9032094399
6.20613859356
15.109281862
36.8272998414
13.1159205132
7.20052781605
7.57728349964
8.62485508889
