13.9162282552
2.95834950823
10.1872706892
12.7704799233
49.2279337164
18.4878068875
0.219120521114
37.7952297009
13.8601156789
8.00596017901
14.6422198735
1.27334168301
13.4981338642
8.79081984509
3.38790278381
3.45408810745
0.987362913288
3.33481203021
8.48703078108
13.5544677535
4.72820810864
8.12211362567
6.81691646366
25.7865226896
6.80430873422
37.7123227433
4.75764830948
5.43709082439
0.7474343723
52.9834314082
31.2841145575
15.3854025664
8.33431319115
1.52752917536
12.7166189833
46.0683884536
16.5680875441
2.00715534243
4.5447838099
28.9718248336
11.4678433666
1.76909642474
6.63316601523
23.0689778264
22.7212810101
9.43931711539
27.6583319582
17.0029967491
10.9864861083
32.585223236
17.2577571511
1.68903698402
34.6000473232
10.943694628
31.061511
17.8759317083
32.2747223435
0.235452877296
1.27686921119
33.7797748513
7.9536904158
11.453080852
11.7514281345
5.85771304392
5.5304401514
27.708768401
3.0875194988
7.99743197679
5.69553712007
4.48873027309
1.4485012337
1.41854324413
24.1699034246
23.4192737918
9.86458042156
18.2580208625
13.6544710559
36.1727118113
2.88907567573
17.3224619215
1.53909770948
15.0853774346
39.0684837506
21.7380637015
1.41695794054
14.1608877838
12.8879365012
6.57036151467
4.3389620873
9.37632550822
9.84516489368
14.9673949616
15.70199035
9.44037958474
11.6964205981
3.40142835238
15.265735318
7.55052560073
70.6506676014
13.2725704178
36.8817054873
11.2009293624
18.7434564595
8.74679784473
70.6899207279
4.76662769765
17.7367651517
5.3963069012
1.79360664276
5.97413496083
3.79677815566
20.4216872214
8.3262072406
5.12020951216
36.4570668541
2.36812890942
42.6609790547
5.11850787854
32.9240452811
8.65136507841
20.6019387451
16.8122546694
1.51893083026
19.2762961236
14.375104232
21.980465745
13.3768411826
4.64509058663
4.62207496492
4.94944906584
6.84113696003
11.0598907003
28.4095393362
19.4768287025
8.68023932217
4.50653855593
22.3296214071
4.09253250606
16.0154376266
11.4679102955
6.09787692857
37.2332690166
17.5409591943
3.83981651996
4.3433881839
0.611988112179
0.295662134655
0.929833456849
1.59643882012
6.86613488824
5.29158171805
2.9432363198
38.9016106282
6.12848495241
27.2205532087
11.3216278838
2.32469036669
0.731011649467
6.66298507681
2.73267091958
17.6979899701
28.926496088
19.8985721445
37.8255959015
18.9590289236
6.25590409243
18.9791475996
2.26158389795
74.2134787503
2.72216177696
6.81713770221
15.8306205473
0.269014077585
8.55701217988
0.0524770634262
10.3251215444
8.98477204492
8.5535767149
16.9848780537
0.54317454333
8.27844755219
15.0699839434
13.7776535546
0.429792329888
13.3751820797
34.870712839
2.44805689829
32.8480979452
9.84388007816
3.65237774159
5.80478590008
12.0720258224
13.768343022
17.2534173539
1.76917808067
2.1162096827
24.9995698501
51.7370178752
17.4903814227
8.02590746548
1.10670910208
33.1356588688
11.4984152399
45.5592992126
28.190644207
9.33226715969
0.194416582294
5.68906424786
0.898144945864
13.3557356331
24.0313521243
15.0173466793
2.29600670706
3.10783483603
5.78907222345
12.8780868306
8.62607400564
0.508481145665
0.898149927707
3.2439461863
19.1971628451
7.31322005757
13.9366039533
8.70485562948
57.3499433663
1.15546619451
5.50704411434
3.96503855543
1.95362025113
16.3290912966
3.84882333488
2.99151032761
8.95436815288
17.4950355455
34.0345615385
27.1443132278
6.8197644887
3.21059228323
35.718472421
29.9936584281
29.3766193985
4.79063728185
1.10371154564
7.84673185645
10.1053728962
12.7472001321
10.0583421143
16.631672813
20.7435865507
9.34845289357
12.8163190116
32.5119918265
9.34893704564
5.60418658623
3.11871597585
45.8467849755
3.58693841845
30.0597225757
44.432609112
4.12250174895
23.3882122495
1.60463695589
17.0498088649
2.3421535373
16.7653457944
4.30816866584
3.42860633716
15.8257104113
66.9124274879
0.893847031785
2.35085065617
8.21045354977
1.98471475698
2.14508316483
11.949240195
4.7630046302
3.51598156999
0.978690269552
24.3591604606
8.56750736597
16.6066205726
41.6478477927
76.5830645445
22.6708946591
20.9183397143
12.7896600244
10.4550331031
30.0858839587
14.263467798
13.136748928
31.0128222606
13.6856966244
32.8936135176
18.9049509375
4.77148431343
8.57314169697
8.08908982831
0.229160891661
17.4363390851
0.470112348303
