19.9346492331
5.32211282225
41.5342568183
31.3129877519
31.1067547161
2.57496195225
4.91230775583
12.0041214173
4.83941678726
16.4619482572
12.750740437
30.1785267412
8.41342686141
18.2244495854
36.32872472
24.08735606
13.9390202855
24.6956355433
3.18161005812
47.6159243921
5.23318647172
17.4250087438
18.3339784419
2.46272606204
17.3322503411
0.105533080934
1.32630226467
21.6741990576
36.2058542681
4.88896069626
0.98423922295
8.74122097077
0.709053694595
18.7568458302
10.7506564458
1.24028803735
8.70334677298
43.3773202341
18.8725193101
3.0591375402
15.1312913796
1.34827456861
0.0100606299716
10.2905318273
70.6563728364
13.1061414352
11.9592906827
11.1878769105
9.87728779644
3.03225271443
22.1385165888
12.032693832
4.48674027943
5.72900053808
3.30118186056
5.09052926099
38.6625654695
1.95252995259
0.637838002286
26.8725963625
1.1686429823
10.360634009
1.46748342171
3.04936059866
19.5948355993
13.7189187616
2.27508274811
11.150504584
1.14010448479
13.5534367327
37.6857383747
16.0487544212
8.61203104845
27.3473463548
4.48608700849
52.0530122067
12.3537771417
2.56454167826
5.85581790916
14.8635283915
22.3463681861
17.0353221169
51.8196504643
5.64359116333
24.994181176
28.0221536531
21.3380174617
19.2133473617
6.34741754998
60.5708639646
11.7892289437
7.69653254918
12.9772132623
46.8004158113
4.06862797842
7.57649312433
4.00221314567
0.169209808501
7.03400117712
2.30172731876
16.1824315228
99.5008229681
6.66754769418
43.2872038737
0.975542527053
4.33920871325
10.0770883944
4.20176102654
50.5203576429
6.21520792835
11.8822702978
53.9934165543
5.61330933607
18.044931053
5.70480843606
10.7661945586
0.645435689145
13.7156067788
15.8545825113
4.43842214975
4.94189739042
50.6861529078
6.90845802677
10.9493682236
3.64698519685
14.7169840799
0.930244683438
4.27224515761
4.84976259974
3.35286019191
0.601091032786
14.973283055
17.5062909174
17.6641415691
1.45663350194
4.28820104622
24.1430016151
18.8180625119
0.913612576442
45.6164521717
13.4497706347
3.43763975939
13.7436321299
20.9161011252
40.446731641
22.6497432076
5.90314648564
11.1448781916
18.7749298334
7.28929247504
4.4861258992
28.9533462299
25.6654326023
106.473098228
13.9872537996
18.8092923833
12.4993356848
19.4562154436
7.20656893274
23.2783203877
0.980039348471
2.57417397126
2.65526250252
7.04202584382
1.56639242916
5.49860403076
14.42840692
42.570713366
5.76653820841
39.5468678543
1.81200983252
2.99463228797
50.0019582078
18.9037989952
33.2883415473
18.2155937061
18.6342016769
4.23752345521
10.8162752732
0.338013663884
9.95609956455
35.9938695277
11.0055086123
20.6085556439
17.2719849883
18.7788434528
15.3731166226
5.20963705353
4.16350817556
3.09918459842
3.01132045637
1.09938713247
2.59938917711
14.2190176783
12.5299325695
19.3590734847
3.32532877165
9.01075958252
13.4739055456
31.7740537396
20.1917583902
4.6791327462
2.17749631579
48.2566928165
0.803763699567
13.0217980055
11.4511573277
21.1030493006
1.22643265571
91.0117958285
1.14575737331
10.6352111887
41.7865190914
7.3230176621
13.1157349304
25.8232969903
0.496500639117
32.5269442372
0.473266154114
1.34519235246
76.997171319
69.8114134195
1.983273547
22.2674323554
20.4387176099
12.8576611213
10.7210210917
12.3400827272
8.60631371611
54.0197408
29.9083383004
8.08490637318
7.72021533558
10.502533109
1.29755253047
13.6123561924
17.6143742814
17.5330392462
8.47773161422
50.4672877687
41.643273351
11.0653452248
3.61590522983
4.07259852336
59.6058741672
6.71101912849
56.9974999426
4.65575371047
13.5768979622
8.85251811234
16.4072062276
18.0540188423
8.59061207949
0.852210640757
43.741580248
13.8791111327
11.9041495675
1.94283481618
22.0060849894
2.13823101197
82.0083784954
9.87073544372
44.0192727904
11.9477023504
9.49242892643
16.9845528745
4.30482993155
21.1926196642
41.9964874504
22.9767417452
6.91484587354
18.9233121744
2.00605977796
82.0501821617
9.19256847558
40.2942069501
4.93729868174
0.983128362281
1.96746236497
2.34860328184
25.8713781901
15.8908800725
5.6320329358
30.6718588295
6.55308735262
0.239227936712
3.32917660501
13.0182870546
7.61465136287
6.31522991631
19.0637427885
15.5843878925
4.19912544353
53.7597729993
5.03157131824
2.06256791599
21.6884159543
38.6629781501
0.521884560999
1.46264174864
