28.8284158483
45.5632313211
3.0455533251
0.393951114683
2.12507688224
15.0130424681
39.4576247019
39.8510508936
26.2798917352
1.94544261084
7.73946582496
2.19137112604
9.20124621684
15.8271953885
39.8136039867
8.96229591409
13.7444004697
10.5124047336
45.6074106323
32.1985561446
2.72978472932
8.31574203327
6.29480502721
0.203512808648
32.4307630621
4.00865058421
39.6572560715
20.0937876761
10.5515830076
18.1544498479
4.69226264997
4.85899559787
13.3373610124
19.5632026795
14.1167022159
3.01494892771
3.83520252388
1.64850212296
5.73884626861
35.6239804155
0.700670651204
7.39278303363
1.31673676863
0.813485774482
7.37837191328
1.69533609926
3.13256587208
11.7584032074
4.74469731098
15.3558407208
2.70628640569
84.8644664629
1.79562876282
15.565141265
7.79099681203
2.0059206596
19.9857752894
5.86691852516
10.7439538367
6.58183207454
31.1373801407
16.7771993243
11.677847409
1.33631078853
65.4631519034
1.12300115295
15.010163501
6.5803394714
11.1054896549
14.1521721964
27.9543432579
8.26347143776
2.25568683107
21.1580044556
18.9046616007
29.6772728945
21.8498030293
23.5484593263
2.33835425047
19.0498006193
42.3198224942
4.91082068001
12.9827857423
0.703814735709
19.2797576311
0.961525168262
14.8333914676
10.4661299237
1.1558360935
90.0331793119
0.498667992228
0.469698396802
5.15758575141
15.4974124185
1.68660258679
8.19983319136
7.25007482582
86.2098422095
12.8944123338
20.1890622697
4.78348786448
16.0260333594
1.39757154771
4.54071052646
5.71195927394
14.4446761842
2.02746059291
5.6984655494
9.47915642875
15.3150054312
6.60292620152
0.191435308927
5.51428874451
12.9950406507
16.1622371898
3.54360942645
11.0231697021
2.527479577
29.2672767788
60.4509197442
7.10145554153
26.8549120685
4.8709020559
14.990724896
1.96059057293
3.70821678178
51.2969608335
27.7427491241
9.67104533888
14.038587826
1.05962094238
53.0646567426
16.1323297056
3.51310250387
4.28618307357
2.06054379758
13.9541933175
25.5316707777
21.2119491057
23.3247690582
0.801069203849
10.8422934556
20.2197994788
12.0405684599
93.5963868833
1.46680929579
4.57890318711
16.9578608817
10.9235295581
15.4117473459
19.560083158
11.190815851
4.90944869113
23.9160116874
2.35006068111
1.46662799711
0.594165526083
55.5022520328
26.0826563496
0.102431668868
4.37605886824
4.32258477919
9.31985252136
1.44697488813
12.6331058845
19.7860392416
24.9585461478
27.5250686092
12.3633733017
16.8883725086
8.80426241424
14.7185589969
19.1590428136
30.5389702785
7.72769826462
19.5035242185
55.3514133603
15.27760085
3.8806265411
17.7189320018
27.3810400266
10.717355312
4.42306475266
8.09795074983
0.0352709536777
27.3636195348
9.37326853185
8.29397174415
28.465555989
49.7436638622
27.1745016553
30.6428102158
1.21222304594
15.0843003328
2.53556415409
16.3262639384
4.85276781264
0.598888432283
26.4887408705
22.909716943
17.9750786622
26.1366064803
6.54776047988
3.0076976442
11.601560083
48.3541240667
14.5422510432
45.4825015142
57.1011415435
19.3893077337
12.0972774363
5.26879466492
15.5902208782
5.60059879358
8.23909511077
19.0735359869
12.5921519861
14.8965473595
0.509528317474
1.36784730139
1.15572526953
12.090733079
12.728830307
2.61985065235
9.3602745853
11.8830833666
40.3002183643
4.71842188062
2.30368900095
30.7558864436
13.0111695359
26.0732884554
17.985785597
2.22970145716
7.6704831186
1.6969091706
11.6659814014
17.8208936249
19.5036468327
35.7762468718
9.97856935837
21.6107881147
2.62864739865
10.7474577101
9.52817482187
11.4409387576
19.0706108479
2.610775489
8.76471485154
3.55682722054
16.9091792207
8.08744058338
1.4155628371
23.9377492233
1.21611220243
9.12299710369
10.9230601903
15.3105710769
41.1216114601
1.16621392132
3.27053383513
9.15969595858
2.87456180002
18.3776469217
9.80629006427
14.3349497807
8.70836464826
5.67566243348
7.77171188271
6.91309572265
5.96330364048
3.49123191286
8.80332131671
31.1038796147
10.2590736282
52.6992862731
1.22601110896
2.7149469637
24.0339205473
13.5668750886
6.03468216821
6.63519836298
14.5660917311
5.18015548088
9.45053348124
14.892321313
6.94107027371
0.338897650314
9.0468754207
3.5814298777
5.3493067757
32.5640544425
30.966019928
1.78720966414
1.63649651485
17.2835520542
11.360040659
7.76936530456
3.44843850326
15.9779210204
