18.1245314437
3.20239482807
21.1755207999
11.698321763
5.9270068004
6.02346731321
9.4960631002
3.71332909597
6.45730854184
6.15708292035
33.7550506487
7.03556845646
24.9286890532
11.4645400645
10.700781268
5.59532031892
22.4932909159
8.52553247454
81.1647516783
5.21114885409
1.32569856533
6.25797818463
1.52021461105
10.9381872254
16.6598170432
5.14127177529
23.3607767902
1.18528090741
26.3821206136
4.98386887815
4.36886613377
7.25365027016
18.2649889413
7.26975410367
12.8723772608
11.3966975152
7.85420728113
20.6345078803
16.427635472
23.8644201289
6.24909771424
0.707528927301
1.64650344894
7.02035862832
26.9153439205
7.2304262639
22.9680396183
6.30633781762
19.5944496842
9.23294272302
18.3156461418
0.0306958886924
4.70465116899
12.5687276989
1.80457858438
10.0677582124
36.5218301787
14.2090935361
1.34942187013
7.21808510145
1.74288607389
6.91388249063
3.65264938878
5.35309061855
4.33160505692
16.8653450018
5.46584043693
3.6976403781
3.23526315303
6.24987139173
59.1227249531
45.6119940581
27.5354346467
38.5079667261
19.5954785784
25.4946863034
5.34910689378
39.6447323343
3.28540354374
11.4106845831
3.32394732169
8.21168731265
5.91381687027
60.1390439531
4.03000400397
9.27513982584
18.2198504389
40.9237072324
6.42115129011
14.8540950922
9.83708257924
15.3102359377
26.1189981544
12.5288827512
15.2638344449
9.39653788725
4.9788769333
1.61984577526
0.971038498107
35.1044233026
17.6731284819
51.2829315836
2.32676140024
35.5104568355
5.6504192499
13.9648551364
4.86833437463
30.8899862629
26.5358481462
4.18905433031
2.14072220245
3.55537911132
0.904305230705
19.63738517
2.70330182156
31.0617783317
5.31632090829
16.8000642694
4.43725901287
10.6865264341
7.7075606796
19.3151125717
0.541512611753
31.1599839904
6.25702113138
19.5044024144
29.7560332595
1.02198103024
13.4837000432
0.750306564246
17.1129717506
39.6898872157
0.831304742453
4.36101011373
15.0402130664
38.4579989786
7.14786115823
8.82335261349
7.57778289115
7.38738135546
16.8386012741
1.58889418074
32.1729007827
2.24756525718
5.2938166457
2.08061923286
16.3886348703
16.4503873096
11.9668809939
40.4686524475
19.3344862827
0.51842440452
9.46228237693
17.4994775479
13.0632548438
20.6101062192
15.9621041923
1.91599743396
0.541745366898
20.9476652569
27.9097052056
9.68069537643
27.3370354034
6.48606950109
5.30073026073
5.36095793304
8.78960612893
6.02176277833
37.2012348405
1.74967757673
2.60636034972
5.34827101173
15.7441297577
7.24062543753
29.4750672182
17.7954878956
21.3896143004
7.0739500196
19.1800818862
8.42052395458
1.50413396228
50.619881406
4.72651792003
10.6084977195
33.8094188921
3.77803223712
24.4894987732
8.57779431408
11.0158370324
8.20705802638
6.23303873929
16.8788923054
17.5244465203
4.3260257901
17.8338200838
7.93399369606
8.42911709411
0.602400309356
1.00447057602
5.93847339296
1.1686940348
8.76368930034
9.52831838842
3.11758365069
48.524802827
39.5014119831
7.19085843878
46.7773284894
44.5349929303
40.1061063088
27.140316644
36.4600608975
12.2460704021
35.1438738473
3.93710605902
16.2727086241
27.1792939019
29.68420682
21.7024183003
3.68917053119
16.6150327432
27.702087251
32.2297445582
25.4435586528
21.3613578386
23.9812955461
15.37119347
11.5843008802
8.19766116977
26.1600679141
23.0781890109
5.74833031727
4.43166160578
27.7842063513
0.559404561035
7.23685611619
5.35348715883
54.5759941565
5.70959254461
0.0424083237897
8.78186755174
26.6574224489
8.70341305594
4.49442540364
20.549656265
27.2662669678
3.21983371734
4.88432045206
42.3951984381
2.95017123588
1.09783343257
3.03610515439
6.09456709215
2.38883833247
7.97456776777
86.8659175641
55.932633645
9.53489545569
7.24282309257
8.02128180589
11.6625774791
9.84642626117
28.5525460154
19.5117176067
14.4447317737
9.08312833437
13.4144282552
11.2561281845
13.1423389904
25.7766528423
10.5226969369
4.15966712255
1.39241789964
10.6144422399
14.5283666174
32.4076477841
2.82203547705
11.4800130154
42.5587466516
39.5252010697
55.3009688323
4.56624507254
38.7243307672
22.1894922302
15.2924311075
0.630705238421
26.5158734869
12.3733814933
6.89967358335
27.210227728
62.0120061431
9.10813092667
20.8622043752
16.2794345398
2.14292944696
1.71228952463
0.64547829902
7.36085724382
33.5355181162
23.4145397997
