22.5539120334
3.46106883401
19.0313045653
18.505016558
0.559139786013
9.40543541607
10.2029952018
26.3164267247
11.1027314388
2.20502700999
4.74999430247
20.2434481383
6.70646426728
7.78737021414
4.33880680864
30.8148189712
9.03944880723
3.692956089
0.100397609743
8.6601329516
1.20431218979
8.55433756228
7.27190186387
2.34998608194
6.27912119826
1.84001834395
23.5935816102
57.2129257346
10.8763031386
2.03370378112
17.2705101589
11.0698089865
24.938244273
34.844825819
7.07231378174
43.8400969626
6.29375653283
2.9226508268
0.0860725995086
3.85268059083
9.32973049951
11.2880538819
1.94393541876
11.203140118
27.0766908301
62.7842486243
27.4544701915
5.96680886982
5.15614520656
0.404761741319
5.47604402474
23.0013622597
17.2222046013
7.40936099252
8.64399763501
3.48740654335
33.4679254292
20.4064075971
14.3804540423
31.9575359855
8.45962332923
7.22555740874
25.0177566707
38.877559146
3.49957092538
27.9729758052
8.83122829989
15.659762499
3.08706337851
7.4604254992
23.3770481015
13.4393939389
5.52431266035
8.37427079868
50.6842013486
5.69474378436
7.43538234687
9.49185528703
0.985201112926
3.67100551795
1.15093827104
15.9999196172
33.6627070546
6.8898329599
55.8613440243
5.24695907131
1.8739763073
11.3734093076
21.2961793738
0.598662137981
11.5550572344
6.9029952938
0.604726906344
1.84039792964
38.6256302309
9.26981983124
0.783481511068
2.62099405399
0.768912743372
18.2322076754
4.24835365941
25.9506539554
3.10772874772
16.922449029
19.6376706747
29.9710749713
8.28379693413
4.69879518143
19.0052557368
14.7012491667
1.12596071664
4.97686601635
18.2951001122
20.0598350449
4.99041605254
14.9117592089
11.2316062746
5.82945316219
0.150020617823
4.51630716235
7.52952941278
8.14086431425
9.20196255402
6.31838045163
13.8151607831
40.5582375018
12.4590949394
8.58507383324
1.31285936026
5.35954539492
13.7268462399
1.65601781669
26.1317521246
9.34407539364
13.4188038058
10.9342490013
14.4043026251
16.8917449544
36.0411444576
23.6708189404
17.7263599104
29.9295664679
2.3717269037
34.1983284001
10.9434022264
13.3055956535
16.716567819
8.71121349217
11.5942696553
0.349209217455
87.9523430732
1.23733327377
15.9805785687
6.65835901698
20.9436670087
0.912039169487
14.5524170482
10.6746907644
6.34856461911
4.89400214631
29.3153180512
15.0378832823
66.8847884574
3.03256074773
12.6297468371
14.1002729082
5.469717078
3.29349449816
46.4206673355
2.48472432435
15.0958266146
4.25949363356
13.8284954935
21.7522256778
1.43665010228
6.40732112038
25.1554946285
14.4983497812
12.9760862345
2.58857483503
4.72810550118
1.27185918476
4.98613233963
0.134836970855
43.3190454347
3.69840034719
7.98134329374
4.65261370892
8.11981149377
9.35325808343
22.9761653811
3.00978265184
13.7255423617
10.5412461366
12.6160148402
24.1794781838
0.471284751396
1.90893060391
22.7440294535
9.80577252566
7.48113093012
52.0694514233
18.1974330797
0.593535215378
17.0205453499
52.1036095005
3.44618550492
2.62473924865
24.6530732289
21.2837656568
0.942589454388
2.40880144273
8.12202948182
10.8127023226
17.8997656827
5.74097879547
1.22905633871
3.34995760509
21.2373072405
9.54966441321
30.8812151488
6.25927349214
0.353965875839
18.9158282163
0.696481400626
6.98296584861
5.97479094389
17.9227006179
16.9376712177
30.6852666812
23.2762518857
9.74706222079
12.7922468806
13.8945440512
21.5955784218
7.14974459011
4.84275234732
16.9534204169
34.6047376591
14.0520357028
53.8319714726
15.6653411287
14.3682945515
6.39245938796
36.2891143102
5.20113790958
2.25549718591
96.5772304944
4.91108876762
29.3665395873
1.17892315422
14.53907099
12.2335229966
41.9634233161
5.57397949748
8.06245701843
14.1456899883
5.33049183456
10.0226685366
18.2704978242
14.6179718571
30.6434560188
0.805927002047
29.1498004846
12.6899966859
13.8020112533
2.94102317585
50.3602573864
7.55100543874
7.36482778319
25.3039961559
37.1040646641
5.9571107533
23.4287233656
4.95833572367
1.0662431084
18.098393234
6.9015432711
0.824629730901
9.59795307845
32.3634007817
19.7462677907
12.3515931216
37.3446604734
12.8122920388
21.1798810005
13.2311070086
21.1089321208
1.1360388561
33.2665835929
14.0676363536
25.5007437182
16.0051143527
19.9819184914
6.03183915571
3.3217708246
23.2545710053
35.3775613964
7.13075774998
11.8163225954
