13.50632614
22.8074383075
12.3639194165
33.7851081774
13.0047200028
65.2439919942
4.95209670624
2.88300044701
4.30657630408
1.18411047708
1.61653007481
4.95400255659
3.50504789567
19.0621572275
2.77840132995
3.39161271594
13.8555282429
8.2195287162
7.75354793459
7.44632534914
10.1859801071
1.36874212338
36.9062999944
1.87265113776
7.63796462032
7.47750806862
20.7737060681
57.185644294
6.01941763986
18.9683341478
18.126607531
29.0931511358
0.591446414726
32.9925297929
7.02096838503
17.050736611
33.0538204254
13.1035049097
3.39602854696
45.724288141
0.696286823649
22.6694416287
5.0759798608
15.0575513391
11.360209543
12.8636608373
3.54113980454
4.20483870606
0.792660890244
19.7264905117
2.73390308522
2.63060714089
2.21029847211
12.6467181395
26.4110535262
1.3366514364
5.67313069694
10.950711814
44.2532543132
4.75086310301
19.8843383238
37.6143808165
24.6842098845
21.634846074
27.5777845268
11.2459269009
39.4290478837
26.4133671373
6.75637148295
66.6537140737
4.15359696344
33.6999494238
3.68675225207
0.723406010815
23.1594062651
7.87581662334
14.3925591933
1.29495432896
8.71854707231
4.0146314509
21.4931214553
6.171869256
44.2999385347
22.2453140609
0.4468102569
10.43571938
5.74418727108
6.45030407908
26.503449016
42.127967487
5.17540572497
29.5390985131
11.6623857743
22.1771585353
0.986675968946
8.78855561606
58.1600058972
22.9209238841
15.632766225
7.71235484587
46.1800733913
27.8792822291
8.25612920502
14.3100674776
1.45274705649
23.0121403947
36.7950055262
3.62090020712
14.0216202442
12.9617938
6.21132880829
0.978731945771
28.8838903297
12.0406503016
7.88047770956
5.04826195744
11.4797725934
22.5405824832
1.69989507899
7.30948063072
25.8694425915
34.7536094697
0.309275007325
24.1180645562
1.75645407652
4.58460123933
15.4070665253
29.6872488973
20.4358017122
0.453483438623
8.5693408757
23.6958671157
5.83900462116
12.8653626685
7.70490036791
0.741355899679
8.08386804577
1.59039889738
0.281144551295
2.5177497382
11.7402009357
9.69123504715
4.45952827971
9.20044955251
0.910891997265
39.7451596518
3.30617286722
14.1340367867
27.4492421665
35.8636811212
23.0221007775
53.3545037996
5.61611175203
2.02269895674
24.4514947528
16.2327511502
0.278517514124
14.9128743141
6.62470022048
16.467701202
28.8158881073
19.8177590012
5.69655080344
20.5566827139
6.84115971586
16.7534495508
4.75479907407
0.0659413803199
0.221743971254
6.23903324507
2.94927813568
8.69532164947
1.36233174903
0.948175418503
12.4840341739
0.0450230284518
34.4990596696
20.3582804422
2.89689840076
16.6667750817
1.33871708524
5.65100784801
4.1779346175
5.70735881431
1.15510841116
8.794081305
6.97612292258
2.7709702572
25.0732317093
11.6452070869
2.7424147869
0.101425785973
17.2744628151
4.27926048866
17.0503048303
2.0570286858
2.11667511847
6.33315190918
1.085873161
20.4134878464
6.60451633505
11.3414171762
23.8875810277
4.33894260923
1.13368905353
10.1774653201
21.1917622029
0.512955895148
7.29343703074
9.52849371073
1.88805009711
0.224370283764
19.0814669284
18.6078558372
6.51558359329
12.3510027298
18.9652402599
1.62413175456
13.5886852768
4.35775764588
8.96757552013
2.68806323084
33.1281910006
20.9404974741
25.4823672895
7.41457327781
15.9599325946
18.7743590837
7.57054506461
11.2923163342
55.880563409
25.1892995298
0.145065378497
6.3753352154
7.08675889527
20.8045517034
24.9965222296
4.85127214533
9.62796921897
26.9589705432
23.2028625907
10.9506188798
13.2990240446
12.6511469715
14.792784243
28.7107656745
1.52931289073
84.2173701475
15.5216722498
61.0477733915
14.9161464838
2.21060452845
43.5264672056
4.30056738658
28.8577989596
8.77169109552
17.9883028613
41.3827374467
6.48160981324
2.52103150788
6.24926765608
15.0475031605
83.3349065735
9.45168764161
42.1193244084
26.5116085989
14.5642019136
5.72851485974
9.11780405322
3.37723545069
21.6314582011
9.43916579002
17.2552302002
5.421201841
17.792931918
0.154431994234
2.79819252199
10.1548236841
4.84291774261
33.3961687399
42.20104039
8.02457966975
18.884010601
1.05797286938
29.7666512986
5.70047970148
24.2274507891
5.55442400025
24.4714841312
6.78136550297
5.0866703994
26.7331089559
13.9426078839
5.70482536086
23.594079851
19.0117633069
14.8459920969
0.801257362009
1.02940203973
7.75402352634
