4.3242191008
7.9118733475
4.39567215764
2.59007743598
36.6216095815
17.4206498501
7.71660822313
25.9511208295
51.9340385309
17.0557447795
41.1515804738
4.96700036
26.5240267607
41.4536461087
0.561886743026
0.0354299720876
5.39824176846
33.0710206137
35.4446666133
16.0587807935
2.2019318746
5.13447801576
24.1802704025
46.1433486903
14.0968448545
16.5615543096
15.361428885
3.65404253582
5.61258252524
33.6493318948
3.81022766184
0.516015770682
9.11366973877
11.1676428591
2.2054620793
20.9841565158
20.4152743074
8.73161796642
8.91461690532
16.052312524
8.76768695928
26.8403213724
15.4469985254
45.833874007
8.03661486716
19.2309396555
4.36947046823
4.17768956749
1.5007727246
27.8926136331
14.1735469852
10.3580028992
4.18757996391
6.88130602067
1.39691842522
4.40472646378
6.90113071675
1.07600561942
8.86416744634
0.638789679884
13.8811846099
13.0798266707
5.61005125472
5.89486038219
5.7819358847
7.14535910899
42.2464447215
6.07945076468
9.34322306095
13.1965213326
10.5160523253
23.9315330083
33.1835540261
2.15544666107
30.2592003698
7.93887011995
17.299115946
23.9699830198
15.2286208121
4.99718913628
4.43841522718
5.51899036698
17.9813594682
2.90586323443
7.85063287515
2.12362499898
6.71115145998
2.64411138637
21.1553492187
4.1307541646
14.2898007745
10.9344772511
8.54180615093
24.8050739301
5.06720193225
31.9938620542
8.56350363734
33.2192824365
28.3382989269
36.2025819065
7.03592801942
10.818394122
19.1696132508
1.81560721228
3.45411214224
0.179562251363
4.88754399778
19.3103879506
7.47807820673
13.5384838298
1.73504348143
3.74783051374
0.0838026631623
11.8196352457
16.6560730349
5.23594275142
5.19388277545
37.3056722103
50.7035816444
0.445493196154
6.17072740169
13.8056997391
4.64939751296
2.37810483742
0.0669274233124
10.4446683699
31.5738045886
11.9937344727
3.17930589464
2.57090375901
14.0017117529
11.4979069373
1.56864512861
4.71858750215
5.58106291712
1.96413270511
15.5329423142
3.69327862209
35.4673227571
9.36972014419
19.9015139519
3.5857884577
3.39586803955
1.1550399008
4.94909839494
3.07056387897
0.910001753722
25.0628077706
2.51013986217
13.5719429778
13.1103129065
9.83997578121
10.1248355469
5.30950022714
8.55033702297
84.011675476
12.4670485076
2.3998644771
22.3302493407
4.38446328929
12.3365085439
0.102089201505
7.32371719604
12.4235522398
5.42190777024
23.2280233533
1.54813693211
40.6962789966
28.3882099038
19.8141748573
4.71638497451
8.72160019109
6.07115736486
25.6191995421
6.63995322779
12.6508758033
3.16160422333
1.10967389688
20.3992589611
4.63179037951
8.68811528962
20.733815656
18.563793421
16.7900167928
6.88582388274
11.203698793
0.283405840432
26.8817183335
17.052211659
6.58409894307
19.7094591813
10.0136355662
4.30099630274
11.9953620001
0.320046131429
15.6005556365
8.13199101829
5.38309557024
7.89477275064
13.5956708471
19.6556516396
19.3845586699
27.8517435407
48.9856972962
44.8442093661
7.38538981438
33.472971419
16.6688377908
44.3748124892
12.395067216
9.20667188926
15.7107608269
28.2683126277
48.1925847278
32.3253072164
7.26268026103
32.7769440334
21.6804175178
28.8167173643
0.936932318383
13.5967833485
9.47512504254
0.869667063289
7.21658782172
11.0475532265
3.5160127006
0.522732613082
3.25075753252
23.665520656
32.9069527529
29.1652240022
2.68981565552
14.9945387817
1.28904294143
0.371253421862
16.586236968
14.0404788844
9.05071052012
48.7487494304
3.93482009974
8.56395663108
51.1720905305
12.1081928463
5.91837707716
9.82856296264
6.94045664065
0.821665961447
1.76725312885
1.48605905746
11.0335798817
9.96434480497
37.8774361725
15.3078929105
21.8299973154
5.10829029066
4.70874933214
14.5829095314
3.27363136441
8.92660831808
4.01149989491
8.16005236698
48.5175542304
26.0435970781
12.0383308854
7.93751241456
6.0834067025
1.1934121292
23.5839064226
35.2392841157
11.7148318405
15.9149012161
3.66513624376
66.2569255944
5.27540876923
25.218445697
3.87392814304
82.2806889231
44.3520862721
11.9593497723
3.37096232764
2.36377961971
0.350822650883
13.214012972
11.4708915765
5.22360526772
35.449856098
4.79776564336
4.1247785626
21.9935351925
0.766966890608
10.893411227
19.2847533695
21.0215599108
15.7251354197
5.27389148329
0.459108101768
3.57301914691
5.29584385199
6.92861331174
7.28969643034
