2.524566981
16.0329244391
0.907270530149
9.37877606017
0.466980443155
43.0939438975
29.923013976
50.78283882
6.67963333979
23.166900735
27.3030028286
2.380638399
1.93943905037
9.24986455808
18.1784498532
8.73635821878
10.7807220154
7.00400032599
3.331804259
3.65796028292
17.6434033725
7.70256742308
3.33960822491
9.35177013914
22.4846395326
28.7548460361
20.8279911604
3.37645399678
3.28609321768
5.98221877821
79.6496658817
28.1859115217
5.03934681025
13.5681323496
9.5944839659
49.0795095631
7.20473640489
19.9667086974
1.12721177202
61.3135966872
14.5482203411
7.3002527262
8.78422035867
12.8153013105
23.7583287482
19.0688165587
45.2673219159
13.2219105841
0.925762691903
43.0310063544
26.8914753547
1.42064883116
0.761405608351
4.44932893469
27.1022773033
22.1296820484
13.3440424218
4.98544445361
1.54656420121
6.29653780376
7.25080709299
19.2808844096
3.69354316139
29.2071623301
13.0411599623
104.101168475
14.7060298909
12.0235307824
7.61287779405
67.5562647078
13.7890644177
9.14030464813
2.35925838277
12.6406209238
8.38102692772
0.15006786354
45.1430381527
2.26166913937
71.7788994433
1.48496171728
4.81054646844
2.21945580763
3.16654110018
15.7350867711
30.0824155775
1.62591917674
9.54597289761
8.69418290249
21.6336890018
57.4258944259
0.90765651183
4.28803079015
12.376482258
19.9208437435
10.0711507208
7.051297218
2.39619887682
29.0994814468
33.730410346
68.9654617692
11.8751229283
11.6590377587
1.19854455001
8.12242490841
1.89810080329
22.3955615197
2.00214272524
12.8286138021
29.7073210533
3.49740057286
13.3435677376
40.3896532414
34.0063979037
24.3053466818
26.5382145173
10.3679685247
1.86331172418
10.0979218967
4.53932146647
19.4154385465
4.75848806505
6.29065887138
8.59824169889
9.27113304987
4.45415234728
3.01081434692
24.5870731817
0.172806588025
56.1612812397
4.59451295885
21.7383894793
3.07831226956
4.05609089552
8.04337631805
23.0456271693
7.27407420013
0.230151855967
5.80110605218
5.44928372324
20.6815855119
0.604019722865
10.1915531068
0.354115315508
12.8194288851
17.7878556356
8.0347946672
3.19940171093
29.0413913556
2.62748582957
27.7642511475
1.44191792555
1.2665865707
2.19158893888
5.97594459992
20.1030724257
11.2605715867
3.52339536843
6.55197593291
43.4006045952
5.74197610226
22.5088927383
2.45002653606
34.9108282283
2.25435247533
4.62636018143
19.1014375479
7.61109635718
16.5342489729
12.0792225185
20.2325445737
2.02161677782
5.42556308395
1.50178770358
3.0994227353
3.30020012448
11.0125929586
31.2520136211
26.0957296587
4.12812486137
12.6539867133
7.03462308631
45.6115057428
4.09503646813
21.0967664831
33.5395715006
19.3238107263
19.0406522919
0.579811827718
0.940560325086
17.9707229826
9.07961533366
17.4531814284
7.18543142555
0.0536127940132
3.45474679065
4.61256173546
49.6771634936
34.065057996
14.7373298587
0.931797745929
1.49345935273
16.9671347443
1.03336263266
15.5758380595
9.93670300044
13.8126917823
10.8707462986
14.7823921543
12.1273300823
11.3194189739
9.87474794376
0.496848567536
9.24200142318
17.177544227
3.79420287624
17.3159136935
50.5032527474
36.2286673224
17.2704895112
11.7223560869
4.8322624487
0.241889935283
67.3566785384
2.12099657387
12.1945112949
3.73958234643
10.3171034917
4.60433707791
21.494983017
13.990943636
10.0212876194
47.7471857886
1.06778348065
41.4886314469
119.710390573
15.0113413102
1.1715892969
2.32433912803
16.1669053427
1.26030304375
44.4018528314
8.97262193894
13.9894177889
5.39098991201
14.7480620268
12.4320545783
5.38174539033
12.3675927857
14.8071853036
78.2872570305
32.2310247377
0.851885314237
44.3281949833
5.08836477867
29.8666304047
37.8806188376
3.29542022466
20.2073680967
0.172157029739
37.3930169219
5.9067158837
14.0147081255
0.73894982491
10.8463795037
29.454936033
0.997343079678
27.808296834
16.6739119304
4.79350426191
7.8238198184
8.64539142375
11.805888665
25.206387381
32.6920192061
30.2492684578
2.07173481313
19.1207061387
3.01159223131
12.0604092405
1.84730773099
14.8584528797
3.46267469934
6.38260879792
0.67067525726
69.96265294
37.2877441487
16.6213640855
52.2514901748
12.2743852178
43.1859210658
34.8766337434
2.85314020087
14.7259208169
7.76673203846
20.2762143836
12.1972441114
19.2976854487
2.19025735804
5.18868557126
19.0957142081
