25.6635191124
18.5653036892
5.77486266556
28.2920320819
6.45265874361
5.30171938801
126.45327861
14.8755486256
31.7668295206
5.84576925534
10.8093529092
10.8188623543
0.84939953133
7.10180457206
36.8761686587
5.42862370201
24.994368067
53.1697088921
12.2078945339
22.3092817261
21.648851255
0.4106410653
13.0511199065
0.0380196430056
41.1364926424
6.08490256325
12.2805871547
3.53977366154
5.89172044301
32.4662205356
30.0432107947
36.1924661054
6.66515641591
2.84096699532
3.74298118495
8.63879002087
4.18011720244
43.3441930775
10.225418334
18.5742154746
11.1852555655
22.4551560468
3.31843035629
6.39327254604
20.5113429144
8.78847998251
1.08375922402
41.6539915755
40.8762076535
1.25487319774
16.660685748
16.1828070265
0.549846711525
16.4615231627
9.73803571323
21.1784510748
6.79433901377
32.805838479
18.8994974467
49.2702750137
17.3685494968
6.55672182769
41.0646757417
1.74269807539
7.28889747563
25.6475039087
10.591588632
25.5279681297
15.6240454171
2.87578636694
6.81331133993
17.8805050124
11.4625025013
28.970401941
12.875142731
12.2238877013
17.1393387051
17.8150138849
14.9794103719
15.9956528818
68.1649865559
32.6366173181
21.3428463453
19.4129598604
19.7927820276
9.44337401635
38.4328011327
26.1724776178
36.6224832785
11.3560555628
7.71445766274
13.2107884553
8.97192424973
20.9366256513
2.13857495782
10.8481293775
3.19733832719
5.4722140522
24.8488577952
35.4237476388
4.11767188956
4.46141853491
0.353908444647
36.3366098883
42.2073996782
24.0575541933
5.46610045636
1.52053855611
8.40798963323
17.8820618571
0.82532058824
24.4455322363
0.158052548047
22.6701761479
5.50459342038
68.0193152296
69.6303393159
0.396319183418
0.392254828077
9.52601982224
14.8390979946
3.67466731194
12.3805272232
7.04295660528
32.4435667906
1.98325730954
9.67130455577
2.73395905665
4.41958431047
6.4488404886
10.6807143247
5.39158480588
1.34130751427
29.2948966408
12.9970948091
22.5944871319
6.16528900351
6.6415502097
3.79576932663
14.4027416302
6.18013223614
11.3865130616
15.1602079705
33.2736995745
16.9333571602
13.7571894906
2.53185983657
25.1805749015
8.52867208073
14.4591568545
4.31307550564
16.267256902
10.9434996059
8.31441365188
101.247636811
0.919061924055
2.40340656805
4.41113682075
3.08358576213
19.5084439438
35.165039204
1.50395995046
23.1364051884
44.8463929617
10.9929502795
26.7643898913
4.93780778619
8.38664255248
7.91634141775
4.38770302081
61.8680046951
37.8816488218
3.74044975058
26.4567045537
7.04358918654
3.83642774347
51.1482555185
2.60232037076
6.07660102664
20.1656980152
14.7513645143
13.6194867559
0.28195198135
4.31437670056
16.3886764661
4.48151224812
14.322484293
12.0122715935
15.4133836327
4.63907770267
9.25532957848
2.50813902732
8.66891641513
1.33009744084
6.35607747197
2.77032284039
10.8414425049
6.91683267093
6.54252560512
9.81620277858
20.2992561807
9.72864154992
41.4340716821
1.97670189669
9.23437622042
26.5153312827
4.69196759253
30.7653822724
14.014035599
1.76179161155
30.7821904164
7.82553931175
7.65952621868
1.74148300414
2.17049708126
1.97904016558
4.07386169575
1.49864381293
3.22778998236
4.7624204984
15.9229387549
13.7565741816
14.223868074
1.89082847233
0.343116122962
13.4088641649
22.2012965008
27.5167797642
3.29376089652
1.5159505661
3.48651204363
2.71996165329
44.6529220158
26.4918650618
37.0090771368
46.1176073435
7.39000298303
24.1340087675
5.65826163961
1.46070936224
18.9470523903
2.66008701892
14.3414038037
1.94590198913
12.0213640644
4.16605686982
4.76862316635
14.7067148583
22.9346090891
11.543227927
38.7823855372
1.87868711967
6.19484917079
10.9719841821
35.3140153866
11.221603639
12.9280107107
7.60464734199
26.9698065282
0.148187855668
9.34328046225
3.08641329416
8.52005961391
1.02190326173
20.6383323983
0.559864468209
4.75666631095
4.47268107871
21.5805806949
18.4774532165
9.09659943559
7.20613851988
11.2081550942
56.6455063305
24.6737638904
5.29135132833
6.02818547556
1.93460906955
14.2759055168
11.646096503
6.43094054667
24.7745113459
2.02902801211
17.2143069756
7.54752834455
79.0180675945
83.8390649762
4.32003596628
23.7035135211
35.1567179631
11.2322530063
19.098399147
4.09623814307
33.1635515866
4.59217011146
26.7489878752
8.68024224478
20.8946023077
26.3670766879
8.61922791974
