60.9445438326
1.97005173656
59.5637342496
45.6999698781
32.6926513012
18.4170418687
16.9722732374
6.0061178711
0.587926555328
0.877536121862
12.0163905368
7.13376909005
34.7453064761
5.5166084288
0.699796646903
2.2512104364
1.94968103661
4.14229178377
6.41250843799
7.73354317695
27.2550891847
14.0698958639
3.13101997932
13.3328988205
16.0785612861
1.06404568138
68.2829650781
7.36417632972
13.9768176539
0.00767411808472
0.264741291146
7.35631001989
5.86771540038
0.972454295139
17.1098982465
12.7489919525
19.2711431709
2.06351257872
24.7523184553
11.2752984664
1.51773712121
6.99881834734
0.41005390264
13.0889783772
5.37479580603
9.39996468815
0.0412707263745
12.5711499601
18.1050543095
46.8198680169
4.99174539515
53.7463490645
16.583815877
17.8943163994
6.885257339
20.9138998214
3.19897153542
9.51280211056
39.8785688674
5.69691263714
14.9359200118
8.98914744892
34.2920050183
10.5239422976
45.3719166577
12.8031117149
2.58031066392
29.7095527355
18.3163410513
3.52060269686
31.0798545017
7.23414184744
25.566750263
6.73640499527
38.3572209605
64.8991437603
9.66207162846
40.7018448488
11.9718774055
4.09369642963
16.5342182099
4.1359990082
18.9136930113
3.25637432825
16.8870336908
1.75673412746
20.7363622473
2.41988166051
21.5077254308
12.5950425332
27.3895817039
14.3920014392
0.329778714383
0.148051169163
6.3050159799
33.2791416268
14.0792848758
11.8422058789
6.39738430343
4.75331826224
13.7479286636
42.1551567976
1.93545115613
5.6704934736
5.80306617925
10.0038217621
2.14346599516
28.5185690766
0.563504017552
3.28374953828
14.4545040409
26.8828607323
2.49377077097
6.06813947294
19.5630159179
5.35491948398
6.97808086955
25.7363203476
4.89133186527
8.45452717499
45.3023202614
18.7447319855
17.0820220181
5.44883956277
0.901547672433
8.00165187391
3.35047563196
11.1591389605
2.78218396087
5.07060748504
42.4508426277
16.0273355357
19.5984408442
3.74418009041
3.73639051739
1.82013993148
23.5621731755
52.3721482329
24.0858631059
16.9615413242
1.08407418435
1.74115826752
4.03899538996
25.1722359328
42.2863128431
7.48279929
40.6308072057
6.09755626652
5.97012445793
31.6251272997
31.3019699116
29.2369524265
4.7521813358
2.77541700652
4.86070786902
3.33840964034
18.8208548948
0.45493931568
10.7233203498
1.65929098456
5.93897644072
21.5047888607
15.5378537924
2.64248873907
12.2775915613
11.7909851886
6.94103865314
36.3642822077
1.715722907
1.96157680983
6.89424098692
8.97269462933
7.76863354849
4.06825583743
13.6699492971
25.1606690267
4.01007197338
30.5730871273
7.48896366449
28.0153371968
18.275907099
3.06055103585
4.91704068308
8.00263905134
38.3954837053
36.0740899622
18.5927421376
12.4730857366
56.3666423949
5.04907503611
6.06213346237
11.130763602
4.58286951705
6.15067849875
0.509023710426
10.689924849
30.4944225119
19.6131708003
7.89119184699
5.59987848983
5.39391428117
6.14711822336
37.3266535975
15.373225795
1.15370632538
9.00214778979
10.2477237212
24.3830328602
2.39609516804
20.375235816
23.6844156523
5.65804984548
5.87609189712
6.39688152217
8.84638114759
18.4921004218
11.127923696
66.8754712964
12.1271636255
51.67883229
6.91939223037
9.16525054159
11.8075743381
1.58165013322
5.44604934626
26.7093366891
14.9305089021
3.56676550995
12.6857073015
9.31997254321
20.2423251081
1.93191599607
9.26941240475
4.47275603237
23.0821042249
5.06840832176
15.1506228117
46.359227759
18.8325159484
21.7183156793
2.84585642891
13.4505871229
11.0367924856
17.53399576
24.7504553975
17.2129872863
8.35457489237
0.662029836922
20.2869522276
5.16191853176
1.10823708721
3.72042829808
2.59915914812
7.41429291768
10.9637609284
3.8412016067
7.03189988285
11.499987699
31.481782999
15.8506737251
6.54562199667
40.9124862043
3.22600440777
11.9427688437
3.56777479529
9.46863255057
5.54947172478
0.913477531861
17.886670447
11.2941442762
23.6307752843
11.0808504905
1.94998735345
2.00570064881
9.77087096213
38.823486633
8.75884167662
0.86564345769
6.41267536714
23.5051935924
5.73865410176
16.3386796359
17.6376692456
6.06167926139
6.84071841171
32.8231202719
2.72178458702
45.5761558067
2.23452112399
11.3489915975
13.0192824166
16.7989431671
14.1985210792
13.272392372
20.4416477658
46.9502210163
14.2988471259
32.9729752391
10.2774509282
4.41425829115
