4.88982141168
8.1459660353
19.9537575183
16.2935047436
14.0568721105
2.17364788679
6.03940196714
1.78492135416
44.7999240748
26.096252446
37.8522959006
33.4303895546
1.41676076486
40.9999738839
29.2902235435
19.1063277163
9.14154231152
21.1742199822
4.74055882255
3.27714069246
10.5560794932
0.467144723863
8.89760461872
31.3573403356
4.57447471962
7.42363438952
20.3837876745
0.438351388222
1.98244897289
3.08647388921
10.185596177
2.38875293675
1.95318518812
11.1617051765
9.76405907364
17.2937881422
3.46688616162
35.2647897598
33.1626752328
27.8372343826
0.889515266537
3.31077129943
12.6164059237
2.49649673468
18.5265844596
21.2591960698
11.1422783027
0.823377230436
11.0212481783
10.2892439962
35.759344121
3.33246755637
19.3100824811
28.2974647804
3.16256160566
0.892950248255
2.20186886003
5.15786191408
34.081855854
78.3295141668
3.25100764239
1.31127032984
2.02149772117
14.8902311162
8.92047025295
23.9119565862
18.8745643038
12.7322771206
1.03627254621
13.7836183412
10.7704997706
3.71925819511
31.8521289047
25.9668166537
107.553087985
13.8783869228
33.4604225143
9.33594692985
14.6378181316
23.3139191178
49.607182462
0.360724592721
0.286841996575
5.0604328597
3.04925578158
11.3694947057
10.6735877593
7.62880010675
1.82670351256
3.0192811886
0.0995650878947
4.06032261631
19.5945615524
29.1302300331
22.3304007335
16.7151567172
26.1977647377
14.0529664072
2.14994071441
38.5100356834
1.9437831959
4.63834058269
11.5143102019
4.80830418322
3.62518430945
10.8249195271
11.4340969695
9.80246198332
15.1898604799
10.747995915
19.8628508658
2.96926317113
23.8405305087
10.3495355723
8.52787422835
2.51651898081
1.48502396141
5.70171382097
1.88185200196
32.0191453065
9.40755223406
19.196034733
5.19904005123
11.6570242037
11.3353116633
27.360392693
1.45972885616
9.89036155068
5.84836638851
23.514271351
0.860415115179
5.03860865123
34.409627293
2.6916939269
29.506296222
0.458490580021
13.9932192153
26.934918073
6.08747769967
25.2907988583
2.47936180406
35.314890453
35.5164856523
9.99557866304
8.02604303846
17.9797940055
14.6698976174
0.170881750083
5.93985548892
8.99395918749
1.57556124269
5.85801419462
2.08486188143
33.5433592318
28.6417443013
15.1573044514
7.63433376858
8.7609164428
10.0830008397
50.438604097
16.3203542931
7.3546925927
6.05267437595
0.857747830232
44.4257779292
14.7081646087
5.95825482168
4.24045407111
10.5694608911
2.81144711543
9.74219049786
7.26167539866
5.91799889674
2.07919825929
0.870048319249
15.1512632318
2.98342248002
18.661971567
0.800782230006
6.19612803238
6.83116151511
1.63791415269
0.851815381694
22.1081342984
16.4648591774
18.401083098
11.5514840008
10.9134401551
18.8034016742
0.0369642802442
2.23182542685
0.131397985277
12.2726596135
37.4564618885
52.1776725765
6.94294660144
21.6516068444
30.6609626708
37.5808007613
4.16222353628
8.19815607052
49.4044963707
6.89241686888
1.90248253827
0.425643918863
49.7968331943
11.8750438921
10.2373302144
14.8009801001
28.895488905
43.2489208688
3.66100676336
1.2800559107
1.48033692911
2.04259795621
1.52335417744
9.51209762327
0.0750847579904
27.0891147657
2.17602218446
5.88049003401
1.86608293749
9.64138400539
47.9180492912
9.12479114508
16.7749787924
14.2627096263
7.71397796365
12.7023903159
9.54474037751
9.38577275241
1.96847172573
2.4768582796
13.5640431231
66.1479299988
1.1141178294
16.1819977863
3.75432574734
3.23661043972
46.9136212137
8.45853953243
0.310943485476
23.7834487587
10.9644211312
4.88077670356
8.9129854076
22.4290858747
41.342352346
25.4015697454
12.7086573923
1.50471088603
9.60856145664
5.37387879278
3.42611924128
16.0483151958
8.97363539746
21.0973140199
8.57433067494
48.7783415237
4.30497930219
25.0450134242
2.993276908
16.4000931841
14.9492771312
15.1752168467
7.85937676187
8.21860196421
23.1947150872
1.80723441796
4.91053627863
14.3107508063
35.9152848868
37.0285885368
2.81615406243
0.190702937499
4.57630507136
12.4965573257
6.51695587964
2.31182186732
27.2335629723
0.377207548221
8.55147031353
16.2149318842
1.4289349865
1.73012178991
8.52026322249
11.4814054583
21.1352266169
2.71694427705
4.79469019889
19.533888381
13.4475362158
26.7747033286
6.99158341399
13.4555437966
18.299175111
11.18117638
4.98545037245
6.29357770763
2.78111469092
