3.65424528929
2.77493373676
0.299986851924
14.1781167749
23.3259029109
4.34503853767
5.80050942919
55.5298551527
3.26646295142
2.86145204009
24.7196443731
13.8836701156
0.681990844795
0.588519348304
35.1099887569
14.7491218284
31.1933653171
0.354318693278
27.4773543668
6.13826143318
9.85931366269
9.04314580932
16.921703403
8.45778323511
6.30844657787
5.67361601567
14.1291602291
0.325472978078
8.56266403901
0.315613386723
14.9865269136
1.99856830874
2.3898538086
1.95572085612
37.9614546599
25.9626362256
10.1448085037
15.437033595
5.66798780537
5.43486984428
14.6021294249
14.1438145591
3.54957755339
14.509265686
29.6662533337
37.534203858
28.0182885786
1.53259799172
15.7337242049
31.3350089816
3.12085816415
2.65114526435
1.23428892341
5.21564038787
59.8806686404
2.70864743457
9.78796736454
11.5651844778
6.0277297399
16.230721303
3.70982972116
3.56912606936
7.85604817558
12.2738592944
44.4443343199
22.1355442863
23.0745583848
0.946961045692
43.3697980514
3.08004073072
3.27327659508
13.7019986278
25.3191088427
20.1608978334
7.4615516024
26.2461791986
31.1228146359
9.83747407775
22.4825474753
6.77227935747
10.1289591642
6.29795214792
33.4608825456
4.93132358346
11.9279604811
53.4071311113
2.48831859108
16.2014470784
19.9904568146
0.474159464321
19.5413282595
2.33591329045
3.72462095189
11.7616585949
12.9267445761
7.83293515854
24.5290372068
22.8798569403
20.6361551428
2.9227267808
0.642085143727
39.6932708709
0.187677528928
10.5400702128
23.4835244149
13.4520521713
43.6285424917
10.7734780574
0.130228048584
2.27000725488
8.17287212554
1.14390087818
8.6252064154
22.5316848244
11.2904755898
24.4838133428
62.0654822924
2.21816392795
8.89418783546
16.6198710027
17.9626215932
31.8569610107
1.68528412441
8.15285730531
16.52669104
7.14571862017
39.0988277506
1.44501279565
17.4635964334
0.171925726268
21.3096516675
15.8956900477
28.0974910141
16.0155773289
49.537529505
23.5690165113
35.9002806309
9.228420415
8.90647516038
10.8366086886
0.497203647853
20.5087566703
8.66551763448
35.9188343517
17.3788583208
8.7866149117
24.9854775746
10.2550344178
4.91105721475
43.1894836423
31.6025524176
3.3362060642
21.0502819949
23.4654863153
9.04902252702
56.2366638909
2.85571881194
1.71419770209
2.51990846204
11.6144816085
0.387230088604
20.6388663096
20.443329675
27.9172689221
6.60506042035
34.9716428061
3.94645179579
6.14181729195
6.49018454267
26.8738383395
22.5790965293
13.6760178571
5.42299304679
4.61117017654
14.3411572598
14.2131155346
3.92140532359
8.55187180296
13.7843933657
19.5993814692
14.6276205649
10.203280814
6.09275150236
17.2314537726
6.99755350562
18.5768430736
1.62013981581
1.65451538247
7.75211313065
25.3491600777
1.85976509204
14.3650713158
0.826129711396
8.10494530199
68.7101701568
11.4507015712
1.45064438084
10.4000223515
31.1709153298
7.03854835157
11.9716138088
35.2796652582
14.7832562608
0.778269380167
25.5795287513
14.6628197566
0.438511520892
7.00965876593
28.5619909658
5.32185387728
68.1228511382
4.36912267742
26.9067402456
32.8056397887
2.6387561195
23.3372979193
4.02467106213
36.6141709694
9.99888058238
1.64697207222
16.9993559615
1.27211759638
4.32990315027
13.067401472
13.9134685041
12.5262630126
6.05834252685
11.9385445809
1.90619155156
1.28392303003
12.0731322991
42.9445232754
3.20193539837
26.4528550923
29.5883123937
8.31163780782
52.5507602468
15.7257580959
1.03921090069
58.0507225027
9.12270669484
11.4109243229
2.60240011167
18.1631361006
29.7401992192
5.4108030717
26.0813195797
21.596083081
47.7343604486
63.0764206905
18.8920483968
40.3199790287
31.6814667756
12.7162821946
35.3262215254
25.1829443242
11.7309261988
13.505086222
1.55788327833
2.93662686737
4.08371791545
3.87082942926
40.1514371515
5.29828033565
2.30532709432
28.0690639672
1.16100552118
0.914031477562
34.9370576191
5.29470723435
23.1987119094
27.9239725936
12.1591284622
9.6577466708
26.9722474419
18.3397639766
50.485711214
0.319724047017
6.45008692857
20.030002279
2.87123357742
7.7677919353
14.5890974415
40.6760807119
14.6832446819
11.7924657856
50.4471608411
3.46770074158
0.13988390087
2.89525749035
1.61246320398
17.4405123993
8.06205002127
16.0394064527
11.9896020643
11.7530821546
0.957676877926
9.21870482142
14.4118777563
9.63710937877
