54.2810199742
19.9383201759
7.86031484861
32.0011474847
3.57982080033
3.08001321368
15.5363541117
32.5136377795
11.1256512595
2.48096358566
51.156323833
52.0529355251
6.71401460261
7.9396338424
35.5546202502
28.7330671305
23.2571392398
26.6587366505
49.4268555004
2.98076797223
2.14770465456
28.0239448621
2.50854778984
13.228867927
4.1225356957
14.9613338882
7.17346849684
41.4866367066
15.3872893568
1.38683139986
11.8672181193
43.7439644299
40.7645040315
0.889130797547
19.1665330118
17.3741406398
19.6164208237
47.315861571
1.38030531161
15.7327624654
9.38933957019
47.6465172979
4.93535865279
19.320240598
18.1375229853
19.8314015341
10.1625422231
0.714267301174
67.5177351568
32.7763855725
8.40275877589
0.299003325716
13.8348318334
14.8759050636
61.9710689866
3.34674539655
1.23850242533
10.7658399851
19.0467049406
29.4639285154
14.1590613958
2.27823267219
48.1841420233
2.04273466559
54.7133821026
22.3176203136
13.8996851278
0.306729620305
57.0054184995
13.7871841473
18.7277729263
16.2542050226
3.19745694965
106.269683017
4.5073746882
12.0150966236
16.9688525495
6.0030623757
2.70187171703
49.9337519787
22.4131294386
38.6441476974
4.14110026538
0.903222892971
33.4009256595
10.3862359412
22.6064258536
39.3205306578
49.1196555431
6.69385060814
5.23947830409
13.7103007054
25.5139872669
6.65674892815
17.4207913924
8.18062612437
27.6521545052
52.5466965016
20.3340513058
26.0921081594
2.75743138233
1.51716262484
23.8964879485
12.2554992391
15.1544191577
4.9034896258
24.7026745996
24.2082272035
8.65266151528
2.81205399849
7.68537142104
10.459960337
22.492329872
27.8813395243
26.1127238204
24.35046582
14.0521794233
7.89725887695
12.1859868361
35.4044596739
14.4529413814
7.48915402835
0.463219800824
58.8850338593
14.5011198046
2.74430000993
26.9039288713
50.6030418054
16.7574447541
1.29622202361
24.8289319178
3.90107719185
3.67057867779
9.78362879286
40.4047716041
3.65831709518
1.68782857104
6.91354486978
19.1381793087
8.35014165001
23.3751687413
6.96580150507
15.5693090658
27.1686182058
7.81273326582
3.08382127675
5.27582175875
3.41547334911
2.04683845806
43.5269991942
3.62169984924
13.1081081923
12.6736334685
10.7580353368
32.5530869078
49.0010526926
22.9082147992
32.3197531294
48.0286713818
14.3791123018
8.87327905525
16.4941756166
5.07655306667
15.0045381405
58.0956541691
7.56745339874
14.8292655852
39.4964136324
5.49297392256
13.5138499542
14.1674171908
9.08591773444
0.0374754036548
6.47518761256
17.2035005882
3.85673543326
10.4768636358
11.0780477327
18.3894405396
27.243768581
5.01979555911
3.8485035003
18.412107433
32.578605872
30.1876437569
18.0296763198
54.6207676691
1.48629648485
34.5730214969
18.6358741022
62.7232003514
12.7593161246
6.67552607469
8.82269609281
2.75834424565
0.99581839497
39.6254907108
9.60899326784
5.18606840482
2.11646102226
20.9349046032
12.3613598825
16.6123388574
12.9855520608
30.0953091755
26.8957431527
5.82984712289
18.0391728388
38.7339032013
9.14700152252
30.5966025641
55.5736600973
1.6600091899
49.2911373813
0.219117178484
41.7814597215
26.459492605
9.16594669026
20.9842418919
10.1385935474
18.4598720343
0.629645887403
2.01926997532
3.6502569365
13.5805551976
10.7525997503
27.5560896602
30.8819842662
15.0336427302
9.65301129529
2.45141514769
2.28699559288
0.791676777438
0.0181296417191
14.6854499074
4.4702592666
58.2981029643
15.5640320192
31.5371841118
6.04875010746
16.616579844
6.2462951468
12.6013608868
0.300205049344
4.92936414592
16.07567972
30.2884997755
3.79685863386
19.8349490218
74.5409469972
6.71628788649
24.4910372633
9.05305547372
7.08509800689
15.0418296998
23.412039532
26.6822663832
10.1354636291
11.8371245
29.9302230146
15.1913317016
2.94098360489
8.20395433796
9.29282717122
5.58977413671
31.9488343381
22.9702432351
22.9343391282
2.67919523394
35.9398087563
11.677379359
1.4165685144
23.9515400021
2.07029942802
1.19912282601
9.49365147465
28.8511616554
11.6523239668
45.3628182773
5.1059336275
0.895494606121
32.7085354525
10.084929535
0.17481338268
3.86484624042
26.9310447784
12.8025448784
42.7867136335
10.939874606
3.37401029915
21.7839100758
10.263723871
22.6830177557
0.674163540518
3.26936992906
8.45932366842
23.6507576697
8.40935891865
12.5230790241
25.8408174409
