3.20189830305
0.386864160293
25.0700860014
7.08239219825
6.39465756797
8.73620452177
4.22356110081
0.562154212827
6.42432661562
20.6010212283
37.8211689287
10.3849828428
1.9369637981
9.24848866317
3.01775470168
0.860114861219
35.706771019
0.423243570333
8.78067154342
16.4449888765
3.83363737879
9.64564196746
14.0234833046
31.9412046299
4.4640650481
3.37121147466
1.39362077113
18.4791699935
1.39798899326
7.75141585204
11.8537886508
4.08194555294
10.9136086915
19.6497218842
34.8073404956
12.9736387027
6.01019803482
35.2448917155
13.0900766395
4.03447753313
15.240048033
45.8279504295
7.57618316379
0.403870622946
7.58602274067
15.4240817157
22.9026544381
20.0817499431
27.2948145935
2.66138267205
19.678800613
46.4245308043
6.30690112872
6.47595832629
38.7049366309
11.5693725598
5.84975163615
2.995720019
25.4418219448
38.4366847046
11.6472766264
4.71492024698
19.171245366
23.3586506547
50.4757008379
26.6124925271
5.26031532855
8.8542158381
9.04796915822
24.8034639753
0.36651787014
43.1413868039
1.23906086073
8.61988708554
38.7315634668
3.30481088665
17.9825919601
4.67106345109
48.6427927065
1.55334180628
9.10152807607
0.329853491263
19.1603047871
4.20902954519
28.5096284055
6.74596664346
12.3783819428
9.28522118704
3.77456010996
11.2081904066
1.35169530077
0.441633182801
9.16610182504
4.33433503081
55.2922559523
5.95252045513
3.63331022316
20.7197577775
4.45202738515
0.743298078788
15.6573017954
10.0282862475
2.46205288947
18.8104964961
6.73270335837
6.59700678285
2.85079633897
41.9448551896
2.05800080949
9.59902435849
61.3653518785
7.92872093309
66.1374542544
6.14384426329
44.8646685526
48.4505057604
20.7288738294
3.46590871908
2.46534875464
8.36798581101
11.023285648
14.4729972407
67.4308693475
5.41780028081
3.6053596113
0.566279249466
43.6789651179
2.99620657663
20.2101841664
0.572930298006
5.86046496769
5.21597027106
4.4462566497
39.6719715346
9.00845358631
4.88834751659
5.63086359061
35.0962977463
12.9251424282
25.3330492183
18.1057433683
0.608526117294
42.1694407633
31.6542165524
3.3726484269
1.5284148064
6.67951474536
7.72265361682
29.3250760324
6.93794442118
3.62405939719
10.6252277733
20.0033190235
11.6218272541
0.60333543716
1.56648582458
4.1258079427
10.7179187533
12.5386722687
14.8259659819
27.3921039278
8.58666644704
0.441686484138
5.38716181813
25.7816335687
37.1898295418
9.20946268536
0.201909325997
38.0101280353
3.64599690283
15.2006413233
6.54575839227
3.01887057404
7.67410830708
2.3236396569
3.43490909691
5.47982273823
26.5035576953
49.0375731269
12.5909226571
23.2730161158
2.97091847906
11.4212262171
3.4610955982
7.55565376888
20.3127584159
13.5226314326
12.1153851931
2.22252885367
2.47736108152
3.68903216748
6.10324034393
32.7011882022
74.3170176693
6.16504327633
18.0125075564
35.015310076
11.4696780655
0.718238961209
5.33002288006
44.2048103045
2.27402253739
9.21797335397
16.9679281746
5.88441025733
9.55500799236
16.1338270462
16.0568068351
19.6108043835
5.76825954582
18.5761045962
1.15619622275
2.94559975096
0.261298415926
28.7797681424
5.67184604883
16.2756573595
8.56508369447
29.1163508277
27.7482687415
50.5976654544
10.2035057118
2.04721942879
2.4654359039
20.8778662014
3.58048290095
9.36928468696
7.64847350992
26.9114681247
11.639307766
17.4349692659
17.7940680839
3.07276293574
3.34907520128
37.4521307305
11.1876073218
11.2724824723
56.7454431306
72.2829273389
7.45300497806
2.52955129275
1.60010496941
7.70345091758
3.79504572886
6.68765732845
10.6599042396
2.50199440672
31.700537758
17.132247379
0.421693481475
16.1005684168
7.50908623741
16.8240989272
8.34178010567
14.314384747
4.81824650997
10.3236493965
5.49128448102
13.5787156674
5.52531208286
25.6683486661
0.678331230814
2.37195351723
53.1056966972
78.9639080199
26.1910372655
2.37634999471
18.9869093801
20.9098428092
0.451206144665
14.447760339
7.83758830051
23.1231924434
43.8922748251
20.8396040486
2.91566686153
24.7092891261
0.713936791364
4.48138724891
0.520071979947
27.3940912879
23.4518490516
29.2617717963
14.8684340554
31.2192985448
6.61500491113
12.8959269704
13.3114658157
35.8628642894
28.1652225085
16.3065660285
12.6009394605
1.48235179465
4.89468639853
4.17721072214
7.63423566869
56.262906366
1.16801951387
17.509805378
1.31174858297
