60.698713241
11.3237536169
0.612420797219
0.0286693166179
0.742201840135
24.9721289742
5.02515888744
3.86438432945
22.6929376082
3.49721753388
0.307272637291
4.82578119566
0.360855681965
18.5091763514
18.7133938795
6.45136560222
10.5335701758
5.26101290068
7.09654926102
6.27991770133
4.52944072502
22.4831123142
8.70354508841
7.84598704471
2.91018225711
17.4632270077
4.89297358734
4.65615389669
10.6604388375
21.0417639212
26.9535098464
7.52457593045
42.2996142209
18.7697570513
13.1924932333
12.1893789078
8.54958893666
6.76485274958
18.3199952463
8.51458907162
7.1183321627
1.7556949939
11.6964591173
26.8395433871
17.7543091478
14.1441860825
25.3098374017
36.082096039
7.85154446794
17.9142986159
24.3990010072
3.80759841037
18.6443630968
43.544104719
6.67954015492
1.05048625253
20.1448389998
6.18345489705
12.6630211769
40.2262024763
37.214620156
14.2802618881
14.2360052274
5.98511415425
1.77838123712
4.59075959326
12.3733022472
27.0010396442
14.1733327976
6.06450942422
5.44620352438
31.2990847788
12.2694306721
21.1021533644
9.57182591971
23.8208699483
24.6826613404
8.22213078535
11.2485008702
21.6046016993
59.3993556505
9.36027320872
6.04445621614
11.9803562378
11.0368150751
5.55835796287
10.2424913674
4.04894457706
12.0965608215
4.93061664942
7.93062835588
7.6231224062
21.0628689272
1.22924396966
15.0795921705
10.2671353805
10.8624647139
1.59332466998
10.9522572904
34.751050747
18.6352315229
14.9576548438
1.33301809442
23.8239297342
1.76147391889
8.68965192526
7.28078807653
61.4971885599
23.7353307208
8.80778290518
13.8906542073
7.43164309768
10.1586294798
15.2442490444
3.48048724657
23.3002482418
7.68587407847
2.9369304776
2.1704765276
14.347300714
2.08153503682
0.874303537486
26.5275388907
14.1670995983
56.7939912267
6.75793801765
4.45211469412
1.92999865564
14.6639953349
4.12739976493
28.7091484894
9.40806885502
18.7441092969
20.6382323696
9.49599632194
2.56022069514
49.7814841064
38.1428547642
40.7100285415
12.8983432105
7.59203378206
4.903379082
52.4274929517
19.7862422756
5.18622896192
0.284221762999
0.325473571365
45.9310333767
19.2694997737
6.90823752194
1.09090270205
42.1446212587
7.35867827199
18.0903838951
7.72925861442
16.4128842055
6.840379453
15.3459357017
20.3059171699
27.3924125633
20.4036150055
3.77410725078
4.90480899867
28.7597897197
3.09425954993
10.1723199762
23.4098093812
12.6112384979
25.227665609
9.00767987694
49.8820136111
5.68982987604
11.1278953944
15.3928708998
44.1118990114
36.6573896699
15.6940046147
13.348087584
8.65384511765
7.54839449541
22.7696055459
20.5742407962
4.2714025019
6.16496091413
17.2598702358
2.70103621555
5.64890843493
6.2005475378
30.1089358969
1.55917790499
17.0314467301
8.37843678872
8.0245956883
66.483637617
19.2020942353
4.41754474873
1.27125656706
1.02889738468
9.42604438755
13.7110694531
8.57222388079
24.0104129661
32.9564043708
1.12512955837
8.53184290151
0.757188826703
15.7196641274
1.31946574769
19.6108884113
7.97682370145
9.64788333255
5.53165166236
35.3603367475
25.3688312057
11.1777561625
20.5278162299
11.783407271
30.9817389267
2.95776189682
2.03185629543
11.0422114581
39.0859548033
3.8526627112
12.2483599293
3.63555524824
26.5955189797
6.7787094627
3.510518553
14.5497916396
1.55615783616
10.7620857995
9.63806226504
14.1656565531
16.0200071697
1.14476610689
31.1764382808
13.4084511961
7.23706608332
1.05758631121
11.4689867864
3.77150106468
61.9347703552
17.3472737605
21.3056545587
8.06956799003
0.901716193281
6.54120927945
13.4627792857
9.22206523975
11.3202442042
5.51098618158
2.83037164585
6.8978408242
1.49375144613
26.5534733485
22.1718153427
6.12913399517
6.6519371167
12.4408699067
1.15982078785
16.9178131905
4.34611688792
15.9831565978
8.46861984041
23.4617026933
6.11741417735
8.44112531628
19.3567275991
7.70117656103
23.3345179923
83.7910069249
5.86785661704
25.665991597
3.11032423292
38.9094325766
8.93328945501
38.3721731834
3.04664576186
15.6832283002
18.2909933225
4.93101843451
2.52826055585
0.829305661445
64.1571981351
13.6676805297
7.85335208999
12.9109554448
0.568410281224
19.0191198406
9.04160989369
7.6142783794
6.43610216553
12.2648181599
1.49474768468
22.631425703
15.5167894537
2.40557059933
10.3276818755
1.13924435481
21.2280204941
