27.5513092724
8.2327846751
6.44535157819
27.7750009217
24.4897227605
7.20487788182
23.1583515633
18.7914401083
3.73206354268
16.6067444296
9.90421323658
3.70011701072
4.23497965535
2.73305633342
8.80450074323
14.2263273566
8.84449778037
10.4658742835
52.0203815848
29.8192772573
10.0220704007
2.71557955197
11.8172813135
6.45853031217
2.1419667574
66.0659939331
15.2974120525
24.64041364
1.32638314123
26.1407977035
16.1124053659
5.63546456892
21.3372690839
2.17594275015
33.1376496487
1.89243729179
0.782815896043
17.7434730285
7.77092095528
20.5730239256
9.53803442877
32.4031156999
18.76014028
7.17901307711
12.2595485272
1.24036539943
22.9829590663
5.78883538468
1.62098558568
41.6111508193
5.43412002895
19.8196771547
6.91165953548
26.8793945051
1.05094632043
0.817228863124
9.13767193918
24.0834766908
3.43024298243
1.28790268348
23.7250539308
9.03666039028
3.53813945474
8.96657053336
2.83097499035
54.3652438202
1.82360422637
28.5995033166
20.4187594076
7.56145173799
25.7640111979
35.6037246028
1.64623156611
20.6939111033
35.5866004881
9.74655950465
2.54810020319
53.8531726996
1.64206110605
1.16018111354
21.1205939026
11.6781110686
7.88640193658
17.6802895024
22.0207073646
45.3131964737
3.56216410631
8.26895552145
12.4433630142
11.8912429177
0.300282440913
20.1811581874
1.75799163992
7.8759064272
11.2375175923
47.4793733996
11.001752808
0.323686318483
4.19661467545
41.2313469578
7.8234897495
9.6430003006
12.2168703674
12.2752178351
37.1652558877
3.15436523656
0.701753135693
21.0396117678
1.14437478144
2.81040913091
7.85135189237
5.23883933625
6.72566591687
4.27918464841
1.22664310574
6.29153548347
9.16527886536
11.2213969994
1.00468202414
11.8598057408
15.7020742198
33.0967256225
17.0567184194
22.1868609116
5.03430435542
4.63041935127
8.71495698579
23.3761718963
48.9529339758
3.61874466516
0.0446546021628
16.1577008299
16.6042697277
2.26743827368
41.0495294355
40.0240144705
0.576308789487
13.4738546334
2.87340082066
1.82841812732
11.1512612159
13.8106635769
0.301567586603
16.5388329101
41.982390048
21.7719747316
6.60233250404
0.357225964648
59.150491889
20.9288874474
10.8940386964
3.89812391935
7.40791708557
2.52749915355
5.56973183143
11.2680813049
75.4603252049
16.9761972902
23.7042626325
14.5657532675
11.2106338444
8.79167484083
19.3407860607
2.49929216776
7.83395340765
1.60889657089
5.81552464685
0.984911315424
20.8875105812
13.083220263
9.38548335264
5.82111620276
1.62135373983
15.7159281566
51.180033538
17.5690350645
13.3878189538
18.5518854309
26.0306337319
0.502555231194
0.00357077698728
5.66124107728
0.572353087262
22.4764921581
0.318816159659
8.65854213709
18.4581379359
4.50499954061
24.2336095382
24.8760456812
19.8146172872
19.9721255523
12.7882319395
16.0753582987
12.59590091
6.49571795227
26.0423097067
11.4802790388
142.750157799
10.580843008
42.2888051161
3.08280474292
38.0422420666
10.6833463139
3.24525129348
18.9262111431
36.6373736614
22.9447872184
37.000748008
5.09696554314
63.1405994409
11.8184029971
4.00162485277
3.45514793132
26.5655362392
0.541997762075
10.7710389839
16.4639172888
10.4335103349
18.2229297533
13.2833229776
10.4336680441
2.65625322118
16.8925379538
2.24523290529
23.580903913
0.885926080839
25.8302702003
1.03374750324
1.62912706671
15.640243511
8.58999571188
25.1380116031
5.05115056411
4.15209782623
11.161075244
29.1845711951
6.25769576522
21.5909672789
19.2394081404
55.2833865365
4.66241449562
7.41322821602
8.42752015419
4.79987288882
20.3817422899
23.7167071053
0.775556360692
5.92456054657
10.1813082205
1.21189030624
1.66331729301
3.5814824045
15.9149151575
20.2945671696
7.84470488674
6.58311932276
15.7829020031
12.9199549013
8.70252550409
45.0420116414
9.78006848062
2.37491173144
6.84877728146
1.37757833982
12.9575501683
9.42421904791
20.1614246756
4.93576842711
31.7329382766
3.76759741761
4.23189802304
25.5513781732
23.8107871495
19.0601071705
4.35516068619
2.05064422344
0.411697547639
20.237857838
3.1056648158
3.442923098
15.8740536385
23.5984748448
26.1157237916
30.703808351
18.2403511978
36.0666446238
1.85090200729
24.6155960133
2.08207843572
8.76134354033
24.1380673
0.2212618834
0.90246037075
0.707377843693
22.9679624901
12.7646546196
1.75207157566
15.874107386
1.74236816761
