12.6039042819
23.513711402
8.16814101683
24.0517251477
24.7733720736
35.7552825343
30.4825548696
24.1069294334
4.56828724985
12.2994279198
8.49342647992
27.6150772164
16.9049753245
10.9596214522
5.70580139035
2.63040087309
3.35664504693
4.16387646473
16.1249107871
4.5960686501
2.21623789102
21.528096216
13.5262071465
13.8756967316
45.332669995
6.52290208019
3.95031634527
8.82427958464
38.146048542
17.9083521634
0.598456993862
24.6427645283
66.7416554447
19.8146506509
9.53812299925
3.34132748212
30.1257958723
13.2438808684
22.5604657049
11.848466693
4.05888357272
44.9830936722
2.39254511177
7.56061797147
7.81063781104
2.30146569076
39.9659839582
28.6751935265
1.71680899796
12.9228175829
0.0606898356985
1.1547493658
9.35730332622
59.6038831361
34.8055927081
86.5834734289
6.59115399956
6.27048288475
4.36286770299
8.84256476696
3.91746264128
40.423110877
27.4656347416
1.38966904513
5.88781372153
6.69294668108
8.91576908223
24.1090976319
22.9911765098
26.2372362459
1.05455905202
21.7400723339
18.7704462837
25.6859333924
18.7019848899
7.98609891919
30.8479347762
10.7436466176
18.369963113
34.584352187
15.2141547382
0.556255894282
30.4258497333
8.4478672747
3.09935157865
2.59736056184
7.83437057073
16.5875151819
4.85856014022
17.6302399645
7.72551173223
4.14229096594
7.15530471433
7.67769727597
3.33833349659
6.64558450237
53.7537323487
16.4350643315
0.651635048256
4.56065258099
0.240553215049
3.19937796386
18.0265736827
10.6030001933
5.43645147596
0.507755960115
13.5409272912
0.970724891001
0.60391491206
0.806198064866
8.70627928062
17.0997799181
3.53532359637
54.3899450059
38.1737492863
9.09620629856
8.82439230064
3.08011380571
3.14299481472
0.403750890113
2.38989171035
18.1700984425
4.32487879739
9.70700469749
1.84536232967
10.2168891717
37.8526598659
84.838149032
0.7175537311
8.24272026486
5.50779737369
21.5336313153
2.96508382263
11.33117644
22.1159327693
11.4022930772
8.83580511634
0.472109328815
6.79158162217
11.0651559753
20.9405627321
16.5737799279
25.8365570649
1.79983957159
18.142362981
6.68821364935
16.8380726451
34.1195978995
21.9119678672
4.42437281796
0.308942145105
2.60135311671
18.6271523189
37.3225118755
13.1970698241
20.6156220368
14.6601657969
7.48795675568
1.7431754721
16.0925461481
36.0755065807
1.97435390718
0.357604412487
44.6836034958
46.839243756
9.15076482627
27.0062016694
23.3857745223
14.9695915062
53.3241949487
21.4523720208
0.0947782266646
32.1131215927
12.8644944129
4.14362754741
10.3420344834
0.882256085203
13.228980121
27.7193091828
16.1614469199
2.08464010591
16.2249463798
19.1353473443
10.4437428129
25.8802775301
14.0910603462
4.74993716829
2.51220707198
16.9958202085
52.6595881121
9.82743408386
2.13797033621
5.23871691735
20.8754303989
0.124819039252
74.1847637866
1.56149960569
4.0926858789
38.7229101424
25.6940788293
3.38167798684
5.74362084498
12.4783565965
54.5154561993
24.5332924246
5.45245156727
9.40065525041
3.29666283065
7.41253645529
10.4020546848
1.78330693062
0.119723609172
6.27159016585
23.1782289571
11.9248365654
3.49357961672
24.6461349541
16.4981718929
11.1135878293
1.08755610322
7.58669661605
34.6523769799
3.58664500702
5.92568819978
12.0999848639
7.88141898048
15.0487193633
72.2676273698
4.21337500679
14.9156945099
13.153650848
11.1493081246
12.3010103015
19.2986744956
8.09601000825
3.50366680713
2.1249854429
19.8884732957
6.47562753295
41.3944969932
9.18788915186
15.7010778774
1.81541343274
22.0370430259
5.04376552313
107.683272231
51.8509181397
8.36535511129
3.84232599163
5.68209344246
2.03356391508
6.10143292084
4.77527863992
3.1942135173
32.0741885631
1.08755302444
1.60204477152
12.9127209713
40.0263571294
13.1005455601
17.6030348237
15.1333594463
15.9627126085
10.6849425157
63.0388983485
0.835449546236
12.6608916283
72.0680673717
8.21471426276
8.16952261328
14.0922383567
10.3561503596
8.93734252029
97.3235681914
6.25064797235
58.2927212254
23.7730270778
4.1501889242
9.90776444901
5.19690078254
1.8521173304
4.28852521105
4.68228195379
7.44155916059
20.6145088035
22.530388896
9.05990864099
3.8414648164
31.8288138168
5.37992483093
27.0473488976
3.07470227909
2.1630806163
0.917600174704
0.902619952612
49.9110843925
13.617421675
6.10056569565
1.56626213056
1.45914966157
