4.11316590664
16.6815583881
4.04976630747
5.04149245824
4.23239297597
1.88046541974
10.0313064655
47.2960956057
4.5920977311
0.848231121091
2.67349669771
43.5644232899
1.32507530502
24.4634513047
26.319411959
8.14219031761
0.0703720365269
12.1158185179
28.5321121915
4.00750474527
0.786036663198
10.1843207541
10.9288829301
4.652063749
9.83166722199
14.4016818159
42.7387304881
27.6730800821
12.7031410788
7.70602946483
16.718407868
0.482142696212
25.2813348232
15.7518387772
19.1672152094
0.350339584628
4.44579276561
11.6695488993
12.2755537677
11.4854260646
1.35096701677
41.0923291041
14.5911128055
11.4357094408
18.1359118762
11.0447156514
2.42322765518
9.58847598828
55.316779493
2.76833181896
49.3483706543
6.17338946344
52.2598800798
18.8732346361
2.48616107338
5.94503911042
0.07346698193
3.93161267686
25.1266049985
5.11134868403
20.0358650522
8.59422381982
23.6013714151
11.8206787745
3.95156088623
3.82655330103
4.46766428583
0.355390576917
19.7837678168
1.39249662413
7.85081667665
12.698914933
0.973836080896
5.62915520096
3.43839656357
4.52312620361
20.6501688343
23.8872834689
5.55293134386
26.8859999221
36.1969534662
11.38258708
7.46857637075
1.54893628581
18.5650599578
44.6895988863
9.71679443448
3.71805965718
11.5273066759
33.1393606492
28.0700129372
18.4733322242
1.00374670645
24.5867233911
1.08935379851
13.0254715374
20.0929495996
48.956729446
47.6216514781
4.64316945432
4.00257060208
0.166169194514
15.427821318
0.194196691437
18.7988619812
12.154493324
1.53393403091
15.3949645094
48.7102259786
4.80926508792
41.5217946928
10.934232339
4.85330423513
2.06411433598
13.7418351565
22.6821779139
0.45534554518
52.0997307006
9.23340994086
31.5488234335
16.4390228598
34.1028876685
3.35215944014
8.69818946308
40.9434178475
20.4060224119
9.07194012973
35.3559921905
7.46070497477
17.9348810135
4.78690196858
13.7239145609
1.11360141657
7.14857437884
6.21566217494
51.0634246956
1.66332090355
4.58779522731
19.0591652425
25.9562831126
6.36753377241
6.76719497514
5.62967576592
15.6997163124
23.3968242865
9.89391257934
7.9111196647
54.252892152
16.5142117032
25.799042337
7.20724425315
2.65534279869
3.21323693837
3.3761306461
6.3332123994
9.9371450941
2.15638305896
25.9252027647
0.370732334617
12.3528849988
40.5460117821
10.2797286872
8.27951443176
12.0779915665
19.3450738253
48.9544726472
7.45973832468
24.1112907372
18.016755315
10.4291757892
8.07561686285
31.6316176854
5.84498624974
2.95982803087
18.764177563
19.5692383437
1.14029592319
12.0711090517
3.96353357316
12.4211474029
1.72208975191
1.3950016336
18.5875232372
5.24140948636
1.96708627448
32.3551100761
3.34720001215
38.4921095542
17.5612513128
34.0626020747
35.5984343199
16.3165085508
12.6800222027
33.6447123697
7.11360613478
10.1068377923
26.5352555248
5.72619870792
106.742853692
8.50502540546
1.4441373722
5.62145015917
8.52467952151
22.1456448381
5.70330192585
6.94898844901
46.028688651
4.67582849419
30.3310165368
13.8781648204
13.9269576177
6.24878607288
27.6677202021
2.82423937899
1.18057877096
6.04534656087
12.4587934573
12.6596058089
20.5760432367
40.5712075739
12.34037766
27.8747822268
16.662411773
10.2940802874
37.0065462357
12.6966906855
8.87419881294
17.2628487554
59.4444179229
34.0736949154
24.6508412053
11.5869682189
12.0985683058
1.02285999284
28.9478393549
14.780902879
29.5865898019
13.4902031454
0.354810811194
17.3514081574
12.5945921649
5.28431527095
1.94344471998
10.9044634297
25.0472845319
3.5203090801
54.1576910119
34.3453983124
1.95397647284
26.0135846158
7.84245124638
13.8526357954
19.8215619969
14.9190961395
0.540460880789
0.65683775179
9.79111835886
30.925112849
10.5284331094
4.96753654914
32.6321486219
7.72772470537
64.9891046856
15.9059915376
8.72536948881
32.9099319781
66.2025998191
8.40526795401
0.997687263804
28.0847224997
15.6011174542
27.8387109137
35.0698349841
0.183948991201
0.944431937041
12.007484583
14.354875466
3.15977118055
10.3651833806
1.52608098747
34.8320111117
5.23854245294
6.73233921922
29.836104567
46.9106864597
10.1844098574
43.9782230224
21.3802359377
18.9640063165
16.2147293464
19.4776888685
8.62267433119
9.04653571503
13.9843798259
65.4606665749
12.3264698818
22.7898849469
15.2110325372
1.00129704195
29.2334173633
