5.15432388975
2.50727455707
11.5097039061
101.987999314
15.7032365147
8.21542606533
21.7741138847
6.2049951486
3.23617686664
19.8420679958
26.1825770807
14.2691259723
18.493237311
2.97009805487
27.2773817693
11.5812281589
5.75421265593
3.05911479199
23.5405596122
6.99928931213
2.12616439241
20.6593454241
18.3686096985
21.8946641358
0.645603076533
39.1468806996
14.1339317176
52.5914420601
2.75991634702
6.59425360603
0.0438184231217
3.31338914034
4.79082946896
21.9759045172
13.3728573337
0.79305751274
0.96563627613
13.1005927171
25.0466047599
2.48720997303
1.42041931131
11.7100073547
1.59968679063
4.66943649138
28.8047341675
17.3248493052
19.9238787868
12.5584210469
16.5541891307
0.146813712196
4.96611170984
20.6695663746
9.29515459575
9.71816508489
20.1860374699
3.18003254842
3.55552982364
24.8831964825
12.327646551
2.67550432437
1.50194305016
16.4091201987
28.6429883619
8.84857531435
27.8129300235
18.7409198908
11.1986718321
5.10753624255
2.34963635184
28.4422226462
19.1196799871
49.9144579091
4.80192315369
0.94432123893
6.20127297959
4.63876396072
4.98230923155
30.7711438996
4.18746124425
11.3767390339
2.32936934349
5.29938325556
13.6868421196
12.4250343752
11.3376294007
9.45066238116
14.4348239706
61.4413332612
10.4634166601
1.03878095025
8.83795229556
6.90021833029
4.21397692852
34.5169188076
15.4094808911
1.50270111178
11.2349482286
3.81008268188
6.37151243167
7.24089156842
9.43092804809
14.8873445699
5.6696014161
27.9408630632
2.08241877267
3.82205032809
2.07885528344
0.415986737208
46.5718610575
7.24213018923
19.9260692285
20.0399796125
18.5257558953
4.0979406951
50.9254254544
15.3343534555
1.95321490969
4.33136026739
32.1720695426
12.8394129636
8.87799520591
16.8758884151
44.3518674516
12.3779855388
15.4833775825
5.25762580531
77.5115063344
7.35794805481
0.571076533779
0.0240788836063
28.3784379445
8.61611970592
13.4052403757
9.46826583096
12.0587584249
3.14908459967
54.537781606
62.6531649572
7.52655282406
3.31617245963
24.2045479006
14.558659142
6.8840372226
33.5050685354
8.99455860928
14.7533507302
26.8879007708
1.05100639792
0.810944026832
12.4768057811
14.5522510081
25.7973697627
4.37845476717
4.69198942026
2.47432812709
1.05279797756
4.02580795275
46.6979242788
0.20775122041
11.1947497061
11.5289957603
13.231471521
13.6091181497
0.456073485009
3.86842524373
11.3475188917
39.9066786395
8.53219968312
1.44980816673
36.5150633022
24.5011125998
12.4259337093
9.56505959651
5.11036344613
8.53881934316
9.7396661298
8.07988613131
3.52831817621
25.5123551325
2.22864588079
42.7880385573
1.66968952117
57.4370853782
16.7303991439
4.89156974904
24.3334873703
20.0872005056
23.4672649893
2.52732402109
10.6082999778
23.0176187479
17.3711010723
5.59317606388
16.2718659743
32.114436065
4.11631063885
0.690432741497
6.07404866921
37.602599033
5.31261516027
3.3142684088
9.36424414382
1.65897775928
12.7328364957
1.05029142889
2.29495864043
10.7204622875
58.6399305683
20.8106655453
18.6312415183
29.056983561
12.9391869394
26.9738800752
12.4685477049
29.9343591703
5.15985011089
14.9207411769
21.4224850206
1.63907981599
0.602088990637
5.65045826868
35.0403579657
5.62355806257
0.0281980426834
0.421029132834
1.98879560585
3.20187839112
1.22988902644
11.6473309056
5.02367593906
8.55119181061
12.8743488198
2.50372836155
18.3821333714
3.05635104512
43.0385442606
26.8158853435
3.93119845303
0.717638955427
6.36726018239
2.78349943018
2.09721122916
6.17466550615
7.41507182365
48.6082765039
3.5710176783
3.89337022496
0.153573852498
23.358305885
12.5566357474
9.44195677455
28.4392459909
6.27360955488
42.56299682
23.1728028305
1.59644188088
23.9255118697
1.15757359232
28.8903861683
6.02981745502
2.88537399231
7.19514937076
1.4394055115
23.8937049514
21.3738372236
24.7426768888
15.3071642698
7.02384683392
5.22057351793
2.60936999835
10.1397915623
2.35567110384
25.3753302882
16.3673337978
31.6477007237
6.75653461295
9.75943181507
7.80952877905
18.5388157917
71.1126550461
9.11711118047
16.0440898872
12.2764062638
16.3879433011
1.15942917513
0.113291725662
14.7134397978
21.6081656389
25.8608318501
5.56974965001
30.1010673798
24.7758256641
10.8159321533
10.4564505268
0.539979218036
8.65307842056
4.09250931498
21.6959817974
13.6404317165
43.4650607353
