7.67676231032
13.6499384377
6.53235407009
6.31737591379
10.2409896013
12.0013389402
11.8617730334
3.48032123609
12.0687277532
1.42874384832
19.3079289454
8.3608152553
4.51060657081
18.4893352865
14.8228077235
9.51275982234
6.13863364261
55.5995905412
34.9269200004
14.2324318484
2.53434719558
8.8538500453
14.9105018595
26.9621655926
21.41048225
10.4558007044
6.72973143282
24.6822192845
4.71952183237
7.96093121906
12.1678406764
11.2727063399
4.71105801831
18.5838342791
14.4705347175
9.88875780668
59.1437150485
8.97559104863
3.29412630101
44.7603881498
4.08567685218
10.1194197169
3.51927807956
14.0185614597
13.9337005134
24.1902467826
2.92501236221
10.777602733
38.89050438
41.119197816
4.58222433511
13.7033289367
6.07784340337
7.51307472711
41.6964347445
6.67889589464
31.9813185973
5.57560183336
2.68755260013
1.88212174811
3.06182895865
6.1345718308
14.1279556131
4.24269667127
30.3119108354
14.7571604991
6.34888704615
25.3220989828
4.4528296418
5.21496861966
16.6389493535
1.03686914557
25.051488228
95.4137256706
16.4114257063
10.5829840052
3.03366945822
24.9908298117
15.9509494902
6.04935100832
1.70551323582
5.20243766345
65.4111899035
8.17879284555
23.5534947794
26.4795511068
17.0679725236
6.79718920954
19.9868868054
33.8918533323
2.94573798644
60.4253659631
3.207786138
40.2604340461
19.0057140555
5.17164315083
5.99977114599
19.5347137055
16.1476979034
2.53241032988
12.793684841
54.9288323147
25.2179902177
0.167185540804
10.6447215651
10.2083583811
3.75597207072
3.7802282621
4.08767854902
17.4359123116
17.8504756811
11.8058435812
4.50289050929
26.1832868265
10.8379599031
7.77713871516
4.23172271193
1.9740996669
23.5098969851
39.5601001574
1.55530467583
9.02564834226
14.5395936205
7.28522346842
3.35863833056
7.364559336
15.6314312238
16.6877967226
2.13112303765
31.2606688347
13.783583442
34.0414420334
15.8424717172
17.1801522436
13.2748660321
4.58732822924
8.91527818636
10.9886165996
23.528159187
27.465567688
31.6884577147
15.4868624441
43.8294355124
11.7257199634
8.91476626905
19.1857448007
8.81665530583
11.6894962003
8.99586821547
4.66993161545
2.21433781786
31.7146318711
0.276545914523
33.3927359076
8.39738349871
3.10225106734
6.77624011
3.230571142
21.7180380826
26.8152466009
40.1145685053
4.77305037637
6.52498108069
49.9683886715
0.405634576783
4.86402812351
0.953756624306
2.61314438742
12.3926666387
28.196329343
7.02777996274
34.6585891328
12.7418605851
6.70847195025
45.4468116195
8.1220807281
28.53884552
17.8327622049
5.9659434976
4.05803761071
15.3755505835
11.0676510426
5.7487671379
1.12534923947
4.31518009173
50.3362546961
3.46927890469
10.0086935511
79.8261292595
23.60555241
7.66387551441
0.312692499268
41.31584917
18.2269525013
61.2255743964
13.6737171833
6.57658555821
9.13002128429
13.9740253266
4.07896727244
9.03179824383
35.0141373479
66.0904658974
8.60484101565
52.2514786149
6.88035884065
4.12365155655
5.99145386467
5.99723263352
14.1882855084
21.6955364221
20.3769221989
35.5789172136
7.66744494482
7.78944863649
9.95326514794
80.3773932807
11.7311628077
9.23425563848
7.10013552319
6.14053035679
42.1404625793
4.77807460296
11.9282082732
45.5889845348
2.28589143609
18.4951212483
39.3605483453
6.34458925652
21.0436032307
10.5737670838
5.41264828003
7.32608000487
9.31406344572
23.9422993934
60.2656992519
26.0109861006
4.98302491581
10.1900705329
17.5482767635
12.1495546737
18.7018331776
0.21979220347
18.5960704413
7.11063520722
30.3116659708
30.2957227203
8.7129794487
7.54791299306
6.15931440261
10.8547749208
87.4044477422
12.4281240661
3.36673726894
37.8250740716
74.1087062086
19.4905762109
17.3607525978
3.68077685445
1.38254621195
6.31905900235
42.9260177849
7.25050348576
1.53631567795
7.57513537931
5.60649379137
5.1507005557
35.2540444342
4.47757952072
27.926883744
79.5487556262
8.14054519128
9.59535637401
0.56528144515
3.40526448618
24.9498555419
8.48063549122
1.04162447396
17.6555491791
19.0595678692
22.3794775935
28.0959810792
11.2493953125
14.1997222598
70.9366419487
5.07983773146
10.1444189134
0.583229763765
5.73843042327
4.42595521136
31.4773708826
5.39267978621
3.97674864873
14.3873035417
11.5979161526
4.79119795338
3.83668676667
12.1621763506
12.8819327706
2.50741616907
