8.23438651558
19.6849366983
14.3541537136
10.4476145634
10.8726863979
21.3895961755
8.5938183813
4.54032739491
5.73699776797
7.30921531158
23.254682233
21.3451551931
27.7433187428
18.2348494611
4.72569687743
11.5457130808
11.835119736
6.85030038732
5.47652501739
7.91086708042
5.091878315
2.99173002213
19.938858441
13.7499835602
9.62228242664
52.1850071942
12.9154008027
15.6112313888
13.4173113192
6.23358401297
25.6217125929
2.30249290621
29.4097027055
9.33257878911
21.3112865511
9.73793920871
11.1763318863
2.45824215058
31.9386703156
5.23431511942
11.7421684341
0.0810174079818
18.5655818985
30.5322845326
4.37153626907
74.5420469732
9.2930502165
47.6600051807
5.49390059849
13.5964542454
27.5728951491
1.59126073219
15.6304114743
9.15531721543
2.62236647299
16.7616692759
20.4308178257
29.5411272419
14.0999122163
0.870501277607
2.02943867312
3.16755169273
3.97023366712
4.67557161009
47.7888919855
30.4430526712
4.34685064206
9.96052892503
22.4306971238
6.65701170548
42.9836383564
30.023818337
6.06137223121
3.5654867051
16.5072963472
12.5500590748
3.79500762819
12.4223771129
11.9114546814
3.20237464686
17.9749602643
39.8856996889
0.30717852428
42.3078316847
40.7922674366
15.879026396
6.46290813549
31.8510272052
62.8400651904
2.81729200449
10.531680389
1.62753774602
14.6777258354
3.87385491673
28.6246851885
19.6101293229
14.0464122402
30.3802363215
1.64928310773
8.08569310695
2.15063959133
20.501229755
1.19103586947
14.2097135458
6.00364294636
102.455626234
8.55171792208
28.5490353751
7.30906535207
10.0203069503
6.88638053796
8.56059043517
42.0280425401
51.1132317863
4.25030948732
24.7458936776
27.2017286125
16.7218735987
39.863297651
7.96711179614
3.92723077501
11.3348868506
63.7001289568
18.5656328386
8.90142444421
4.09994372567
5.36343650261
15.0371499718
24.7972652869
35.9787067008
2.3707214497
3.53077432633
4.18602061973
5.10801283515
18.3483565639
3.73412831879
1.14716328237
49.6129983712
3.3489985052
12.3827539966
5.31321273115
7.92697488216
7.68065952777
7.02382298735
44.5438446892
1.47657363189
25.5968724069
4.09725118774
7.14261639988
2.10382287911
15.7378822905
5.20174715108
26.9926682203
25.8012412231
29.7492519021
0.27499912734
30.5628437714
43.905182514
13.4358883532
0.927509242871
1.27139413661
9.49653351688
15.3697058524
21.6488699333
1.27623396586
0.401383730262
41.1091243113
0.598987215302
14.1569051225
22.8666323038
16.2437345248
12.971757313
5.59253905002
9.07586329502
6.07194136706
7.34167792253
5.98010037884
11.3449004906
4.0850708743
40.0376158272
1.09320727969
14.199872121
14.153419263
2.99123669477
3.87355967964
10.3292693614
9.43977625125
29.8013567507
37.2512397351
29.9079450976
19.7924136227
52.2400099839
5.1279855137
11.6929599195
3.41965341755
0.0933237987154
21.5292709797
4.3677247451
1.8681447783
6.31798792782
5.10410648735
0.276634037592
18.8037169316
16.321355155
37.0549366742
2.37531695033
0.152426345978
3.86919104252
18.0496987622
19.6829058117
12.2587009374
17.1100188293
8.74540701052
38.8767067311
59.3938857152
29.4645212698
28.0803567269
2.69872302418
4.99159515144
14.6371072741
0.883502975064
11.0645720712
3.26850484515
21.3040883566
7.76524599111
10.6983001451
16.4480934694
64.9982239257
0.0485849292214
27.5024573925
2.50065907022
11.7088078123
5.51691987192
2.507875761
13.3283210053
16.0443477454
13.9411321887
36.8633879109
9.4846669132
16.6862168466
14.1784425085
14.9301760576
6.57682587784
52.3504208585
9.66684603868
59.9385924587
3.17602998444
15.0124070289
4.83703719957
5.75154859875
42.7816309656
3.87133491255
27.203338787
0.147485488412
0.0309877862096
9.12319239436
12.5618829024
1.57469721887
4.58321141479
2.92659579699
9.25200879322
9.86366586553
2.99931850935
12.8501420819
37.0813064432
0.139471937666
1.83877264965
12.785157688
0.984492724154
0.287903061236
0.204579870034
26.2467596427
6.27788345955
15.0776628228
9.21356182886
6.03406865212
15.707883465
8.3460133398
8.44881249878
0.877646651175
5.82653602032
10.2299850349
18.6644950463
5.93335988594
4.4865844781
13.789188185
23.604147162
6.25348339587
13.5962898573
16.9780217003
0.111179897653
6.26218658083
0.108958373671
10.4470822169
24.39022437
6.94708387813
49.0785948214
28.1071727794
10.4574230415
12.8029209183
