0.333496654587
3.97206037617
16.805002618
15.2620743169
11.5711170238
20.3493464072
3.93891663128
3.63365166409
6.59139821536
12.7885923833
0.917754976527
12.6035270926
3.42408925784
5.12578455121
23.9110335508
16.0854379814
8.68996611137
36.6259231113
2.61274054549
15.9533860564
17.8376931886
3.63875194668
0.176314088586
2.32177149103
4.932402991
3.02287210266
3.3041650704
2.9207021506
8.85485756655
3.46692891149
0.558073508712
1.87777937995
8.66174646619
5.87831562705
7.51153891763
20.7177899074
28.2763857845
5.3796084196
15.3504646164
22.1386762218
10.7310433625
9.38897933992
2.63902633082
6.19945431348
16.3056843249
34.0953020892
1.21599096889
32.7601797691
14.8911883098
11.9803984966
8.73151634144
1.36040384693
1.43930294212
34.3388030782
5.41519094716
19.6471881954
12.6364397674
27.3243528046
11.8487610833
37.7110157092
0.372720515024
3.87157183158
25.5250130858
53.234034518
7.53598152118
0.982631899587
6.91466264541
6.69184663438
50.4295475242
1.14507580741
10.4939467983
30.0362116011
1.28125376249
1.07602904847
50.5007422857
1.93589100994
3.10466819241
7.2380806722
26.7985192555
50.6731780098
0.790495988831
0.685107905169
45.1154180045
4.74586781776
7.15661879699
8.34815588131
12.4335389829
0.748559089176
8.09264907772
61.6248398689
0.844550424712
39.0932642736
7.18091935045
30.555472901
9.12979487737
11.8602242609
0.443014813114
55.1406536147
7.89928607819
8.14844115139
17.5515828303
3.40929194824
27.6467460859
0.897277947647
1.5624380575
1.05810283115
38.6770575881
37.6184500698
5.66784145493
14.0684423432
15.7367139723
1.25494521036
6.40142371472
8.86058772467
0.209247166844
14.4405572
22.4476814384
7.76259762208
10.9643405608
30.6328137371
4.01539855919
21.0193261628
7.58229514009
2.70644634238
19.7456260116
2.57573040025
0.273762770109
4.73282072653
5.97602999797
20.4453278597
13.6572206022
11.0965068739
14.5065504103
5.24516526061
1.70006618724
11.949847138
15.2402311451
1.72748021887
0.379633639569
27.8036918246
40.3591213256
14.6363195085
34.7874402535
26.5854034979
3.49413622896
4.744615283
10.4876447795
9.85930371765
4.77972107082
2.60368099878
11.9704994338
6.95298616216
2.04678742367
11.0692672748
5.83841280992
3.17715524455
1.25096774038
43.9047355331
19.1243178524
15.301458241
3.03329907103
25.9936071815
18.7843045467
30.6407817753
19.9793928641
39.4697813163
8.91205126789
1.17721553795
13.7981845343
15.1888674975
6.24983984999
11.0857219116
1.16388901092
11.0800718797
12.0281312454
1.54213439798
11.6241872133
5.13853280921
10.1913835995
5.63129890803
6.00645859713
91.5074410645
13.7454821642
1.54386064479
37.3834073343
5.29545680145
2.87712096496
4.00232987731
4.6415033693
15.0557920079
42.8387740336
10.1649954463
2.41592173838
34.6798809826
28.0285929615
30.7716385027
10.193222375
24.1307088784
6.12431679299
2.73942389129
21.6448579362
9.28318495515
1.66322546418
26.7592661696
4.39017103753
4.71662536965
5.27439788968
2.0090463011
15.3324002239
1.26377465407
6.53853813325
50.6106760122
12.7650144361
13.576123395
0.960726012304
10.3336874047
17.6611550321
10.7437651492
11.8879287121
35.1564708916
1.33249587128
5.23895808472
5.38508858694
3.44171637522
7.7467444553
6.74964717954
53.8408860862
8.83608888997
4.72315920573
14.2568286487
13.503797845
15.0163869868
41.152900945
27.0182634679
2.69961453329
44.1483776289
21.9777670225
4.98789992363
20.4927758586
5.64027955015
2.348517058
21.2098555965
8.08910300664
40.8575038415
17.1770805932
22.8060832353
8.50539808822
1.55414970365
0.206677976801
11.4519432401
1.98501001217
26.5438360512
4.85226636014
16.8642575467
19.5000667997
3.85618105416
5.46434844033
26.3158339783
11.9148220479
2.74857159618
30.9600257306
41.5070339688
6.13009486534
7.88384161274
15.0649412985
0.0775233579491
0.651933159754
6.53245240584
12.8156465559
11.4503935561
2.33869523242
5.62065054947
24.1698470092
35.8033999512
27.1221247298
1.50148011557
1.174189832
3.16148886194
12.7069426572
9.17881057527
18.5713464469
58.8237378611
7.14941520392
16.0191496046
16.7280754483
10.6723590719
9.57946646496
1.79384465694
18.3147921341
7.16162627026
26.948792985
1.1369246138
13.5118463859
27.4047940861
8.03084902692
34.7606896271
14.4956563192
10.7153281053
38.4431983547
6.04871076259
