8.54817517579
5.61967657125
9.96093158102
6.04324206512
9.13761411338
23.36772074
4.67343624124
67.1759840592
1.10560392626
22.1406375773
15.7016450556
5.77312761608
26.7953204275
0.448227009294
16.9091926754
19.0156666006
17.4798675948
1.94909610486
15.1452568199
16.7348792128
1.4180924436
1.59731601437
64.9531513208
7.32413681849
4.00433011187
2.44424263078
18.1133237946
4.58634548905
32.3364115122
27.5224634861
24.9685600654
14.9661945381
8.46847141323
5.21928008968
2.36216269639
21.7894315649
4.46190468439
19.1207655943
10.4321042058
4.15682350921
0.0389975622205
5.66232463326
20.4891490479
3.3625677628
8.36254579157
57.6997534682
24.9214355126
4.03090487652
4.17778055062
17.0428150197
9.48196808868
24.4571693985
22.1929659393
25.9757267308
20.6092621078
16.5984685299
3.58832107026
3.25508526389
6.86367705489
19.3390294975
4.79515384084
12.1997739138
16.8308847285
49.2917228899
4.49489473621
5.26536948133
7.57999721029
3.7478856446
12.006198968
32.539641801
1.61281552107
14.3516933047
18.9867177436
20.3644539104
14.7857897223
0.796517764211
8.33057300904
10.2045121072
0.0171266574488
3.57863669872
45.0547465218
15.7498448839
1.85274565077
14.9095736387
17.3050520447
5.80218837897
0.678667194414
8.1069833769
25.4236034594
37.5129250321
0.693159921167
7.9629473984
27.1437323136
0.349819676342
5.67891675641
10.788946497
11.7047768655
13.6648603161
0.238138823108
37.6204915424
15.8408672345
0.0757987493119
4.85375635724
21.5616987547
14.8483883691
20.0275172379
23.6784156946
9.79632534195
20.4592795093
4.75270410801
4.35301142846
37.7695204132
3.44352747534
4.25169049538
7.27759402096
20.6617061646
7.20414244511
6.31520879087
0.626161581135
2.80467448932
27.731305296
24.8082489027
1.39746719839
13.155676544
1.9388604965
7.18712984362
12.9506269919
11.9296661474
60.2334782998
7.93016188289
1.97187460754
8.97978204736
0.24852468263
12.5160160995
8.5086550838
16.042934926
4.31479020366
0.262090316906
0.48426967458
4.63136880917
7.90227382272
15.8095252105
21.4389797667
11.5022796593
24.6159660551
6.17855629505
10.5037932567
3.75327413376
20.5772801419
11.0839324308
15.9191778112
1.83104651476
17.9912887168
3.13434180227
13.6592203394
2.46823353928
53.816613865
3.82681250526
38.4592571981
42.3009850043
1.15281357088
25.1632551556
1.54296307868
19.485164323
32.5592785876
2.56231390527
33.6595801348
2.31085250185
73.6152825388
15.7875252645
30.4747845026
2.05159587118
29.5523464928
6.08434401768
32.5438449803
21.2383370801
0.0460687537829
0.759444561662
14.4691643098
18.7035871176
1.80910156069
0.238162533202
4.24328741784
8.30338031635
40.0403495383
11.3478173653
9.63719918552
12.4455417738
42.0493666039
39.7829000795
54.3667411065
18.8752265868
7.51334065145
0.658941487865
15.7008182018
13.7094477326
6.61809588131
13.5081712478
6.20385877904
17.2524456138
2.71735636387
5.01224128756
33.6244950782
30.1125170737
2.13678608786
7.20848380268
18.4756520579
16.307291947
9.02591251849
36.0001184419
3.03920177973
7.27700429214
5.18752867179
12.2744666688
23.8686896709
12.985005119
0.104939976514
0.278562811435
11.5307828299
41.8490770646
14.0015011552
7.88123508611
54.0044586954
10.2261054646
7.92439857405
1.07502119901
1.87039835308
0.669674021365
9.94340426766
29.6633211315
4.13972956272
9.35437449187
20.2708759757
13.1455062899
13.3091231848
10.9607989523
10.0490151219
8.34563616615
15.1837000207
14.1278743915
17.543760604
46.5040732285
2.44829725393
23.7625004525
1.77655222891
5.26185082575
28.1867355885
3.75063213442
1.37497672634
4.66566912944
2.41793435661
3.98354858603
4.617386102
6.09190917609
3.52745146768
31.7601949788
32.017026256
8.87607359925
7.03485661721
6.40451548153
17.1111512097
5.43094151893
19.9321791056
25.3566289119
20.6560303466
8.96649441146
2.8962598502
1.79621641831
5.11649769073
1.20155860783
8.42317407577
4.60787999451
32.7442115025
4.10008783517
22.0844585326
1.15766017001
54.622951015
10.3221081465
6.16089187625
3.85071097517
4.20604945147
5.93411232478
5.60324623531
3.40456033633
91.632630393
29.0120254174
9.00696678467
9.23467163256
2.51065720754
4.58851013182
14.5856944197
2.11296460261
6.89600595802
8.21529153583
17.0927611451
6.15231066111
9.20891894436
27.2714462916
21.1468795497
29.7363092226
