9.82244376314
17.9767798695
1.20805524728
17.6634102092
5.93865299652
2.82177248069
0.0281628639247
1.2532436588
13.8256328594
21.963394554
30.846289389
8.15783907784
2.20240899953
1.44954428078
28.1167665676
4.66575654706
20.5427427043
9.09370942468
26.9636218842
11.5866494194
0.245457411583
15.6617557196
4.05139286766
1.67917556156
10.2523788742
4.16019681315
5.3927595921
8.58587921666
0.66563818993
48.859721081
12.2264315239
6.26198859769
3.16701313264
8.85653784808
2.81362830364
15.9847869422
0.528579944765
6.43124566408
5.82216613838
2.64076934361
7.94632399089
24.07245891
0.78888891752
41.3612520666
4.68240783226
3.46505496902
11.438254542
0.177042265765
10.5862168172
5.92387908937
7.21677631751
16.5625570471
19.3224110791
26.1744856116
0.439707345665
2.85480156497
5.10556841867
10.9009343638
22.3152926773
18.8448515606
60.172706328
8.58549568883
47.3899987141
23.2644610988
27.0802428306
15.1443469401
20.9994377168
2.53905360397
3.52441450599
0.176244401475
20.2227876191
4.33167390029
8.94982177479
18.617588648
4.94898928361
6.78276007459
9.10701865753
1.30029788964
0.741639715308
1.85341512905
10.1585122695
3.86403133387
32.0155743203
21.7805181452
18.1633469576
26.0050042625
26.5026693775
18.8586400659
8.00757145531
4.44017697394
56.8371934828
21.4863987253
20.9091802981
9.65599711914
4.12700369489
2.52537602168
2.38125629527
15.8099111319
7.54379425539
3.14948182724
5.85141666555
0.711403992998
32.8883782231
1.15962341203
14.8030322162
6.81837568705
2.19556840477
5.99256357416
11.4828783418
8.85093557634
1.17252009267
3.48812689571
7.07232796715
1.23790607749
8.67625254582
28.4414398215
16.845985812
6.84194196132
32.1304608729
9.05191482873
35.432001756
15.7017778376
0.351971274734
23.4838035042
12.1196320057
0.604294766803
39.9018346726
33.8152819487
14.9911289078
3.96632990922
2.79952955472
20.0657902409
17.5385157422
18.3525730857
2.83915119643
9.3436845878
12.1730804057
1.09175836048
6.98007768976
13.6464907915
10.7725212633
2.20014992548
6.3456765807
13.8673772583
25.2555773564
2.2222022299
15.9444179995
34.0992206278
9.56088652994
11.6216168381
0.829756020053
24.7661705381
3.62317999277
15.2531056657
25.1947883745
4.48059028247
9.4274039876
0.244653827493
59.6270760629
7.03342190147
28.6394142327
17.3130447314
1.41985881972
2.96561031285
9.86817025296
2.49083678598
7.15805400637
9.81656242437
2.44397530699
9.32495175548
37.0152949755
13.8296552272
10.8016135673
20.514892817
4.81890319368
1.81284164172
55.312751073
13.2721367111
51.3508502478
12.0904526656
14.1030417912
31.8257339999
12.8140082063
10.210915173
5.77746493137
13.2715321769
4.89422326951
34.0917559106
8.6808923424
10.4269497683
2.16601080012
24.3171018103
8.69694945993
4.16797546709
4.52248194751
13.2990131402
10.2685514653
13.8995272896
14.0791931838
43.3679093728
27.9417781885
13.5257460553
6.03495016391
28.94427329
7.41607490681
0.795933615672
14.86574122
12.2607627045
1.13962045816
5.61886458594
7.32478444693
2.83540447153
6.71466666679
0.842622195585
17.0425728713
2.05595801695
6.38096106649
11.400704096
1.69875668397
10.3490799136
49.6805748981
55.6624440952
1.46807551443
3.90024827567
5.65489634617
1.87935112849
4.42609320991
22.975559227
43.4097882931
8.99389283793
4.2192867271
22.9695041995
0.457840249451
4.61814201923
8.77214723802
43.4430157413
6.70266003806
0.790031990864
17.0752173066
69.037673466
2.21198747141
25.0787807133
8.51724032603
15.2580099086
10.7487758592
43.8608781302
10.9153313145
10.2892582668
18.6016449266
1.23806646784
14.0407982697
13.6119601637
20.1537933769
3.16008922665
4.61610850098
1.24638596057
5.41677088927
30.0010592211
25.6286351097
11.5440121944
6.66667378305
33.3420157145
4.71482813037
1.53448512483
3.90564574169
9.31363596771
6.72011041707
10.5550266238
5.48824032737
19.9971824608
4.13452121767
2.42391009504
46.8224335976
50.9113533908
20.5083773999
29.5203488182
4.27404738801
3.02404936663
4.76455081154
34.9227804579
10.0211818002
12.0115631635
1.59757298418
15.8879920176
50.7386474515
6.66631814398
33.9508849633
33.8596316873
0.229734678659
12.0971801611
16.2219290107
32.4733276828
18.1774775481
44.7046253546
19.1849191498
1.19109328669
5.18297909826
11.371891898
45.7778940993
5.9730205115
