6.72224398879
6.72373890329
2.43532101626
19.9165357379
0.670978531415
5.26409170618
29.814851113
26.7380017104
21.5885920506
6.96451156209
19.0978755697
16.9427850955
11.6291671096
17.370338732
16.1087042518
28.0649321171
2.56520878002
4.5488343734
12.5825213013
4.3914564082
7.47080332921
13.5461155345
5.48082149237
11.9736452706
23.7559007972
1.6106049441
18.6897082331
11.7469489366
29.5819441439
2.87202305975
4.53284482803
2.90942665658
2.19803522199
1.89906080533
57.2944976872
12.9678095013
26.4730792205
41.5763333248
4.55927527436
29.9217957632
2.7739966024
0.340427757601
22.2694347643
18.9138303238
10.1341884187
20.244781208
5.92447927384
11.2744927514
1.13256932349
14.786208758
1.25170177949
8.67227603474
5.89599703654
15.0711867781
6.67274939643
12.7410010044
0.380440068012
0.246909387282
8.01822671686
4.71197191112
3.36846485457
4.52769017535
4.58094559028
17.4277680947
26.5110530716
1.4915480853
45.246922667
21.0491823018
6.12788668419
7.19327696318
2.56339471526
2.50462025118
2.69048457099
15.0850051491
9.33204236241
47.1809461399
23.5243876834
4.39534231728
30.5734772663
3.47865592752
13.5790397952
17.8193553147
29.9860310374
2.98359726305
1.45047996383
3.82919706764
1.32529172876
22.5812691735
21.3635467436
8.65494828975
12.2049005467
4.88753207254
38.3703804939
7.38453711992
8.3237679509
6.5256716099
32.1022445379
0.973793922077
15.4527730269
17.7934212192
13.7195143711
12.2580610386
4.99517456346
4.95667258501
10.1630086902
4.8617246479
6.96007360402
9.56516374864
40.1847395397
7.16548462491
21.2299287434
7.46362953628
8.90962593445
11.764036226
11.8394643614
5.00524884953
75.4257657442
44.7445173007
1.00210915281
5.44024298103
1.85003771207
5.17767034292
31.2212685163
3.82739227608
64.2406249328
0.772356727167
5.05129180354
12.9608088494
5.82790516387
8.82205546239
11.2095402446
3.47584730858
9.02977324813
8.71868702899
11.3878029442
0.216807481244
70.6358471237
0.114787742484
9.67988982596
3.99126386505
17.253924822
6.20228928287
7.75095395006
6.81640209096
18.8962402178
9.72263334499
10.5998350732
2.43787458007
0.150515569225
7.60649333843
51.2245711249
10.3884546253
21.7607961669
1.69712658215
6.33331373621
9.98434055144
14.845536591
5.09195051917
0.228692096887
31.6494295742
4.85845244994
9.06178538775
2.33573269752
8.53758954522
24.7752844454
34.9970330781
9.16882440196
2.83134363393
19.5490276468
11.5759936547
19.7312162605
17.6508407911
3.87970956758
3.48585357473
0.0470405497732
3.04180853621
34.2871118254
14.8546470936
19.3233256973
11.0591150305
2.46879500665
8.14440507255
7.92810614846
1.91903569004
12.8679794469
14.5153803781
7.80752870624
2.03505845379
17.5092701384
1.62186639442
8.47421011332
15.57182729
9.38196297796
15.7187064703
4.67093908261
1.89494749372
9.25226669356
38.4586075538
0.670229374717
16.595639172
55.4154572655
4.20875520681
36.3984068047
6.05441850713
8.90101690337
1.35242561925
5.29538139843
10.2669673592
2.23850397079
4.36086735395
14.8328711177
65.4397191188
13.4149283299
17.9955722274
6.43959191154
45.8936334235
6.37013112902
1.35150779792
0.860926028954
10.6796786847
60.0772354057
12.7391312893
3.89336259911
15.7192504164
22.5713389274
18.871152861
33.3282346331
3.35785926492
19.0726999119
30.4974974733
10.3221894607
10.1125279271
4.8125796015
2.33316853662
39.695612968
39.3757639093
1.71334788197
0.614967142864
2.91882541729
57.8898575161
11.0000573017
59.5845000844
22.2352903729
3.81444200164
13.2487795184
0.303984347065
24.9508410555
8.15135494604
2.61501549042
5.07504169761
54.4124575226
47.2010193517
7.23181584883
25.4321303928
31.9095387974
1.98862906863
8.34176637623
28.5455342001
8.10571833758
29.1617222971
6.81494313834
5.9843041377
4.32651302173
1.82985313468
1.04448963436
29.6758812862
17.8133710242
7.86679894531
10.2012780063
44.0111530772
1.56965501589
12.2393884633
4.443009381
31.8610741305
9.4255439033
3.81876717361
11.3533864863
3.66998666891
7.91964622822
14.6394624624
26.4769769636
60.2697758004
11.3166656762
7.47781705823
8.63214291643
6.86896525907
6.83773834299
2.56823879713
8.97762358941
20.4302460584
46.3199799307
7.78066292693
71.8481973083
16.7640670949
2.18911754852
9.0751785668
13.3016595866
11.7728084308
34.1148551718
24.6729652803
