31.4074961829
22.1715573359
5.30380200915
18.7121484241
3.67972454151
11.8926296171
32.940396596
5.41823103218
5.97521378596
4.46900941689
1.62571989011
30.9658396999
20.7182378337
9.07196444029
5.81468802282
2.24158698112
2.54446413395
8.1534197192
2.8021323421
23.0768477399
12.2688789683
24.1591746908
3.50222562782
4.52229843083
3.14686484352
19.3499501474
38.7695957528
24.0674705298
28.1326530593
4.34771161713
27.1999879452
0.179758170947
9.08384754601
20.6854258638
4.80768078203
40.5214623706
15.1848074935
13.8556255628
5.67390276482
23.7419811406
12.1722145209
8.86339775985
3.01139346128
1.06479726789
11.1719216036
10.1234705634
10.0891316341
15.1093407276
29.2059493573
8.86211235758
44.6643573889
7.06203111181
4.7703324545
34.7490468585
11.6396072927
5.38084283569
30.8539262032
5.18035259993
0.303604655709
20.6115983672
18.1002034047
15.019621383
6.11221174529
1.40913820535
12.6834793056
17.9939805297
2.90002421994
3.38931514414
1.35465740926
11.1473180045
14.7265308307
3.51740291895
12.4653567788
10.8393655319
2.90323631312
3.60894079188
15.4791702509
10.8138937105
7.17528065448
12.614893297
6.52171788409
28.5924782324
27.9436073391
9.72326206263
23.6967672803
2.30726668496
40.3680868409
0.415181807405
4.64086659615
31.1364352749
3.03834397573
12.7087431333
4.92471934089
4.10638265238
5.14921808058
3.78577271851
17.4373510746
10.5735673934
4.98360362131
9.63553011214
17.54146868
0.932359577275
26.7693677599
46.7390750236
0.276510761635
15.7627792037
6.82987425668
2.45537391371
3.68761525894
29.8196460423
6.21773253587
12.3061466715
16.1772650245
30.2570295503
1.65835791685
10.7349721286
20.0477377436
10.0751776254
2.36522891528
73.1815184502
4.99601804592
13.6272642459
6.28453496634
1.15060493466
5.11078446482
56.971045641
23.1666237593
3.33217512646
3.83178801289
0.941145773019
15.1342951565
5.74982206793
25.2810286037
10.9730974712
85.7710119508
2.75235223459
15.8193640022
22.1609181693
26.1110053566
0.568370952239
15.3583817025
2.84228904534
1.42015400962
2.09408986423
2.8585147104
3.2695297241
5.78695780039
2.93514537969
3.07947214521
18.6669957301
6.7131210383
6.45333599207
25.5277609937
7.78100052825
39.08158275
8.02917836993
39.2041829543
5.55230033496
13.5183952071
10.5974901945
8.69084679193
34.7421146175
9.36350016546
3.45045148618
4.39698011849
39.0938178228
16.2723034355
25.2572443758
4.00892936506
2.51734998407
1.8893667086
4.64151881174
37.2071578646
30.8880058025
4.56900584803
2.73770305064
2.42989214737
3.65210502208
6.14082941172
4.22836042403
11.4101276116
24.9633413797
24.3822661343
5.04453760917
2.0246877648
23.412860237
11.1282458384
0.493469942093
4.36072001822
3.3305921646
0.227452618332
10.9345141885
15.5541023535
27.0950186427
10.1383412621
80.0335703767
6.0063729538
28.4063113438
16.5356333786
0.714416896816
17.3231250703
10.8528957502
13.44133928
47.075038528
52.4273639418
13.9323820542
12.3748307029
35.8698068812
21.5464092333
11.2612101359
7.51080209031
12.7769689186
37.9370830091
5.90276425275
14.6232211606
8.65306895122
47.0086658997
0.0567131373271
13.9972235809
6.8553228985
0.233461566811
0.341643955351
84.8437820148
18.9589063773
3.0648843301
35.1788061627
3.99716819812
14.9428922708
20.1800920166
17.0239506798
10.1692866346
1.17869698015
2.68139009188
0.812625073638
15.1480461582
1.83195898647
6.6637600812
1.7271838671
3.67124117403
32.3153787014
5.53836650238
3.57225738989
2.14252319676
6.15737505086
2.49671388583
1.37005786067
7.59713328085
7.68663568155
10.9986017751
7.34434055648
7.41678347399
22.5314481044
31.6212623626
11.2802323287
35.3046078864
0.809312570785
19.403061818
1.3945162255
1.48850710728
7.51608428435
8.06768843279
2.41227601732
13.6789330294
4.67850800071
8.52766010507
5.43861422172
31.8847858498
16.6090391095
3.6327853661
38.2490340902
73.4202517352
6.2116179841
10.2707198838
48.8128443664
6.9971463238
2.84790972977
7.68053636202
27.3029284561
8.58742617375
7.22752695259
21.3909101459
12.6016572406
14.2946917817
10.7206119291
3.29378791464
23.5326542999
25.552889625
5.42013766691
36.4862003209
23.6187248424
10.5726595422
28.2170482857
1.68836760753
10.0112360669
3.56756180898
5.94207315537
57.5099288376
13.7018389506
13.117622842
19.4343336318
