11.7611022667
5.5864974512
5.53211547639
8.06499646905
19.5056385799
9.44440779344
6.94991269051
17.8854229336
20.3250534635
3.47913802455
3.78641785347
2.114098148
2.50863935223
6.99235019019
3.12386484411
1.64038852159
1.83046327888
1.43103097817
37.5187660639
9.26860075542
47.861909091
7.80295859725
23.0376173406
20.6711037033
3.96724569791
0.372489750748
23.6741853609
13.4981641779
9.58718743883
9.25836867785
8.74390075802
11.3328813944
5.64308456934
5.64729062451
6.63898259095
4.64459459238
17.9245757106
13.5174142677
56.334670563
9.36401817273
16.2019566609
1.95721934476
3.23914144477
24.010853745
14.9660327667
78.1033418288
5.94950872693
13.1232761959
0.502688503355
19.9425758719
12.7064894222
0.68915879607
0.954544323
18.0764884642
30.7421009478
21.9529508293
10.9790753584
0.0993088188944
17.9389997782
4.55629530647
0.153320740254
7.39345310118
25.429876308
5.01407819337
8.81816908512
11.5853676984
1.54660271014
2.5981289968
31.6782672272
16.575049354
21.6119193257
19.2262082322
10.2179504331
8.9238509953
6.68212651277
0.618256676604
11.4961116042
10.5200339315
3.07270542107
0.516888363271
31.532896153
3.96282849804
17.9555361985
13.6544547596
18.0809199489
16.813715897
42.9487128785
0.316036931906
3.71825803452
8.5883662678
9.36697510322
10.6017793681
1.03262955304
1.38542256113
16.6604181179
1.50359617822
7.00878659255
10.904943192
13.9744777148
19.3828351389
2.28046520015
2.22501891127
2.56229550474
28.1326615481
15.0177415129
16.2257259744
6.1493053188
59.0671548961
17.6884167303
12.6155836306
17.2723824536
9.32386855355
5.65743887542
20.8786618103
0.184080753188
5.61658581872
11.7887791726
3.80095672874
0.75453381991
30.7844391921
50.9271899122
9.42230196704
23.8858773357
0.974578374329
15.3985358516
4.51444258968
2.14526031358
5.28852594968
5.84038382839
41.5735488536
2.16095128452
15.8970362548
0.940188347142
23.7444255523
16.284989707
1.8999771479
8.45045949815
8.87019538966
9.17436473688
10.8812173651
0.794905495578
1.47988415097
18.4165565309
14.261002435
10.9582526036
35.9580010288
7.06927561526
2.5342085918
27.0156413173
0.68544198242
23.2093881681
14.3933545808
31.2592222365
9.56654072602
0.332755243202
17.3899910456
14.7574434542
21.4203102339
3.07013448573
61.0283036005
4.50617920607
51.9010404899
6.50504338603
3.26787750832
5.75660121632
3.89845460132
30.82129339
8.30159179924
13.4537497032
4.68287136249
30.6675374456
17.6064378298
2.76202294677
28.2097059685
37.0715598101
13.9439262445
7.73019515245
23.0185054929
8.30542689136
13.0373118943
4.25882817038
5.31394809628
10.5929037639
4.10106428283
21.6808021188
9.00864260497
32.1407783317
14.6876149282
0.507349317892
10.2504829389
32.9189680062
6.14326979482
1.61415930719
1.06228697223
0.298144761653
17.7312471087
15.0371510867
0.783360834184
29.1224997588
12.3654442794
53.5605073385
13.0796446236
8.70133172243
20.7064831196
9.5751105858
6.36293637705
9.75085339253
14.1589201064
14.0827675404
1.70881869097
0.678913442708
35.3707664057
22.8135994799
14.5027255427
40.9097848188
20.9162961888
30.7370232377
3.94769518903
6.68517041344
0.540073837305
23.7839689045
1.21082657058
0.194779608283
8.03381425499
17.8894985119
1.32332067033
54.5679114742
15.531415806
11.8692080948
5.1866092915
22.1031429427
1.91404254323
18.9625036707
35.6886418546
27.3962168447
5.42295669437
38.4957243998
4.48894654374
1.43756193466
24.6122026067
1.14309358854
15.3569005643
10.5733615649
15.4237659477
3.86314750498
2.27616642344
8.58543072049
60.7034283371
11.8171990462
43.1926773767
0.339055302104
20.7783225271
7.27001672137
12.7046379364
1.26489263504
12.9584861158
13.5749768145
4.37759237038
1.49948762377
5.54429707066
25.2837498986
4.90333893212
87.6084712861
52.5622829021
0.482627497939
5.31690088053
7.32722127752
4.38460174627
3.34030216041
8.45440089356
26.7693693777
1.1039367583
9.75462562903
0.883286536683
40.6642449669
28.7316229461
37.5564053971
27.1225833322
2.5877366491
7.70214981643
3.94414169824
6.63332852269
8.26176358843
18.8239093734
3.75519855065
10.0663728341
15.5736380631
15.6921111608
3.23716045793
10.0929593411
12.2328805442
25.7467419968
14.9956490621
7.34686435234
0.00388872591158
14.0181924131
11.1089924032
50.4707221044
5.20536438226
57.0565634312
