7.17457569116
1.83861416579
12.9890050244
30.2694521179
30.3726464509
21.2100499532
22.3028775907
43.8986236972
53.2157873407
53.111695461
8.65689661155
22.7204879092
12.3213175691
4.80184941369
16.1711819154
0.795545090366
40.514658504
3.49368316882
47.3726866958
38.7933725767
5.09680325473
1.631733507
0.876587504651
16.5544594629
24.5928273292
36.9196104397
28.6891916628
18.5881825764
0.0528214816141
0.0536913463743
26.6504248955
5.56106082361
0.108273069699
27.6832424021
0.35798954416
27.4262614057
6.66266933694
1.43911534984
7.01548837619
0.181616976612
16.0433677944
6.50442713158
5.78748666297
10.4736629353
7.14220957068
19.0282777372
0.0229817576314
33.7993429495
0.381328678239
6.87808359238
17.4336164019
25.1049970595
24.7804051664
4.29603682115
1.05857291679
2.95956227676
3.25089028443
11.9595425328
17.0232452887
22.2462638137
19.7738980872
10.0756271084
4.36943209291
1.14829811929
4.86975731202
18.2868171988
9.65098071546
3.46177338341
6.62502800125
5.01530367622
11.3775599049
4.34555159466
0.275468099739
13.1143421892
5.47850499629
33.6305261835
9.79434055128
6.31493778695
3.26176989616
7.36454839097
40.7711391565
18.1221895326
14.9039356341
12.643286592
4.44181524275
14.2417291939
20.0018778534
23.5360930817
4.80809206315
2.54259914054
12.1824717356
18.790404343
14.2811460383
12.7267183034
6.89060753794
3.31330678828
5.10830110439
3.62310906248
12.5127397959
0.0902108964819
0.967938707693
9.6661330853
4.65465077807
3.24220142036
20.4431674881
48.0868765999
15.4745590167
6.97362685191
21.0851303062
1.34065437289
4.02772052464
29.1104156351
35.9618402634
6.35530627714
3.16817318821
14.346392996
25.8298569611
2.25630009196
6.39585150651
23.7419408973
8.64750214204
31.9877730152
1.69325937298
0.967393306852
66.3550980873
4.66720635184
8.57202238534
21.3761672573
11.0204570262
7.97605069054
2.77914376235
22.316879584
12.4199285285
10.2215783857
58.9486173691
8.36723100616
18.7520610628
2.81238939662
11.2089804779
2.50074131868
18.1756278956
8.28324023068
9.07050082247
33.6936313343
15.2799001127
1.85661572683
0.289997897911
10.985131037
12.5606821058
8.17443468938
1.1062350008
16.0407108245
4.77965717922
55.2099267137
6.1584447331
31.3642700418
15.3138950585
0.291995496773
8.65088735169
3.77727491784
15.68089046
22.3407367577
14.8995899038
16.0713506004
1.09864605391
11.1042486576
14.668482658
45.215735337
11.698352242
41.5312967722
13.599882749
3.47568185947
8.90725996995
18.903575338
2.03961054119
6.58563795654
25.7581950807
20.2485226071
7.99286552956
4.17599273622
10.7192072884
8.74813153522
4.30853268311
5.56322078227
4.91576216771
0.701203680225
22.72928227
30.2995490644
4.30003840443
20.2018619674
19.8416605473
18.7236193634
52.36014412
2.72117017744
7.58871898661
15.4127281302
10.042899802
0.157208481718
17.4387366589
9.78388416026
20.3440418859
7.91839577251
19.1021105251
9.8252976823
2.40277312264
7.31949996695
5.57126923401
5.4682420646
3.35276187111
12.4106436334
10.6706396446
46.0448777572
21.9335457983
5.19323086007
4.86265146592
52.2250163662
14.0207246263
3.06518695082
5.76495337928
21.0673700199
44.1988440923
16.2485715074
35.3678627663
18.9805049757
10.6705265202
8.06248701266
2.36238579663
14.5449769112
28.910713377
13.4013810304
12.7523152259
9.33731786442
6.29131830983
17.6449742098
21.7167107308
8.20162531157
2.89542435851
18.8794018549
15.9516592453
9.23801685497
11.9311728039
1.64764442207
3.82028639455
16.5935170576
7.61773917407
12.289519111
3.86508877368
17.1766581405
4.09496818485
6.40387239045
12.5050197768
16.0171772707
6.14334587745
25.2338140643
18.6517987083
5.14064207431
1.4208585047
2.43963528262
20.72604551
47.4436416246
22.1648767761
17.448302439
44.3374871386
0.0652986864171
10.9760095989
9.95350211043
2.13583002477
8.22263637215
0.850114984514
5.94362693155
10.7449485624
24.935976522
6.46599459194
3.25970941325
26.5453381694
34.5418622244
5.67466153585
30.8295694221
20.8558070668
72.5721377181
16.3378074223
25.3707256928
13.267937127
9.23263602171
33.3768706853
22.8471469456
12.0718870481
0.617006326672
10.3143970062
20.3038408239
0.71837708884
0.585368347009
43.3122631022
14.8891078634
17.2276669171
8.93949550131
1.4724597078
12.4316373279
13.6429735207
31.1944145762
