9.45333791692
41.5672311726
0.299795808621
10.6844320304
2.42355923773
13.7605518473
12.4858819973
17.5782397519
9.21807172689
64.0793143202
32.0651671917
2.80630068802
12.1223536924
25.4480116956
30.7041063008
19.0299918032
22.209421206
19.6511517429
4.13672928691
1.9527962183
4.95277283446
12.2231307477
5.19242553301
43.6706404468
8.55516772644
45.4408110725
15.1568925282
10.0677033729
4.73156688939
2.59555601574
7.05797746292
1.21456047588
17.1379086482
31.330155144
2.94653382665
4.99135232452
11.5295621345
6.12377895799
36.7565904329
0.0123058690641
9.64483659879
24.6133910101
3.82876953552
22.0404490321
1.3689988897
1.94955489094
4.95881450191
3.35656858675
19.5090084112
5.72140516882
1.74626785418
12.2832601281
6.69832084547
15.8936450408
2.14903433593
2.01083024322
2.12688285693
1.3994375665
12.1930143757
42.4041942057
17.2968949457
10.3384788006
8.15023924724
0.771239772041
23.8738951951
4.58218393944
0.676174201127
7.54603077283
20.8098941074
41.6741786791
0.934890293668
45.5890440482
3.28830076053
30.709304368
11.6761264027
12.4973788215
37.3945200689
17.3847996862
2.74567186733
6.53312335623
0.785964795357
14.2560490065
21.3481231873
90.593679044
5.36688136923
4.92110265036
4.15956387455
26.5840247285
45.3467525572
1.74926041839
13.6729895232
30.3399062785
5.69634515787
7.22946272618
19.0678304847
34.1608379382
21.9486162836
5.77354247104
2.64193621243
19.9140581814
1.72846313519
19.4668863671
12.1648639243
22.210344813
10.9224030089
3.51109583219
11.0927969965
10.2606902389
2.72082739674
4.71944884536
8.54028288811
4.31937024142
47.2955353882
7.49789119559
8.93342631769
15.2532363321
38.7096012921
19.2239354225
0.244396676964
5.72668400274
18.1462668393
12.5459987076
11.844556875
15.0068597525
5.26384719632
4.07270159706
2.78890738686
16.1559983451
4.95783207506
21.1578732956
8.43220076528
17.919657546
11.2710071261
12.2594596241
11.6708435285
13.9512918735
2.96375915043
15.0195404964
21.9775600626
18.2110651292
3.17776869632
13.333915287
28.1961543682
1.88542870432
0.956667502172
8.14855479513
4.80804265733
8.17645255761
10.3904449106
18.3510540057
35.9887434544
10.3136697916
8.17855760277
28.0593198876
8.39012177703
0.617580464763
51.8054217491
35.2783145989
13.1497787716
13.4421004243
10.4121035692
32.1078727372
4.58337887802
10.7439010664
8.04535973716
24.5896334295
8.44184200148
15.0094111784
8.97428852255
5.11767408006
4.44366157732
4.28189703497
73.4880391643
2.97539360581
22.7734995132
11.8536086468
17.5735351299
35.6585859494
8.76540616241
0.481295083496
13.7634932138
9.12391518088
10.8920682926
6.46672568189
20.6924150566
16.6705356976
9.0187588224
6.0051508333
0.542664159314
4.12045501484
43.2910857558
5.61102111462
1.11056103329
7.87817631914
8.35268253153
2.0748181305
1.6517737886
3.87563663473
15.9933181614
21.7487149138
9.47540618984
19.6004008635
38.4623051359
1.00077884103
4.23527437247
3.61802067197
3.89007852605
20.7715204286
5.34715006556
23.2662705002
8.73518478317
27.0746489556
15.2538963023
15.6675719333
2.90508043933
7.29696939574
4.52786840185
5.93654646172
1.26616953691
10.1194969079
6.16164503066
13.1040805392
23.3124510893
6.71090014567
15.7641142963
21.4997987262
35.1519241189
38.0035692371
45.2081360273
2.85530525305
1.48944015157
0.857617090109
12.6015516087
56.1162229637
1.29478377092
24.5580007177
2.36308590452
12.0011160494
27.6548754553
1.9628511606
8.75593645014
1.1301568874
43.3293337028
5.99081481196
45.7971562363
27.9512658022
32.5892655562
4.76775179662
27.3071610517
10.6350239403
6.31465128457
29.6776990846
33.654235601
23.0895692839
9.89973483639
9.27585161024
16.2086732403
17.2136781607
3.78723887145
58.3449852959
0.56195510728
14.2476832005
36.4334984372
11.7443882584
5.64716155003
18.5750036027
42.9332810416
29.197241598
5.26010161768
7.26175440279
17.9605817062
38.6468559114
31.157569425
10.4744509893
9.73800835695
22.0819315616
0.253263238555
2.67491602726
3.54097530832
23.2170112325
3.48754202382
2.41160534824
0.341276875835
14.8535606462
0.934277444473
8.81059965383
8.42875163232
16.9786554054
15.2445875612
26.8102183228
0.860894440342
9.3103350254
53.8252193698
0.351889500417
10.9676267412
17.4755611709
18.3298612737
8.77680683162
34.8696576762
14.35538903
