24.7926830494
28.6792095715
9.76001451367
19.7000515659
2.19152156235
18.702509462
11.3751573061
64.5965823217
8.38300654907
0.271247195951
36.7621540857
15.2208906786
7.02070006654
2.45289537308
20.0927444924
25.3293780768
37.6940054884
5.52539236718
19.1726402314
7.17735263884
13.845233725
1.03294156681
0.562450336564
32.5117787289
16.377150468
24.0725924472
24.5898077737
24.3562635482
4.47649464613
4.53493220167
22.7092417185
42.147666699
2.53193398857
13.0622799023
1.07000684327
6.27741620613
12.338039454
16.3158468271
17.6543787193
15.1358597365
1.67447128191
28.3377852411
10.1868784049
3.70701735609
4.67204182947
7.09729452227
36.2073298946
11.3791275903
0.859979409443
9.01346706913
30.6148201863
9.68630141455
13.8321224491
34.479140284
0.498879684046
7.265309006
13.9632502561
17.7057716191
2.99186759447
8.24259294647
12.3064751522
7.54688707199
5.18792649559
5.72914498033
0.107712810277
11.016785384
13.3609563325
2.72366484335
11.7286209255
21.8822283153
19.2255529361
16.0469354225
16.1612983799
6.04240957073
4.60117732323
24.2707639899
13.6341221906
0.987719162013
10.4040349374
0.762886695335
11.1462878614
19.5963416203
12.305820644
11.2482583315
38.3001290368
6.32340760945
14.6120397993
16.8894899722
4.67130656681
46.2469960342
5.7458541909
3.73469332099
38.786572113
9.06800011945
10.9341835237
24.8704975422
21.3779886319
0.520496789316
3.45486216736
3.54737757346
10.0832468079
27.4912485495
2.76050846058
9.24677539938
5.5879906098
2.88466414534
0.981178314512
1.03865298671
22.8352498326
0.220587641338
0.87290983642
2.68569149618
17.0197704832
22.920240406
33.3270190647
9.2884060528
6.13966482142
15.0380702882
12.9194535287
11.9373590282
0.916987819968
17.6378123707
12.0820712004
14.5738720618
13.1375223786
11.4692614788
3.0439393659
2.405807141
22.12480836
16.9320389777
15.4676960028
16.4184246439
0.287224511796
9.5817138559
4.18077988822
16.2754585841
3.28611497551
11.9040253374
0.0443273912603
7.1445610639
35.3529055087
46.6521303716
1.10896856681
32.012603478
40.3014671842
1.44920725266
15.9746884232
56.779901739
76.0746238959
5.1491816395
1.06214089171
14.9778117854
24.0480003038
5.16473169785
12.2588239251
8.23866646041
5.56277765455
15.4554382348
19.8070573556
8.56577243164
0.968584684535
13.8764854294
2.14723168066
9.31315578084
24.1567967828
13.5323934889
23.4251713551
2.69568936251
5.64902137461
1.50362951712
4.25452998568
33.0222622537
6.68650592223
27.9252549082
4.45889785125
5.74037703195
12.5729871601
3.80851165325
14.5374282235
41.9797759474
4.57341506968
0.35739352563
0.135951207508
37.0012160333
43.3941206766
32.8272239675
15.1785557502
22.059421766
77.307979113
3.66830510853
7.99784526994
18.01615294
1.17010629209
0.67091618579
10.5319571558
10.9422847635
8.07336564097
11.7228764892
2.9041349936
36.7765878956
17.3854380688
22.6857799
10.0109174681
35.742480724
7.68263176297
1.5028839595
16.1770241396
11.9734455351
31.6502197685
5.30126337935
2.44895982124
15.2877861438
1.41545627442
61.0836852808
1.1724111722
5.96806622097
6.09906213806
4.48122141083
11.5181610711
19.7188880898
27.1645387017
37.5709756132
9.67251368241
33.0018840598
8.08517473065
8.85711180021
27.3714916766
10.8588690819
10.4773657048
2.43370593574
55.3254579128
0.30123607312
10.9181671387
4.27884640349
8.45527254878
2.16832230512
1.39163024829
17.6770844148
37.3998054882
3.30731648464
1.59390528925
8.21434689478
12.3437270649
9.84185055217
22.7926889835
21.7004035596
5.27576363583
2.85821437424
30.6879971199
29.2209854199
0.997683745503
5.32352336033
2.25718187892
9.32514781109
14.3362475516
1.72689745418
15.0777471124
48.3359066811
17.0810228952
5.39937862943
40.6381788398
23.515658604
21.6105589978
5.81389787257
0.374700466901
33.8358576773
5.66499064705
13.9236473197
18.8284316376
19.1851058338
6.73581551025
7.38434674021
26.0792209581
26.1780102726
51.727930377
3.93340938171
70.3107774652
13.7404904854
1.98981549433
3.56767606614
5.13902698912
55.8425133985
29.8223002781
0.70138104777
1.6266533439
18.4785638102
3.73787984589
1.07789897999
25.2276641952
63.1441305543
65.5666577831
11.3341204613
7.20645062104
0.400352513926
46.0144387158
3.68447545844
38.2672627459
25.3870252137
2.20848947241
19.285033275
