1.09798450698
10.4846231286
67.7840405731
6.09580323766
33.5302511318
21.8433000335
9.40048675794
5.5870063336
72.6805227746
0.543802411118
29.5944284304
67.0787293962
6.87910906432
10.7848620392
10.2019175965
1.34124877393
15.3610256644
32.8472958357
9.83047725911
8.5489393757
6.16101071156
21.3651662155
0.240955590183
9.95712469962
7.97080506893
16.9222599964
15.4383357286
5.63431517269
1.10682683406
80.9457738062
37.0616675008
38.8980460394
5.2152807521
2.85566959539
31.6277727284
13.5972834155
20.5765147358
18.0794826354
16.0970690042
19.5006349954
18.5044470855
0.587874607577
21.0081759358
17.2894568052
25.251260481
0.571942346409
13.2945498787
41.5458537829
8.37767012277
5.60568083149
4.13109399367
6.04523931525
16.9170060412
2.92470137947
19.7893248523
0.263451724338
12.3625230259
26.6351630011
5.13137908183
24.5452076418
9.9527954895
49.080450506
53.1058350298
2.25726093543
8.54340439854
3.0757942121
27.2676949005
20.6344452364
13.9681502271
4.66035974887
2.36387146425
13.5405726915
1.7946059453
18.3168587963
7.63023699622
4.24128402378
2.5332941885
63.8578801543
12.7451162263
15.967636815
34.2619296694
4.98513426505
3.32266179265
18.2379441369
0.970426998129
33.5847181879
71.7340667825
8.59398874378
5.09142302494
1.67456804908
4.30753314151
19.5504731417
10.0713057868
8.22682985796
65.3148558417
5.74549704909
1.83819211206
2.63274895347
5.75954275814
8.84716754276
5.81739266268
26.261810773
66.8594559365
58.4026779566
16.5417850121
6.42799045581
0.178229640075
10.4508514101
4.02768291433
5.62815475118
10.9478145331
2.15939798906
13.3744726715
6.73598902308
10.1214485944
5.88701995254
1.61274730188
20.7704365047
8.5005772888
29.6710501686
35.5635065441
2.28709105329
13.5703996504
4.88015075158
39.2358456844
3.09501536991
43.3844007824
8.38047752081
5.57718851604
9.52153534777
5.857143904
1.37627586018
6.97294234585
15.8254722103
4.3981406446
16.7761318879
3.0993548428
11.4186054548
9.12853666976
13.9990732632
8.10614426399
15.8005257025
0.721377592006
40.7813082603
14.4044329079
21.5558521625
12.0041432158
33.1137381891
8.82790278193
4.78478961169
9.44957089482
0.417513636084
6.71720616501
0.891223661621
3.29694885871
23.705644044
8.34134576938
21.4300392644
4.11789271033
0.0219730537722
13.4453081084
30.4586587428
3.17665610623
18.962729818
1.40298219715
14.9823608956
14.8333706203
37.3813813778
7.76496862095
20.5480922563
3.79244909073
5.99269675735
4.90527536642
16.5295519141
10.2325889326
18.6162107735
26.5671047721
9.19382172152
77.223176139
15.0283885198
5.26566198246
0.426035282595
1.79791886984
4.94139613862
14.3819183358
5.1116469523
3.81435050408
18.3101057397
1.34007565708
26.5490122726
11.4040786526
12.7738810584
12.8832783001
17.1443654099
8.8565405046
6.41320551988
4.54269334246
9.75839678491
15.4058641811
9.9109135615
5.37814336794
27.4808393936
13.496186496
1.62980368421
34.4847670309
14.818731616
31.1219398794
8.85334287622
2.92765072085
15.6234050195
4.300416567
1.45976965805
25.0748231299
0.387549268363
2.9658383738
9.79972263899
48.4358241337
21.0011776066
6.5665801097
1.89976977578
0.823476504866
6.52935683109
4.30173446982
5.10648206595
19.8109910784
3.78559335701
11.3868355615
2.05773000375
5.7042634696
10.4786016302
4.46944049021
25.4573500947
4.47368938425
5.40502493532
5.69166194449
2.869222595
22.6339045266
0.080490356708
1.41369944832
39.860286417
9.80659926592
81.3157629567
16.6857983445
43.8745279746
78.9968687268
2.88013178849
46.917601378
2.39210482025
7.01116446079
6.31912110181
2.00704961109
8.24003540484
10.0708494405
3.49999239958
3.72477652604
14.0486143509
1.92829850834
12.6198376258
4.0884752576
0.691300449111
31.2251405042
16.1323882815
0.232077903131
29.3465845912
10.2968366083
7.84361633371
24.1705423139
1.58174105136
10.0721482789
7.06810555828
23.04503097
37.7765646048
3.88482355532
35.3471019864
30.5728273213
5.26877041165
8.96204049444
19.0580680729
3.83168140694
0.0400016263621
14.2768778673
0.407834396451
21.7131432955
2.484732362
12.0225700394
12.1199160027
2.44187452265
1.48674658493
11.104863052
5.23121947019
14.525287692
11.7896000423
7.63755203687
11.0068303044
0.119622015058
8.77473071418
22.6795064107
3.82123790863
6.87075872389
23.7215603549
