23.4596643814
0.937454574073
5.66690018294
1.66840768144
4.4033502767
20.1292261079
18.9396351741
10.4379121576
23.8424145619
6.41952546515
3.25291199764
11.2127517253
2.98443428335
1.20630823595
5.06009589993
19.605806518
3.38887027928
0.715152287939
10.6555483137
1.88274658604
8.98823789076
0.459911987362
3.76195878972
10.3898914566
13.0896104729
0.151752273151
20.1330511211
25.1681839572
0.322372266777
1.66008593282
1.6882485804
6.43766005817
8.90684989676
33.9004625943
4.34265211449
2.71291943108
18.7742621428
11.482802476
18.1331952761
11.4996560892
17.5577077631
48.087951927
20.9939133819
12.4466386982
1.60003217
2.20123155972
1.56175903218
32.1559744866
8.47978261147
69.4443626034
18.4763359478
37.5486219325
13.5286228834
10.2171071895
17.2314793584
0.0484576846212
64.7542034105
4.64423055397
52.8578605614
12.3839494363
6.59857289233
19.635722669
3.78152801817
8.80093230355
10.7890407916
13.8835444123
0.46602679021
9.01877422176
4.66787668066
8.87148613098
13.6325815814
4.30196847783
38.261675674
10.0343130779
39.1876504997
11.7862113291
27.36727236
32.4650591279
21.6373577723
2.23697760204
2.20402815421
7.06499117167
41.1420147508
9.71079077867
52.0302782138
11.9970047259
5.0897137913
7.49570586467
30.49115693
12.7705931032
20.3090455698
16.7166990463
2.28586894874
43.6617941456
25.0041697846
3.79456762953
43.180556412
13.8673568574
36.7199665763
29.5642727447
82.061192314
9.68316635977
1.08217167082
1.66215059731
13.1667355417
1.71067202875
15.0380969641
0.41554594653
40.4596657575
7.59057582801
3.39367706189
24.2100801704
10.9395868939
37.7583881953
61.6931763375
3.67034446658
36.2096382941
2.29119181999
3.39996377171
46.8181416292
13.6822605494
12.2967257789
1.03516918494
28.3630465178
13.3737112159
2.47597227425
5.0050226374
10.6381540598
39.469651458
3.95338003125
8.13548581923
21.9526394146
1.24125814988
14.0409597595
8.92511461931
1.70285376595
34.6670372985
33.5022154665
37.8208893341
49.2010105277
23.2347688266
21.3043066078
13.1880105139
8.56347596322
27.7884001058
26.9581998816
25.9502792584
6.95555258793
4.42824382522
33.5109071594
27.8942024339
10.8295166896
9.77052826005
13.1654975423
13.0468042682
12.4965187018
21.6192523063
2.39218423866
27.4106447086
14.7787982034
6.8412208506
3.25775932079
4.97982847154
8.89081460446
3.95125972451
1.2743333411
22.192341549
14.4853872988
19.1297644561
4.42903045824
9.0981056324
5.4324422434
57.0560034825
11.8006700824
0.108861296577
5.31081808575
16.5892641087
5.20901511124
2.93025155597
3.81128197235
17.151557754
0.721976488468
10.0788878042
9.79279967775
55.1762882617
10.2190848814
0.769064651083
3.29547237924
12.5275523098
19.8966771915
18.1695326233
17.453548257
3.68207069967
72.4119688578
2.44124565266
25.743856074
10.3455031016
10.9044212914
11.1568196341
13.9440749921
3.14938099359
12.3202596935
2.86691986216
3.81611255127
5.40028219421
6.44683748677
56.4136318423
10.4171391774
27.9807716182
25.6537177482
20.3422523751
3.8539708559
19.4489716285
0.246723521821
5.2208154305
13.4869201175
17.0655987044
44.4013405769
26.0486142333
8.29091716416
0.906301092239
16.9855066901
67.7145894895
13.1232233551
32.7394628303
13.7484905999
15.7820205913
8.63747298163
11.0138128765
19.4265752618
41.9460642376
0.419112082927
4.58785492131
24.8700450801
46.8149475775
14.9329014379
6.17215799157
1.67586608292
8.11729512459
36.7041916757
7.19888152261
3.33577352538
10.0442311419
5.84318437278
4.95039590842
0.827437589656
22.1885626344
45.4139481209
11.2209135458
5.1351329786
9.8083433813
5.00666107028
4.0524308615
7.66643222098
16.7667844965
2.90027685644
9.15859625467
55.460067033
14.8985692893
16.8222732201
2.687342161
13.0755263367
3.27970130683
1.03973331612
5.02906068301
0.198505207605
14.5724796355
3.82537638853
2.03728089292
1.93295354587
3.84424595715
3.25225382988
5.40046765335
18.6855909346
21.3812400913
40.2477991228
13.1831062963
2.70584096872
9.05000741949
11.826266984
6.93620721674
17.4093093125
9.22587964326
21.6341370552
4.23030859747
2.72187509978
22.6089911105
13.5311482643
15.3591823744
1.18534937947
27.1981332078
29.6408837851
0.374971592524
42.9493814228
12.1890564722
9.9681252784
12.3296630904
2.0554685589
10.7632576469
8.08405558613
