1.32769149933
1.15510380158
5.96088216833
0.340601876861
28.1871959693
1.42196979396
15.3177952135
2.34237543332
0.125734977267
0.695871162841
34.5130386104
18.5517242179
5.90218159229
76.179538506
4.9780269692
4.34159801109
1.29675204286
2.22162065896
8.0220874898
36.6103000279
0.941354391566
7.19133244825
14.9021444075
21.5421546079
11.2148841698
11.0985955315
6.8368517745
4.63471986929
60.3161064302
0.367148547268
19.3680443197
5.38768611582
9.37849018071
21.5769988385
2.55876667516
34.4288752098
30.7642582204
6.94243518698
11.7471788332
8.92899646989
7.27998517242
12.1342499378
26.3372640839
10.6368511754
14.8102805166
25.433395505
16.7794539248
4.64540742342
15.4385125533
9.2629060262
22.5529964488
27.9810770566
20.2541268731
17.3910509954
10.4110382136
15.4427129928
0.0826995801838
42.3430891032
28.4655328255
27.668541978
31.9672180131
44.7274067943
6.41520617064
9.11553706253
12.8679753952
2.57137484489
11.5184674849
9.06533434143
22.6923085815
1.03851774484
9.86730816756
2.83850523017
0.0711421435421
2.77629612766
51.1355467388
1.20007261935
3.51014656012
6.54834233573
36.2812874928
0.487044335817
6.38220668385
41.6861199775
20.1283195131
0.068379081274
11.8282424707
5.04363787133
9.83133872603
27.0533885905
35.873674632
22.3286904475
0.8968507146
9.55873718878
27.878863817
36.9549948348
5.18759382779
17.3316044878
13.3985614977
26.3315128479
8.34538571179
30.1489421303
1.12503665488
13.7083099512
6.92323537592
17.2405896563
3.44859010318
17.3258222667
8.05526457854
28.2097602928
9.09049303686
9.59296522845
5.97368087604
6.36108308298
11.6890100224
8.85259211086
27.9412824556
4.85632104504
7.13869918386
75.11851749
1.67764770617
38.0013687909
16.8812708442
5.38698425986
0.993717296737
27.0998845844
3.24045456917
8.12965283272
12.4271657847
4.01548574641
18.7574318426
14.0991677338
1.43035635348
12.5634329846
1.94047456871
2.86574858949
12.5015856828
13.046317477
5.96889334449
12.4796621074
3.61179131423
0.193265918263
7.3763800011
22.7997657687
0.759577005007
10.8782954532
9.27536702301
5.59331201201
4.9186041861
13.2059603133
38.2416302558
9.06523463502
15.5243350573
11.6164178637
52.8158469676
17.4788486243
4.38644005805
9.07919848859
21.0447626902
16.5721314871
25.779549653
1.88456860053
17.2438485961
34.3008146041
83.6730925561
5.20266728477
9.75419298877
5.93152983818
33.4359443159
10.633883592
25.3322834983
4.94529257534
10.6268004177
5.98108226396
0.0255824829519
6.11593699567
48.696749951
1.39441786382
1.54169660671
14.5858810767
45.930204904
2.10549639453
8.08496068362
43.0325640234
3.48170668044
10.954243733
3.0896793447
19.0443485687
20.4924002031
4.07156272496
24.1292989653
9.15300190896
37.4823411978
33.8096135266
0.286544731618
4.35395989798
9.90784690395
30.9702715465
29.076648459
2.48215153243
10.3550092953
11.2967735077
29.6174030565
20.3460250146
1.31764654689
17.2727291202
0.785837119931
1.11115275728
5.96996968737
1.336892537
3.59240826315
0.737634686812
41.0968978775
1.41628581004
17.4462290841
13.1298037611
5.23703465943
5.20725273275
2.41007676397
8.1046479198
10.8778284829
14.1111195064
12.1113598534
1.27680716477
29.1192940345
19.4366883343
1.90193485726
4.51897369218
4.75946436742
13.2598549358
4.49799282892
3.2191552509
3.43737540367
17.6152228967
1.96170887676
51.4756450042
7.44541866337
12.6582070916
36.3021833061
30.8079860168
4.58909774999
30.7654595005
8.68033779907
3.21256099879
16.5432103516
33.0660885702
19.4574397474
2.78089501182
0.0101475695991
13.7400700064
15.6146002106
17.0980701753
6.77932696647
6.94983370654
43.0232791911
11.5155321819
2.42513495857
1.57335749301
23.1426750744
36.8028672035
13.8314926078
7.57100897755
16.7251882741
4.17780125095
6.14013911538
6.69290452851
30.2785617962
18.7139397027
30.019766968
4.39731616975
10.282011852
6.10330172815
3.66950174934
26.8354745052
10.5289925649
8.66155062242
19.7924215834
4.64883405783
0.417078107706
0.392221142526
3.44887130937
0.775878571051
4.83546128498
10.4075573865
19.4627761996
5.92728818476
18.6301734552
15.0022950448
5.83138654436
16.3132568931
21.1957543975
1.85477569913
20.9585757386
10.3902111536
20.7212463787
3.45506245901
39.1066370013
2.23032763366
19.0366537428
8.96806757836
14.1651240824
17.995864874
