9.93258862245
5.46000188036
3.77324134722
5.95925477588
0.433832447622
5.82142843261
11.4596193582
15.7804261488
33.280511636
19.8560000118
0.768496959921
33.5549207159
23.7918281787
5.80453669765
28.042945871
3.96993905898
4.48437118773
0.3017283287
3.19629744597
9.73903428283
16.0648965349
11.1862678741
10.8626494842
17.6613893292
25.9863145842
39.8824566685
0.427556712661
2.52555675883
8.17789696128
3.5703965176
29.2915071781
51.9039018065
10.2996722602
24.1704945592
0.990617296544
4.1818272395
18.156427631
2.66786996882
26.0036730225
9.62540143665
9.09211317649
7.44239103411
0.30896195518
12.7247532899
4.91751546766
4.00963897932
1.19133486024
0.0311311091686
1.54812004288
13.500556257
6.46208608145
0.688706670587
39.0379559378
4.71608882278
22.8377170053
7.26220875739
9.33717415657
9.40772875827
10.1855679043
47.694558431
24.766290978
14.9687839438
7.91462354586
7.78173714369
2.21744294202
19.0061637055
9.68090389885
7.91449252314
7.67113749996
0.0473947675001
37.725896859
13.7788199677
10.9648629732
0.259202464752
8.61499700052
3.12925171743
3.90878055526
12.925541666
20.941517705
0.188378851265
40.0130673159
6.52438537725
3.10540868865
20.7488853808
1.21578083183
1.54307989283
31.8888385541
84.4041514435
6.62260115928
5.50085372771
2.77085557208
2.68904792302
5.52754742057
22.1490916935
4.27948356073
14.5138319844
3.70044060355
5.6407344668
12.7665594887
52.6505482197
4.46999336654
2.39351664228
21.0120436484
12.4492862494
1.77735693543
31.7553685435
25.8110564271
33.646177583
17.7443320802
3.17434973635
53.0652324419
1.41374590562
24.8285041308
21.0936515269
17.7013201642
7.8770512973
24.0084457498
1.75250487622
9.36771141229
1.13647428935
9.25112580035
11.1843157303
9.03572199065
10.0151448187
47.126550037
23.5361389127
24.0196111663
15.0141999353
50.8286329649
3.3625359885
3.72329907831
3.23409597443
0.542379003739
0.246851496196
10.4144746619
3.06941992377
15.7135213082
22.7466200177
8.57552413603
18.8178234005
3.22304222844
9.864749296
2.12933788286
9.55567412268
23.837014538
5.27046239651
8.69353225847
11.6034380582
33.561477516
6.35176422568
16.2213940534
12.6757345004
1.68003726068
8.35817152527
2.23334458546
2.26291009823
6.06732202838
31.6211443531
22.7841987584
31.4466600886
14.5050745449
21.3565327985
16.7873432652
16.4816563312
6.83454945727
5.05815498756
11.4346567693
36.6624730574
88.3872024803
7.10191119268
13.487540957
3.61964437659
25.3644947465
32.1233341133
4.7022650913
9.77974000997
0.00697227617556
2.55070154353
4.41964772681
20.000623779
3.08972595749
4.95678937743
15.1379007527
11.9223357868
9.03840284347
4.70248887307
8.31709282031
1.01944632223
12.4926742388
5.76302349273
0.0292794886903
3.53606049323
26.8364096195
3.10844669845
6.38501771527
28.9816850459
54.2956808736
9.62505179936
7.97753253957
7.1376336342
6.71302863569
3.95903434714
16.6305224507
44.0514666829
12.9344121534
22.2970779471
29.8473301075
1.7085454919
0.0220122546691
18.2593034313
2.44298597259
4.9676148846
7.6266118624
1.3208683827
13.9465563401
13.279523243
16.5020327671
6.21331668806
11.3134614155
5.83477988469
36.353047119
17.0481686935
0.714653154459
23.5525343401
10.5146487912
2.11431088112
0.339628094069
23.5458359674
3.55780326891
7.41914836147
12.9665238194
26.8074943372
17.5767371257
29.8999270965
17.3673858186
37.5074613881
3.74363611474
9.96148175799
3.68625823994
1.84793939454
16.1295426155
6.80428400119
1.85700074128
1.44226423622
33.667771707
19.0361115014
17.1891400776
29.787156235
42.7144728382
3.24838991475
6.33412473949
13.4201848119
2.35234373163
46.9026787505
3.28556119323
9.8621753434
6.31855431776
22.3984236767
13.8800818131
40.576855212
8.85292714951
7.4281547933
4.90996506534
3.62337419128
23.2946242056
15.8646369605
55.9876147305
11.5099515664
15.4777653937
22.6080854629
24.2099853202
7.54226452389
1.54724918736
2.70673002919
22.3870278874
3.96462404599
13.9367888175
3.85795844873
1.90009009646
9.2964201347
0.990608531714
29.2783091403
11.6612890292
41.3379865325
17.5310365357
13.0094759125
3.82475828689
9.49265452836
29.6790874318
26.4206101203
6.67272161895
15.7149122858
5.95660668243
0.537469542064
13.1863113102
5.68740504252
9.39045475217
95.43623883
72.1233491183
0.540922949935
