16.0100096433
11.1592175425
1.88162223864
0.276937262424
56.1981273514
3.21329208587
9.04743621236
20.2210837179
11.8937964085
6.58304638764
5.59628519187
1.91216397525
52.2730918343
8.93985840045
17.3610576392
49.5850178676
19.7981409895
9.6457371211
18.3969589251
5.9555794213
7.47732917197
0.318245957538
2.23661347226
15.8821852768
2.78147027685
1.17743266474
15.5092479136
15.6430200989
8.77863798829
46.0540938654
2.32905872807
5.72717567825
10.8336589669
17.8435373249
16.0357234302
21.3066867368
63.0011399349
3.95302879268
3.15671713521
41.4207156163
20.6862702928
5.25853251171
18.1235378138
49.0962917191
0.966116502656
18.1303817307
14.7695358441
0.466897849467
3.8680691453
27.6633961619
25.0827711539
6.3228416309
8.00116673592
2.9209937775
36.8012178615
14.0319430445
18.0283988254
10.5551002605
6.65869915106
1.08183168198
28.7847302743
24.33139761
22.7920279943
0.0195680833389
2.21439609204
13.2396836392
11.1145355715
15.0775373677
1.65891996134
3.82868176169
35.6077112051
3.36566870901
17.1105187733
11.7547316982
0.877103745549
4.83567658218
14.7127112659
21.9112438025
19.0492283555
17.5566637033
5.61711294128
5.7904003576
24.1548412164
37.1764476323
22.4925070458
7.95528455729
33.9878442686
2.75214854437
6.50468255173
42.5746619419
21.539089972
25.9273890975
13.6282521792
10.7194940846
0.199753023914
15.5793999834
24.5735158362
10.2121020483
0.898577764887
12.2792885837
20.7372200048
1.40618005457
3.15632167234
15.4248256704
17.113684644
4.68741698307
8.00678791523
18.9991896593
29.0796693573
2.43576143661
35.0049690646
6.69649423041
21.8340287731
4.63271467997
1.04656163217
38.0643348389
9.59469240343
2.27556613001
5.35110371254
15.8182713169
28.7314422095
17.4689972282
11.4139200725
13.6150493623
14.0943829386
12.0263189538
11.2247626188
10.036775496
19.1226027991
3.12883603644
5.24343420242
17.0534228936
4.90830872666
24.5535933212
0.54136185065
16.5761542247
9.36798262647
1.43942876751
1.45729235067
12.0272586376
6.05924963775
4.15967340662
3.6967549237
4.03912480512
17.1172990447
17.4713754601
6.79295422902
5.05952805202
7.933163096
17.288466266
19.0099588768
1.97009824463
3.2001347251
11.4725251137
1.48437865487
22.6954184309
5.57586605968
34.8515560784
11.3569576896
8.43873855028
5.10138468119
31.645518802
29.6275227229
15.1159170801
9.1991020169
91.3124290782
19.2337098936
5.38210399347
4.30806531011
11.0211417962
11.4676403923
16.0993392009
1.63565573067
1.83698228678
38.190321969
1.49433725128
28.3171781751
1.23057021242
32.1229807376
1.35981767127
5.43908530844
28.3081921481
9.35908322971
6.26147591919
1.78132292754
8.35997705503
17.9474694146
1.53469617418
1.54842208825
8.15221038589
11.243827098
11.5700169653
4.92782829879
64.0541884953
5.89265816148
5.25086846963
13.7863933874
41.8729187424
39.4427958788
6.13863989823
12.3573362907
0.14111610579
19.1470510501
46.8478909436
1.11642960507
50.8761266937
27.4698417928
1.51620899694
7.31127068981
5.6259057638
19.9620326704
16.2167909802
6.11746665365
20.8692390964
51.1081218547
10.1714981873
15.6283019763
1.19635911336
3.94180545199
27.4416152847
17.4914799696
3.75766907545
17.9106431562
3.26359519584
5.53022739137
4.1977826001
2.95782912545
6.36784191887
10.7609025161
3.88167954092
8.74726200814
0.71363127199
14.09907875
14.951830018
11.440786596
10.9997383754
16.1774740662
44.0379092432
13.7535141897
7.86178675925
0.40251563661
6.46436800034
19.6273408613
11.0566779721
37.2391621733
34.988046761
9.48970752107
21.7542819389
30.0401701616
8.91165516576
59.9400488625
8.52879801618
11.2179303627
11.6689408847
2.92011262271
0.957632329259
7.17731318743
42.4127723155
1.76388682256
4.51933394574
17.8455514903
12.3289472965
14.9822284321
1.89501088304
46.5370649531
3.94035858937
35.1473850462
8.36252320724
3.05002642363
20.4004724457
22.5618509296
0.935649684432
6.21867269232
7.02928257739
9.77357806965
52.2246058615
35.2338590277
8.19714151401
1.45371890571
42.8686977005
41.5734094985
2.35073432805
0.868053171592
15.4263555536
10.1659916131
4.51735793361
50.7295786129
14.0533067317
8.03348374657
6.88946717609
0.988726418523
4.93699407409
6.16389101933
25.0736029291
3.88989733658
42.3110821564
6.64816548463
40.3376635558
19.6800789736
4.4258407653
