34.329908898
3.09714769973
1.91316050416
29.206208744
9.67274999818
46.460263299
2.44072885672
14.1234023641
8.14752414314
14.3280324499
0.550463470313
33.4977106201
0.79908079288
0.621949039347
15.6839275645
14.0057747709
34.4327376914
18.1455911169
7.08496475848
1.49786875796
13.8521828605
98.0628523846
17.5995371279
20.0308422588
13.8518450628
1.06675918258
14.752514751
33.7866365826
5.18967891895
28.1944134399
33.1555895853
4.15879680262
9.21858948111
6.19509977019
17.4414723719
9.86878620991
24.6634891557
9.22855804508
2.25926536067
35.8535791278
21.3111892409
37.7049893256
40.8449596308
3.19908588564
0.45236060112
31.0047517306
7.00324246452
8.59314767045
8.59184587095
6.95873260253
13.2690799703
35.6165829954
6.51780063811
43.4130783611
52.9391260587
17.3197280061
1.67660143198
6.17947535057
7.65259369753
22.2515931186
19.4129741073
10.559882203
28.0231688641
0.110870420819
14.6004175936
8.23714860328
14.649852781
3.05222207087
21.4833547771
47.1475085806
11.4760862407
3.07592858457
42.4299206585
5.78627455507
21.5132256134
42.0454344497
32.269422867
1.14036579115
17.2030603311
1.17672061613
28.1813903551
0.733863034928
6.76667227974
4.82579415261
1.6599925739
0.8141552153
7.82252792297
11.1824085068
54.3455949785
3.66765670144
23.6391556871
9.29231983241
2.19758288195
9.72590514505
5.46823932081
2.02188567778
19.363814163
25.5439094615
25.4860464484
31.1648778785
19.5038464593
0.625260337731
6.71684004797
1.46470919203
63.3839515521
15.1426214108
30.7861220328
1.90805456256
15.3900601581
7.85596100854
29.2059971575
39.2744751137
12.3673996424
3.13190038022
46.3185121859
0.657440740764
4.83956164912
5.10444586239
0.329556604293
9.01214194124
11.6598185856
7.03003185059
9.07196865634
3.97831550506
6.3706193207
20.9974341448
13.1641383338
10.4816366882
1.13234406538
2.14743502563
3.61030735978
36.4015459552
8.50407252342
7.81046388993
11.1207100039
4.430478134
24.6431870758
1.65019848637
17.6034454255
5.14301321291
19.2731473328
44.847054839
3.76054349886
21.1727408484
6.53657615805
0.605387876538
46.0140143082
3.01937716781
10.9916241571
16.4784718174
3.88981191237
5.0686534344
30.9794718372
44.7052855884
33.3930531611
4.55811792255
44.6938274324
29.9788969189
18.1493432826
13.7927075052
22.9641587077
10.6518024116
36.567930349
3.50569929884
9.02543725927
0.129334480682
4.2960140884
5.44703132651
14.032070395
6.71996617496
13.1099525575
0.560649884606
8.62079928526
22.8587805838
1.94303873709
5.0103184402
13.7927935574
9.01241368568
1.91458127369
30.5071157486
16.0219684637
2.59598629267
19.1328360892
26.5290632299
4.68472796094
5.61307270045
11.408017105
31.3965594318
29.231646176
26.9737541769
28.1703797915
4.28084336847
5.51932476611
32.943580786
7.09392124553
1.8344247496
29.7622073765
1.6226054076
121.043021334
43.1122952152
7.41691878563
6.48257741729
17.5790214675
27.8741574912
17.239749672
5.22792597595
20.3158855973
1.08122377639
17.0718688528
0.75504315136
17.1376348819
8.05831562972
2.89361264675
3.10648877214
28.4257657915
12.5155190007
0.0455261480827
4.40590769332
6.61648199478
4.89678850827
9.03209102581
11.6480266444
30.3322089121
11.7804325427
4.48995025491
23.2229041007
3.54877330843
19.9493116923
51.7390349327
51.3018011811
24.4720188695
15.5493540834
2.15821117159
3.04445995724
4.3101809207
23.2056300938
4.00237655474
16.1990102801
11.3895146496
13.8369382602
7.25708616874
38.4953601937
6.01500065057
10.0281178106
2.38249415188
6.85025236337
11.8194028746
8.73020741998
31.9935866426
2.22797386819
28.8760339693
3.19746201619
17.1001613163
78.0127242507
25.3755705446
8.63756139786
6.4166006503
14.6399899649
5.75955650752
5.56270010316
83.3622794406
4.74932660594
3.71959935919
41.4514986665
19.5192820573
5.88683351503
24.8254137685
40.0410082113
5.85822378188
16.6722304957
6.83936062
11.0372599204
57.156162084
34.3213453375
29.9995913347
11.669292818
25.96000637
11.5223412712
2.71222263798
1.37844889418
12.1338929066
14.0810293813
47.4831288924
25.9695085515
21.5148117998
17.8534032434
1.53740043191
29.0176503556
17.9054147652
2.24427669101
4.53675863208
8.7747456815
5.34052826502
9.14714271531
0.40482485017
10.9895090464
30.8507183443
20.8463276211
0.0328337562538
22.1480740592
