17.6730937638
2.00332009698
3.07642681588
12.7387209173
11.9139927777
14.1541739968
7.65373594877
5.79642063902
1.90809436415
25.3919720148
18.6906868043
17.333128363
15.1172633521
2.66420146256
19.3924653178
72.6863510595
0.397401171139
40.6720676834
6.31680063246
0.535021285337
19.2910845128
16.6163881662
21.8825653801
8.10328041522
16.0825004445
23.9787940824
11.0022955867
3.78075309589
6.00386515532
31.5626668355
17.1050978367
16.3125133085
14.8226434794
13.4951688571
66.0982179276
11.8131715092
1.8807431838
4.9979842748
2.27733253626
48.5395728889
13.0269382586
5.41209974481
1.24414660586
18.6981021949
26.6080445884
10.2030491853
2.6148044188
1.66571328712
4.29167115003
32.2500459481
6.14461781828
3.62822287506
10.6349216978
27.8705698316
8.80095458564
22.138248133
1.63227488603
10.3054040895
18.3716823402
29.0648652834
1.16458128288
4.25808263193
0.0912737680357
11.6146682681
10.5556442157
18.7350419598
1.66914743017
8.88515605158
11.2866087233
3.62340921127
42.5041925518
12.7782426746
17.6646614249
0.24301352626
0.390727751951
18.3736037084
5.8553627214
19.6732440697
11.141911628
11.007498617
11.8825837115
11.1308902907
1.78010541412
4.45710896726
6.1894087317
9.02334700976
11.8950474777
30.6723366735
11.6096513039
9.98348663227
0.341969907481
36.9860293142
4.890510513
23.4575739385
0.804879579481
5.56831756886
3.60828946414
10.4785541416
16.6147165349
23.6097819293
4.61180849275
58.3305219533
32.4092536256
2.21857022866
2.27283021442
7.59966034542
17.354449355
6.08324022991
4.6115924363
3.81328685837
8.90091535225
3.48159712917
4.52774809675
1.37838128218
7.7426640262
2.87398329627
25.2831676865
10.0993679817
11.9346647597
2.73456137292
5.6947729867
39.8568107827
17.2054068794
14.7215642846
4.15884439243
14.2238537822
3.44303994792
7.66672331619
6.58241921121
0.35918590308
10.1300824382
2.10171120051
2.79295663007
3.00938605328
1.92525265828
5.98645906069
58.7938869452
6.10287175204
0.143465481895
12.6249578593
4.36186956212
8.60378695144
17.9461891475
4.92696082663
15.498860408
51.9840331112
1.52909087598
10.7871225389
1.7560310944
7.87070649339
0.493298958762
1.01903731197
35.6955712455
30.9717998687
4.54664506033
19.1635524387
27.2949084122
19.754479598
11.250794562
14.019824388
7.63526432573
4.55503208918
2.34790338605
0.028184039321
66.9066272605
25.8037234806
11.1268246495
8.48013527784
43.7986254683
19.9974830043
23.8900491126
7.72317753147
35.2444173484
2.19619365771
18.4390541052
6.23891459567
27.3321573024
15.9824280842
5.65159585265
29.7593436529
68.4674666827
21.3609063168
33.6088117256
66.519739652
14.8183691756
24.0455892041
49.5957577817
20.5052535226
3.10536305857
10.6051842468
4.35514726135
23.2623141408
20.1863467988
30.7798374526
0.422482110239
12.7000095935
18.7305112128
36.0627751595
8.70492225924
24.9995184197
4.03681626032
2.29528898342
1.24863240992
4.80485246902
23.5811791537
12.3106558078
35.887168822
20.3620585468
15.3247294526
31.8472526008
27.3892588054
48.6163795421
3.34237165902
7.50326170588
18.8534897372
25.7171832665
5.73644950483
13.892483325
14.4316976086
26.7613972185
5.67207292112
3.87209894454
7.97949749882
6.23435594433
12.6063410764
1.51441858894
1.90655093142
4.36677557098
4.78994094608
13.2046399214
11.7527969653
10.7955740905
7.38892615495
49.4773122423
0.630383621751
65.3490989669
10.8711633326
13.2034387339
1.05594193434
2.33794179313
49.5850654232
3.45754971004
11.232523764
1.77008376642
9.25969811521
4.76419320652
1.22167051451
11.0859513289
10.0265563529
2.9855363295
2.35062697508
0.453636075184
27.2953031834
22.2104787587
41.4335842267
16.1614149135
3.18021739693
1.57652568444
1.7910356976
7.80953970579
19.8978319409
1.33247988276
27.2179032237
6.57967833169
8.37867252497
9.03418247414
96.088973885
17.7167509731
28.6368992407
32.960333256
3.00999393987
5.69055581273
21.4965335875
2.79526173643
0.194072416033
6.2353557608
12.2301390361
13.0763812547
8.69882121561
15.1264166039
17.0707715263
2.27373202668
27.7418191792
0.99151212189
15.8850710431
27.449336588
9.5765584546
21.7021553755
3.88761239973
25.1397774208
32.340735538
35.789847643
48.7774732313
10.6501575796
2.28869044312
9.18284789117
34.1757815883
6.70252255457
8.92237177475
12.2687710791
