3.477447752
23.4086649801
6.91011281313
1.45641921814
11.2991642703
0.29821350821
3.61750236503
35.7646530585
0.700556786349
0.450594469076
34.7093652925
21.236310988
23.7094785248
33.6126754638
4.46737605136
8.18144255719
12.4537950353
9.09642526228
47.2229530528
4.98137450409
2.93519966117
8.74328785334
25.1882792048
0.805251449548
3.70949044869
28.4992332874
19.4584714546
3.57286224786
17.3720598288
23.3816707814
69.2950748527
0.356800813266
33.2804767845
21.1218545307
9.97313859381
16.4481479566
5.93650495264
5.38312223525
23.881301465
18.7195910785
22.2155633501
21.4034456453
8.62061983917
27.3434999452
21.0951376255
18.2636094641
1.43958711462
7.83872790907
58.5791154413
25.7373184377
1.0478234985
0.352207083268
21.386171614
31.1163215739
10.2440239853
13.0723844915
5.17952698584
2.70253152713
10.9558798187
19.7253096241
3.16614804024
9.40607534925
20.2784586362
2.46316033152
9.33723510419
9.53440691972
32.4205070729
9.28791187909
0.169707739667
2.71524111723
3.22691069019
0.609897291057
63.4924123331
4.94428370122
4.15217159034
19.9068697262
2.59087744557
6.17391174967
3.3318304381
13.3313138454
3.3578681096
1.71880089739
2.52490420968
8.82547041911
8.56174910797
11.8222089663
0.00276519688875
6.09291864655
0.0616296412241
2.51478314809
9.45453622406
13.742213025
0.479933634562
33.2210312581
9.19783886876
29.8359667492
30.9377454846
5.23293598514
0.310056348197
11.4586160782
9.78317488374
7.68039733458
50.9386946695
32.4441476072
32.5994746009
25.2828719395
9.80656735716
6.36803996902
37.7402018859
67.1587241698
5.15554537845
25.2273660879
5.70150077663
4.69938495938
46.5196430461
7.87121476356
26.3357409399
23.5507949305
8.40742105319
8.79904130684
0.251895499673
20.8771035236
10.4377549948
10.7783406342
91.2869619615
2.98054824322
21.0262335864
2.81784152086
0.107742387279
5.94535494232
11.3852710873
7.8378781942
5.16517540352
6.5438203108
44.7561834634
2.07125776879
2.21334611008
7.55160217243
3.88182943582
6.73112684508
8.89357860817
31.5344199371
6.37259138155
6.53490284086
13.7727482421
10.2964846303
3.27187347068
14.4252613567
1.1871858174
0.107745575837
0.838978691413
21.5370246634
26.5113976028
33.6447395924
4.36275248842
0.928512278749
2.38796697014
3.09087413724
6.47332770754
27.8326482712
35.4465724084
8.01262351945
8.91126715715
10.349176975
11.329581873
4.88238134202
20.367534246
16.1831136083
2.58528550565
7.25779161458
6.02922535887
13.624114492
0.894729652112
10.2959186646
4.23200191855
5.34496920267
3.11194373104
46.5942689216
9.16359367956
2.11694013202
19.8406692189
22.92423693
0.896827201078
13.6607475442
52.4573279503
0.706900413942
3.75314178273
63.0297977643
0.959115015119
7.70235631353
9.42176408801
65.2338760273
5.27394542839
18.6135893652
21.4151794549
37.2886620469
26.1165233416
9.88695634268
76.4314866807
56.9829451763
10.477945707
66.292994707
10.1801087707
8.81267458656
13.9136752867
4.61894263069
100.011130504
1.96271881653
30.6857633602
3.63286776864
4.18250082632
1.76550192037
0.811552439186
8.9204239744
12.4893045465
6.11966074801
3.00387741817
0.724930671812
7.46883855379
11.9825428854
29.6351578645
28.1180165751
7.45658549162
13.5358140567
6.11087755242
4.84265458787
17.1500776184
2.49187557866
23.8100139972
25.8517019348
3.12286782964
4.47842124564
11.387870683
42.1121258347
11.2958295341
35.5305380005
4.6796302568
12.6933218983
13.5198195411
2.87649311881
89.5447344156
10.1344406601
11.6551597646
3.03248033454
17.3957234479
9.32697161609
3.13235385632
2.83000398892
14.9572484865
4.42699172341
6.32058467507
61.3569458267
4.56423288643
70.3839467501
26.107769508
3.69166219859
1.17205031217
2.68822235411
2.54684490128
22.6805822623
16.5257412068
11.3758746129
3.8506744256
17.8489544856
17.4133517827
0.248461375401
10.0533073395
21.0952697639
38.9249233501
20.5479146348
28.2001174249
6.88599612536
34.4977986797
1.96874780609
12.8088694406
7.56742733615
1.94806652352
26.7993247684
26.9017439519
13.3219707566
0.30765541204
1.54042849637
25.1346943754
11.810756228
48.6628731087
17.098053872
17.5679411907
18.7576690613
10.9827285019
6.96940291903
0.695719401541
10.6721894504
71.7254061204
13.92366838
9.92100860238
30.68869255
12.7914119344
7.4620284295
12.4474739129
1.268552461
