8.87936989534
6.36664996397
54.6417505808
11.4458442263
34.9796372859
18.0173979383
49.2100205889
30.4971078408
1.0293766178
48.9121871132
3.42031465767
35.5341259441
0.744895763591
55.0128162992
12.57509256
0.888906634842
3.14109095508
10.7890267598
2.38512542125
7.34143611539
14.3237761132
2.27302224205
27.117200357
15.276206997
12.5747700614
2.79865499545
30.6772813545
1.07599741923
10.436396166
20.0802118479
5.25653355516
9.68411283219
10.0620593021
1.92728695825
47.4442668361
28.2866612564
17.2271910521
4.66402896599
0.697406780686
5.64087640438
8.69187647099
0.303527128156
5.71438285087
5.97673507918
7.76443215772
25.9912476902
62.0733942639
5.25443712466
16.5578513836
16.7701755367
22.8266694883
16.2031115485
16.3959067528
17.9090775406
22.1590807942
56.5572531922
0.482922049142
1.06635136619
35.4861445544
0.0845611797623
3.68831608585
21.4045699799
5.48084068397
27.4272746496
6.72972115128
13.7450421709
2.20087597588
22.2125521342
3.06443547776
3.37498180248
4.42054387318
25.9328722127
12.0631639268
1.98992441547
19.3556923294
2.28268588187
19.8553735173
4.24437053409
16.457706089
10.1181154905
9.5162959166
1.09237741205
1.66234045664
7.45835011801
32.6927573246
41.8719462678
3.31990914872
2.45213482604
1.31945952454
37.7615491275
23.2139152588
2.02808160834
1.34427183378
8.60044951835
26.1859669755
20.3624761473
24.7483684193
0.428544525861
11.2917094732
7.69851533728
20.8759230876
11.3474940229
3.20775036703
14.5702344103
5.96112340283
22.1883838076
3.37773058542
15.8802663668
27.6337635053
2.40428988203
0.0700691296315
7.5202033773
34.484649484
24.3672752072
21.5076503062
25.7290000727
23.1991936154
7.97749224383
4.16328096175
48.5792171789
24.5268205558
3.54049022054
2.00540826539
5.65161909244
2.36182724224
26.5175149774
10.9917171518
10.0031744576
4.01018926797
1.10153952693
3.24458898756
6.34189960094
2.8625315745
11.5568228835
12.515457871
8.6053455679
4.3867319909
12.0243514319
1.90414901833
15.3630463224
1.31102162944
6.25704689457
0.339974325104
3.15150377878
24.508193616
15.0009289131
9.54025970466
9.95743172537
26.6633097427
20.966398993
7.88931702189
10.1562097277
13.2193254839
3.42545226775
3.54269061103
10.9420789125
16.947443661
35.0815778179
37.9620494605
18.6790070138
54.5375631487
9.77234591195
51.4140576752
6.43115718437
20.5071330047
0.0987672422468
1.55820489539
28.0839414271
2.04219343709
13.4106535372
14.9637881042
31.6827008634
20.755991196
2.08239211241
2.69041170808
1.9718464649
31.8000889997
14.2978041231
10.1566424032
7.55818963563
2.52347636734
19.2959580291
7.42821661322
10.0170115677
14.3159229946
0.641749155128
4.40552882302
13.8272982902
20.5772781619
23.3200444174
7.616710646
16.678883537
7.61170011597
12.9797898628
1.93274656072
8.1101445038
1.80299277807
12.941262767
0.129079233666
0.99392807551
2.23503795373
1.86458187244
1.64404065737
18.905780476
3.19728638335
9.60460098661
27.87394105
2.1444190885
16.9846055845
2.97058823784
15.6663396517
11.3174875993
13.1336362021
7.06981500789
2.75156922781
16.0860176991
5.04077691155
3.56543709709
7.80835556064
12.91085344
11.2396179885
4.78598298218
21.954802123
1.81572407217
34.1992212213
0.644028326119
8.24423201599
27.1822397574
34.0060703041
52.5256975194
7.92300112099
24.3008639276
28.5652139809
14.6900191113
4.10766008639
36.6469561651
31.8795887737
29.9244838586
26.8710688966
26.2217674772
1.307856633
34.1306467418
11.7078616106
46.6461663698
9.29775164895
2.19766330227
7.86228316853
6.33307868625
8.30919922704
7.79037936987
3.77178670252
14.4761167332
34.6450336052
34.7917289585
23.1749773108
47.4358945876
1.85262252221
2.47760216927
0.0964243442619
0.547617885774
1.87368829586
23.7497419298
6.49818231129
3.63879838625
4.45430464382
7.52976518265
1.01771898758
0.840775617814
58.1633631219
8.63612509694
3.31370952499
18.1412472267
3.58000597999
2.02229662456
22.2060063125
3.99829392987
2.84766712692
4.3902456351
2.54236007736
13.030194456
56.5102161322
13.5396878615
7.12702010313
16.9939460509
76.157589268
58.3826133021
21.8180542899
21.6932145176
17.8982493363
13.0010525208
6.9273599491
23.2964856924
1.5850172077
1.38778979877
8.94731484796
16.9864917368
3.90349411819
12.0369667436
2.55667873212
14.6370264373
