3.45617611594
5.94536074494
29.5889349702
4.71158490089
4.18930082174
0.672358162907
21.7132386859
20.1846191079
53.3825803906
18.5704474613
30.4983121904
15.6659025378
9.82227978948
28.2884922646
22.3653470892
0.269444768978
20.3460330513
17.3703561289
36.9720935153
29.0895489666
1.80912005222
2.1308793826
13.4861884359
4.32100307842
5.93476104358
27.8187575135
3.16869084785
11.2091465208
3.8641430292
18.8534453587
0.0219903107593
4.37551201725
7.38997982456
24.4603993969
15.8280615156
11.9566760325
24.0464361536
6.98963620375
10.9231635266
0.52773547861
0.115646550823
7.36440146222
0.884615718034
13.0069850787
32.569331242
10.4878661555
16.1529097112
1.71804029983
13.7997062501
4.9044056804
11.7636763239
6.6859039108
0.724656123896
20.9040566407
11.0727617992
9.71854071461
6.33457946287
9.95819647671
22.4935704601
7.19688864526
13.5323323486
18.5560047305
8.22850784232
16.8150509199
5.34535608124
3.15937188738
6.2255941358
8.8195638921
2.47542836262
12.5225907087
0.873058205448
1.79307886045
25.5872255043
31.7783152885
6.053917393
4.12549513062
2.09699045381
3.83795657234
53.0863669259
20.6457981282
28.3443694109
3.74503580809
12.8873796345
11.2391793014
17.1662581415
10.9617512643
2.0477098541
15.3807915508
5.54381665126
5.3803218676
12.6047360932
0.73626889515
41.2411152422
7.47977969297
26.5370254861
31.0033877303
20.4672998966
42.6554436238
20.2684813186
17.6088000812
4.2970187472
4.54135823236
19.619959673
4.65711098822
6.78354943554
1.16670127013
9.47098890182
30.273662313
8.43207187435
1.24626754455
28.478806929
4.01149051588
2.38268605733
44.4045402094
19.7327793815
3.47424933767
19.7777107472
0.398362973673
13.0200115132
21.1836499613
0.701711720584
14.9147879126
13.8625301848
6.8476461737
14.5371687429
5.54508879918
3.14143025756
2.08868668499
1.4347597991
2.67309383074
6.46633647124
8.62522915095
15.8273350309
28.87973425
14.3491622114
5.95911711427
13.6914171138
32.5852093391
8.3545853413
8.32961672035
0.612134215891
37.0370562079
1.61537892682
11.5991872975
1.01981063262
19.8745909445
1.46055632786
1.07722532275
19.2495420851
3.57139450687
13.9521707034
7.21146604432
35.7600238122
2.75330081806
2.96268311682
1.20214059948
19.2816066486
15.8417181913
1.22406874994
8.3893980349
9.39393081939
6.63794121392
12.5366684625
6.90599413379
3.8416259732
52.5991560971
44.6269146855
2.40884991541
71.6790989897
12.3315887987
19.5759568465
7.35166274952
16.0256190658
14.6012614495
5.02788115291
36.2860297816
1.4861944949
6.03845163227
17.6159595756
46.582391513
18.7879167797
23.6393366889
5.73347172029
19.74032946
20.3745863966
26.6760518987
22.9757120736
10.1537128609
27.9659062799
20.7051341359
10.789402715
12.8261776591
9.44862070606
11.868946749
17.8619917917
15.0581473845
2.37763339617
25.9708466071
28.3899015986
0.102801098857
29.7092542713
27.6599394891
30.1970011949
0.824126502854
10.0559264786
7.17924835546
31.8354861605
17.1356794675
18.4796170846
45.2895013154
3.25733367316
2.93686016961
10.2496434835
2.26335226375
18.629401261
9.10320279483
5.67363891918
3.51244026648
11.3708159869
43.4039638353
19.8657472313
25.9662580136
9.66646692657
21.6674403863
5.40730267049
4.05055677488
19.6451629299
5.29269433327
15.7326242976
3.24264691512
1.54227150959
10.0539098021
4.20797307093
8.74989959558
54.5792351606
69.4431168135
36.6493588283
6.5539414973
4.37306234
17.9726548904
9.76883438296
14.2800834106
8.96163585285
11.1832362246
24.0220520211
41.6351573578
9.45317550025
7.99233678525
11.9901112867
15.0027782658
2.72395531642
18.2823089249
5.34084268825
25.6763721731
13.3379149475
24.3294813009
3.73405688989
7.63321015956
8.54976611937
72.9442781879
22.1054884015
14.9328995978
9.67998967407
7.88898122322
22.8756929491
12.7730780374
34.8516771946
7.60217453291
24.1832673964
17.0471259156
2.5144070402
17.5917218262
33.1762019926
7.7632929993
23.6955511366
13.2456869093
25.1142174733
26.3161730155
28.5340661928
0.256095393766
13.3182093274
70.2640072505
1.06766032212
4.69945198698
19.0618127365
28.6521664343
5.52768920876
2.14402850003
4.82174127074
18.5311092675
4.52564860361
3.88065313076
57.0230613271
11.3354114848
12.6376319163
0.630848230972
15.0671038394
2.82275127843
25.6562277867
12.9302855348
