63.0831295079
3.28548429532
36.8410492391
23.8130189829
1.79497183757
11.2774034603
12.8940317008
3.22549524337
24.987090727
37.9683002751
1.83583095208
6.75050031352
3.76011865827
36.0431472564
6.35648216098
24.8994206114
30.8700233109
14.0596271502
5.69348044373
33.6003329055
44.7213501372
25.4323949651
0.234945448244
9.20025951891
8.95965903522
9.09844856341
2.20409946431
24.4517701589
18.6498261409
4.56002595578
2.70741357261
17.7877227601
17.6739767195
75.6381763582
14.2119252332
3.17359462225
0.294753868783
7.4743363818
14.3554714391
12.5642360618
16.4046677479
8.088865765
31.0507310683
0.307126700373
5.86888815002
0.352203335667
52.734729761
36.4324154458
1.02773780277
21.8007773494
3.54208893069
11.9916770791
30.5877301048
10.9486217206
18.1433208657
10.6019369973
9.63014383035
0.253604785678
0.730626994479
6.72034446202
1.89970742045
7.58178868814
11.4032533856
20.0802947235
3.32482052034
6.32261373763
0.529600349734
15.9041332672
9.05173783583
11.8377423634
12.1911758621
28.2846838072
13.6207363603
13.1967569102
15.7909345835
4.25943780417
53.8786738901
14.6535198028
3.56559941684
19.5074154955
3.1862629498
15.1274446768
17.8804550469
3.61699809886
16.1175267618
1.81693613623
14.7810136828
38.4619257767
19.9819892629
9.70060624461
19.1634676624
10.4842954579
0.86816579198
2.83143973039
11.6670160468
0.635596517284
24.6207148791
1.29765389782
39.1390535435
39.2690926668
0.783225291135
6.92707956155
53.2029805764
18.2713165772
52.0030926184
17.7290720231
3.19641257608
3.47591698011
4.92553503199
1.89740030473
0.460747488908
42.1846684562
16.3068453005
8.3403979702
1.821862894
27.543422414
48.6133445359
9.12580252911
19.6830128123
10.5609592943
16.3497966383
14.867176777
8.72079250436
4.50287820641
5.83229336137
39.734179399
10.5899096072
7.61062216819
4.96181130286
0.917020631097
27.1850761522
11.1119509327
12.0914564197
17.2523920402
1.485582419
32.9538720813
13.8715692165
4.54240793696
21.2748848777
10.017115842
0.418003126481
41.2745959987
59.4995494584
16.1416401506
4.00332106896
0.844704064732
14.2875022211
4.53908518783
10.6266005351
7.38113415743
17.1669568264
71.6441902511
18.7362403293
7.30810305194
4.48987289005
3.81366100417
20.66508953
25.0414959007
38.2894222923
2.58601362873
31.2001332696
18.8772722407
41.8797712176
69.7416498264
1.98659525942
0.321004930572
4.73644451038
11.8877924016
12.7087377108
0.791908122716
1.99734541012
15.1048670854
43.2648826842
3.02933227671
17.5204279158
20.1359665832
36.6233962017
1.28222498835
38.1528836071
0.844931735239
14.0448209364
3.51976005246
33.7871442012
3.20410733277
32.2493881845
6.40595573564
8.47839945403
5.75390021117
12.6130427344
8.51888018947
1.4780793335
85.6696809447
32.6435814861
20.5940352693
3.259598177
17.4145369908
69.2528045333
4.48022244286
39.6296260558
44.6654643088
13.4503353992
12.6438717909
51.9994087531
41.2860800669
10.2449413639
35.443592739
16.3909059167
9.10927279166
59.5128024967
3.66361973163
4.67363627727
16.4173905675
9.12988102347
3.89727368416
15.2675864704
4.10689643693
7.86042420227
3.15227272413
62.3142373323
38.8448305656
3.28397810602
2.73690780423
14.7307951009
7.52394570316
11.3595098042
46.6614782829
17.352524586
1.88707639163
23.6621637855
39.5448992785
4.44111889523
5.95174891897
4.60726339732
6.82228018691
2.2147481676
9.32660788015
3.05972861086
4.14592195605
1.88780014977
19.4336242927
3.70897358676
14.2450922627
30.8851867925
1.33735597144
1.79980474172
8.79730512676
5.11701903267
11.3355874767
28.264083474
10.305838607
8.1849431885
35.9512190576
19.4299825477
3.69869351675
9.94914605472
23.7901779735
6.91187970041
7.37546109907
39.8958732771
29.2593664451
12.978664714
14.5724099451
40.6699936327
18.7781363538
19.8508254663
3.20854406492
12.6518982745
3.23889877977
27.4118284941
6.81894398193
25.0433241983
12.8857329101
7.48712095378
2.36636677272
6.05509664067
2.42401966086
3.31501391263
17.597048748
5.97335802887
16.1002074941
8.13664014929
10.3938098411
16.708587511
24.6604220494
9.13771405902
18.5646573673
5.3227502477
19.376336569
22.6370826809
7.08429353359
6.28069138761
56.066591412
1.37643246624
8.92596365851
1.31124471393
40.101149358
2.39021030655
18.4273924512
16.0285357165
14.5271532447
