3.40803132383
7.22787929404
42.8843072279
2.65268838774
2.09665703461
20.8964437185
26.7552759991
3.6167606847
9.31469372206
5.88684843151
2.30842785885
8.89949631804
6.44469851636
35.7411497765
28.7075952711
12.4003760606
16.124552589
12.9137723918
11.7983504936
5.30500289049
2.74006830729
4.82736779668
1.9809042183
1.57255922096
23.7973932621
20.1497607488
6.87973524827
20.317545513
0.967339182733
7.74996438551
9.11469820528
21.535091833
22.5423143677
10.3338198193
9.57486715376
5.79705045988
30.9588449383
52.3782381576
11.6628479886
22.690563862
0.0208627478979
11.6127272178
4.08109528808
16.8266981859
4.11069516274
14.1777399522
1.32518856684
0.125675037047
5.07729767782
10.7669434894
33.3759183446
5.59648739737
0.0580508003023
11.055179754
2.51410171769
3.97444090521
9.05347943782
11.0470476599
4.02931558286
21.4379191753
9.42768084086
10.3948996353
8.81338033353
11.5194517666
47.1920320433
4.06704198727
2.31654929174
10.0268245363
0.76803754479
5.51880625878
28.7516363071
3.3365444191
7.85364267606
4.62034903531
3.23774733334
9.13297037075
16.5241337827
16.5194512897
48.7019456561
0.783226577467
21.4089127723
48.2016116158
16.6720670156
20.5442780998
4.19962198259
48.6705036274
1.01571179277
1.13277749295
0.328881200348
6.60497169846
39.8761713941
7.48373880928
27.2545745155
13.237331384
7.0654778748
11.491238565
2.98012792458
11.9986352873
5.92833425093
9.001710095
34.2176244839
10.3945930444
12.7212722152
16.3930963885
3.18721663126
49.3316452725
19.9730828095
47.2346069457
23.287925503
4.32008959444
27.4164897565
49.4945270798
1.51842046497
21.7123828165
29.3609673657
7.20487038212
3.76637493728
36.3172505899
3.30381837962
2.70085165529
3.65373620663
20.6543643872
32.7500016656
3.39595303663
12.4754908199
6.10871629966
8.66837898224
9.60191067005
9.99896092954
48.1240906233
8.79828735394
22.1718777823
14.9865995211
11.6933491649
15.2951858058
16.0459179564
10.6118190997
1.41306838573
3.51462008403
58.3534014002
2.54372562534
1.10068198863
33.7796627523
2.16680593422
14.9171370336
3.68294249403
11.8351638259
11.7209001768
37.5633610493
35.7796468983
0.664271395642
9.55934156905
8.90841487542
9.79545965126
13.0220707938
7.51771798511
74.1241634149
48.512244848
22.153251807
32.7037438587
5.92401040546
3.82210443495
3.32686359755
11.5819458771
21.6943523631
26.6888242757
8.53593020819
1.69057119924
5.30856743898
7.70677001554
20.465886211
22.1441307522
1.0831395526
8.40669554516
8.27667347663
5.63022971047
1.74449932002
8.34290216961
7.9200072206
20.6806783335
34.6363847856
30.4164562456
17.3190773858
37.0215093852
26.061865829
26.8277781121
7.19117633296
12.6517641326
0.84516651868
17.3031330049
53.1882221413
5.54058568725
23.6889728141
6.6741745546
24.1226017952
14.5182504602
11.1603694582
20.798074145
17.0359178536
25.981674547
5.48117107636
13.4976151219
19.2306491187
27.4739115845
2.6329711473
1.61242242057
2.40590067792
23.12640289
17.4468668716
0.0342253898523
21.5901643451
0.461896074438
14.8599393107
23.2723279239
21.6703833033
16.4272004623
4.28365217319
7.69578941379
14.2363704931
0.224691537478
10.2383198286
6.41296972419
1.94163415195
6.68714484001
5.27259925737
0.571999871202
18.0612901199
8.38679018182
13.8240121466
27.0865864167
15.7981550339
35.4737489426
5.39536121605
15.2153558846
7.46674944677
6.91634368986
29.4809565357
0.974609519524
11.9506741541
13.6563688353
9.08204464668
12.9625202524
18.0948396579
9.80626676196
7.27603039112
8.28659290804
15.4191436204
6.62295762858
2.93190732803
29.6949291895
3.40370530246
34.1603316174
51.7412299981
7.61120958573
4.02547946022
17.7486669789
6.82977601317
8.50463148331
16.8138954539
1.6600884397
16.1753825171
5.18287598181
1.76885846138
19.9160074023
2.15100576165
6.90327447135
3.49038811858
9.23633176942
15.7407107387
7.4060911196
12.3510392779
11.7561215781
9.15316997675
13.2182365414
10.0336606287
7.48879244322
15.7038553635
9.97605407934
8.66381762796
37.3976016714
0.741511750904
3.1524886048
10.6242065721
3.18615051774
6.61162588953
12.184923261
3.72592632207
0.79781847395
2.9019338663
16.135034592
3.20471512817
8.18268345076
37.3970036277
1.70727610728
12.5547207346
4.04978870496
14.8171328322
2.53973082053
16.7727609727
15.8142310428
