28.5323717188
1.64706195959
0.269566958432
18.202071588
1.52054267541
13.0548227671
4.953023029
32.4971170366
32.7152797788
3.00706741544
6.79641787208
1.0399440335
2.06914658547
3.69992275682
27.3905882912
14.0321761646
10.9175809764
22.501653864
1.48566958015
2.03720807523
10.7327299036
28.5146956381
7.48939472262
31.2790806917
41.329666673
13.6246248174
5.31158705412
25.3059521861
9.5464943258
9.3340679018
5.94425785068
0.605121340549
22.884834877
24.0232349907
5.737935316
10.3235668633
0.123052863635
0.950809118703
0.464612349095
9.16696945318
40.7562896318
9.69960690694
0.863853433716
1.635106302
1.89331887881
6.21905760409
11.8074186808
12.3686239669
4.09578426336
72.6850592862
6.75400763744
5.11001982029
15.3730418253
3.49477978517
45.7158660614
2.11870597495
19.663743724
7.90284876005
20.8852397928
40.2669008156
14.1737133962
9.91446426446
61.7342764776
1.65654783609
8.2727049666
15.2369281146
38.9398504374
26.7281791217
33.784428604
1.74083069737
9.21779598017
8.54320716258
0.897434484206
13.2371787513
36.6488913748
8.05103004255
6.73016126048
79.1878088793
1.51842433445
59.3605901749
2.47242106953
16.2957265029
16.1495924032
7.88461880679
38.4806716908
8.0393453583
6.17657600117
9.21194913919
11.3603525357
0.796070159902
0.950971490993
6.76827758078
5.03340058686
5.52902874589
0.676115624267
10.9719197845
10.2940221084
56.6492396508
42.7940117725
3.36253824778
7.88672462213
39.1058397737
41.1686830933
1.84489086906
4.47615259262
42.313384696
11.7934660549
4.37652191036
29.5145423685
21.8441217378
11.5152739486
0.638465485727
14.9276776907
1.97974551587
12.9173922956
3.0634339252
3.61325584544
25.8244530828
6.55223032197
6.83770925828
20.2600447492
1.02096713471
12.3652456528
8.78545433945
5.46882209162
7.4567979253
4.6975280238
4.97128620137
20.3206176285
21.6971519913
40.4723083819
44.1930764501
0.134558333517
9.37577324145
26.645853086
5.09872026282
11.2039099872
4.86581734939
0.5616046092
8.25107824202
19.3145565281
20.2812065761
26.9886666736
30.6016408442
27.0139870946
13.8048643829
15.2737194829
6.79268293888
24.6644957786
30.8780120672
12.3401939565
10.4518815199
13.4895177327
39.8415453232
0.707829274927
0.783937225526
12.7297066287
13.1109123719
12.0440807151
24.1632236762
13.9140788412
2.34671849893
6.65469761768
4.7166177232
18.5601932213
0.698835779532
16.050305272
4.08656640738
20.8398122039
7.67337140927
32.2088240297
3.97656312451
8.22167835616
20.7064097105
64.1835932131
5.01616145465
25.2628663387
44.2585630148
26.5083507442
7.90434204165
1.90294208393
1.73667293813
14.6268196809
5.58753944579
29.1450057577
10.8835075373
29.1292771996
5.80976158277
11.8190124756
15.9702791451
9.82412686073
13.8702058111
28.6451332663
38.1391455262
5.92278001256
9.39429980339
15.8946254767
7.54772069392
24.7996542944
1.70470603732
1.75967380111
13.2663855744
2.62759441588
4.38531133195
0.51463885898
24.2179539981
26.5831186499
7.30420921941
6.20060547189
16.2549420158
11.5022353006
16.9478902175
11.7479923789
1.43798581804
4.64352334031
7.11493766914
21.1041880408
7.7633574735
12.6529347657
9.60988682339
4.50931802725
14.3661955259
5.26894716317
10.6915999499
18.5585901757
14.1987966307
10.6854515102
0.159579628348
4.30419454099
2.76793075494
14.5509942694
7.75958518902
2.17892428309
7.72140166878
2.88483255996
4.78008704345
34.0454929588
20.015987331
3.13627093093
7.69949414699
14.7424812242
47.5356443851
0.570711400395
2.90439658339
9.17047129759
4.6501739952
32.4573993302
4.84438600532
15.0204201305
28.3032700541
18.1775569897
64.9678367458
7.73033919073
5.58419452811
13.5795707256
38.0694320191
19.9894088558
19.1527279386
6.56564182067
37.5922279378
9.33058288839
0.313162027417
0.163699536063
40.1539172342
27.3236403835
10.0150452177
39.9260953481
6.03618156739
13.7927051339
12.8605854627
7.05505625996
2.26998510613
20.7902475965
13.3869969891
15.8494256631
0.715531111607
2.48108917059
1.10782552891
19.8024876513
0.0275704117929
0.0967006718564
16.558019244
1.33236613316
0.2530686822
8.58943482559
1.53318382536
90.3589021094
19.2990884237
3.56864520387
6.51811646103
24.6465830882
25.6598453232
5.66089945133
10.6442645867
6.22127569877
5.02726481098
0.866160785775
16.7954855303
21.6972388054
30.5843035457
