48.7657714199
2.64317578547
2.48303097894
0.0947339491391
16.1209575552
8.94170702759
12.8177179406
12.9094049833
6.22718875764
10.6887310464
52.3458102367
10.5502902431
32.7793846929
3.33739834821
14.2534402659
4.85467357477
12.5161046644
24.9455210946
18.5100868677
0.290157396369
2.66477870099
3.90636298997
0.596090850111
2.41993589682
2.04057334806
10.3547990542
56.0528032912
4.19879151429
1.30329673784
27.715070451
31.9149809387
17.0684295532
6.4139808093
27.1249011866
3.58853851176
15.0909264836
40.9888100514
39.3987534723
9.1874981736
49.5895727212
4.31660001811
10.6831164187
9.02638953411
0.0740404848883
4.70826175693
10.7551235945
26.1328823484
42.0569329794
3.23183866134
13.7699889376
22.8478917765
26.2159421205
15.5176463237
15.6252451551
20.5726284778
9.1826514329
2.88694406329
11.5956509169
17.7065690754
77.5800298006
20.416096046
10.9315211499
6.5304090924
26.9803268414
22.7400755879
2.08477734257
8.74237165147
8.47767520184
0.104751740218
34.9398031452
3.56058697328
21.0873445428
6.81778164595
10.6776305362
25.6480222334
6.50860299044
20.2258721576
18.9675071675
41.0762883782
13.8812606346
0.310497731886
1.89729341838
17.8466822626
20.4056763864
17.2966188596
0.575962926647
1.53886530666
15.9360348402
15.3133788477
9.05107752768
3.78839477779
13.2674474472
4.47819642842
25.2581018055
8.66116478231
9.43399838565
0.0773927868115
5.04180886549
11.6287666042
22.3910255301
1.46040695517
5.84984364327
23.6837925731
38.9044601846
7.54319412247
8.15415178612
20.7342412473
46.3085084454
1.00294413301
30.486211608
6.11016768061
13.5325541747
10.1499103732
4.67410867874
2.24607636694
25.5214665405
21.3889406784
0.658467502765
2.56833137286
12.4323485865
41.0204187908
12.9901359669
1.94178584906
2.57450136867
2.5070233347
15.3583248124
38.142743151
26.1783085842
7.85529358666
3.20631858692
3.60247607916
17.6555397498
24.0286089324
28.9626804749
5.83481639762
4.50199580492
1.86552234881
11.1210432442
25.4192811713
3.78561626842
5.78796202515
36.9369928953
19.6309097646
19.620881408
28.8767067548
6.36592332048
0.870631799368
8.36105920758
17.5630631733
6.18803009802
4.7470873085
26.6251223588
14.7261498532
13.0112142902
11.6639801927
5.1661950299
15.2265874563
20.6186963032
37.7008727934
7.13484573206
12.6136112073
59.1462980382
10.7143752904
6.99565576828
13.2858379376
17.7087801837
4.19780536648
42.3895523867
39.0046204861
3.59179435468
35.6768912703
27.9083238987
25.0815461752
4.0108080579
27.929069615
22.7156582722
5.41074786984
3.07080095456
4.86495158153
0.695321027737
28.8145829034
21.6111606371
32.3038824782
5.776599296
1.43479972133
4.3212301495
11.3396293341
40.7524503258
16.8688678483
39.0035173677
38.0581401614
13.3519990396
4.43606451363
9.33819975801
6.38394333489
3.53987041593
7.20653084402
0.798417732574
15.1551818478
0.264881435126
22.220701771
13.8193495833
10.5574182761
1.14220515393
1.80619677589
80.9984142996
5.50173150909
33.0009749259
17.1501512051
21.0549568168
6.47587092459
0.218501488137
28.9710169779
22.0992044514
44.3852893971
5.88256330957
7.68611617644
13.7183832616
27.2710310301
3.40013729202
15.4366050464
2.89282524802
5.55268492375
33.7544337532
21.1719948558
12.5115995416
3.65183813765
0.222088036524
3.83908617552
20.3076668967
11.64539024
21.4459540251
12.2653428451
13.3533445076
52.0136077125
16.7623248936
8.6583114729
41.5062046189
14.4479543875
33.18694827
46.1650687043
6.84148055076
13.5775458001
39.6622208588
1.51381574281
10.2960669098
91.9920205014
18.6354115437
2.13897735139
33.0720785226
42.3437994394
2.52928364779
25.9257318673
14.8003053688
25.6490441752
3.02681395564
10.0533923485
19.304923537
24.787766505
17.5536433849
26.4440769008
14.8355835951
5.86596438174
6.93491636209
32.6044536587
40.8991130634
40.9519238784
19.0661983736
32.8864118126
13.0014784257
0.973632472425
18.821571521
0.126665740685
2.68275314941
22.6790750567
2.56625968839
60.3318111057
1.85515615985
17.5145597299
13.0929892914
18.8342411765
9.65010583674
2.9998276773
4.77415517433
24.7622962138
9.08663916545
9.65641718743
3.60079212526
21.4926730285
1.56150527807
38.7071780576
65.9586251487
16.2562670384
25.7195349157
4.28912574428
20.4287533334
15.4342170979
24.9079552524
7.69234418378
9.28041711796
