6.55868291381
0.659078607769
5.78462874844
3.4164765377
8.36401650464
0.477116904265
1.59336056672
25.6227729085
32.5096066301
2.66731967037
20.1785957864
16.0826302714
9.73106902613
14.6435031866
33.5841528272
26.7117962488
0.391095244082
7.65153388382
7.0410697776
2.41211442863
0.680945723934
1.45098075621
9.36511455938
9.52108533175
3.37891433288
12.0425849337
3.17014768756
20.4972641046
6.86809258792
1.31744480651
0.98484414764
5.58632680627
34.3058435963
11.4230880087
4.73691739824
10.7644972621
14.8170557917
19.0708847262
46.9877908803
10.4655924261
1.18269793278
67.9488510806
6.79661659625
11.8666972497
18.2780256881
0.781256086702
70.6969648398
0.466296402756
16.1919591519
10.0856465888
14.2383041185
1.29733718792
44.6750063189
19.8220367762
15.0224619442
9.21753524995
7.16066727602
17.4167115464
14.3461145026
15.9345793891
2.09546022704
34.3514201393
46.0480013431
0.326229639124
2.32126002661
10.1839793143
20.8031076346
29.4523078162
4.52715964605
13.2107007353
28.0868844323
1.50954940579
9.58120646972
8.07626561719
48.8792905703
10.7075872258
1.70728498306
5.95132213149
7.29962175556
7.00757744993
12.8224283523
7.05021827244
4.46007406458
10.9113255231
12.1366007333
30.7441245009
24.8537486393
12.2635229083
72.8726767779
15.1980812556
17.3505983277
5.8631629207
3.2813269624
19.2975392199
8.29198584812
9.70075860391
13.95849309
0.233664579425
1.36693985532
4.09253758969
13.6504719515
9.29163278308
4.5597001749
2.70226868543
4.41825246584
0.130598935597
4.56639746056
31.4747260741
1.96339647857
21.1024784363
0.13871204092
4.7494028898
13.0247780903
34.8070005619
9.11602003956
3.21961116265
7.7723988403
20.3742735306
0.519136647974
9.68286121185
8.99748763191
15.7936170221
82.6739985778
13.993781034
16.1755201783
10.2483100585
35.684568425
14.4426592998
6.84589590893
11.7890022734
52.3232129762
8.13645503776
1.80631815494
9.24454261682
7.68995383546
22.4498410227
12.2089927473
28.6762365179
4.90482384634
23.2515792218
16.9200222135
31.191466769
1.80563054854
4.05946795833
47.0664267057
4.4204160893
11.4234004442
25.6649927664
32.9134821306
14.2220464914
0.845590090095
17.1150950874
11.2470067085
5.44256947006
5.58234752129
2.01298111633
67.3836466316
36.7225893142
15.092268481
6.52793280352
11.9566560625
0.828084887322
43.8662195094
10.0754900044
16.0936222416
0.148570178351
9.9024066816
32.0675148973
4.42840242834
3.83185520464
8.22616057651
3.23053222644
10.0220000577
31.2428050238
16.3690416962
7.78486718066
0.563537652609
5.31728164805
20.059103725
1.70779938944
0.0202594894636
10.4836667045
26.0734558602
19.1409945238
13.6193921922
6.93661687735
3.04157164983
5.96213208694
15.0198050714
58.7140909266
6.28330879699
11.2596841676
29.8272009882
15.8710051108
1.90277439576
10.1717041102
8.76342193535
13.5709488849
5.37810872872
54.0364267049
47.5438334016
4.85730311834
26.9823766837
33.1455581527
59.7149090524
8.74707945528
11.2776588655
16.6936079263
0.580310972292
18.8217556014
7.98484698576
3.91292757586
6.52766491798
23.8510864195
1.79449047945
1.2125397119
2.07856305658
11.6303929676
3.00484708772
1.03620805146
16.9279391235
29.0140309066
35.5931020156
49.4623743472
4.40348512087
1.31375049677
45.4771484239
5.07277186857
0.872891091906
13.7137732154
16.0232675292
8.93591745126
12.0117638706
34.2205577164
16.1599423904
69.576752514
6.82383794485
11.7455653824
7.07951714113
0.529197576515
12.5132809988
2.51151776489
13.4928419458
9.10752548415
11.3021287413
2.18158695505
83.9604964755
18.7716580572
2.25456031858
1.84039545174
8.54990300083
65.5049593735
8.16643743592
9.46168655296
20.934672078
15.9825585781
26.7801156373
7.97741799613
7.17205075597
5.23884997554
21.5192709503
52.563572805
18.9104785077
26.1112611598
0.751936893974
1.78247522056
14.1187382739
3.71684510673
22.5859061571
3.73664153494
24.1156336461
6.8239382993
23.2484952315
6.13809889122
10.3932342589
15.9680210876
11.7086284491
45.1210000044
9.4378686065
10.5570094158
20.8379502344
21.9337500363
19.2792412564
10.7034019412
19.8957417377
7.7876070667
5.72277965858
4.82679732609
2.42863612991
69.1135707093
19.2509466594
1.85789736362
11.6131208501
16.4528020542
2.78540734706
0.480258546515
6.98130010295
23.1955208888
11.7339327884
4.3946307296
