15.1660156151
26.8724576251
30.8034872793
4.90038476152
60.3880721041
32.1301772877
39.7899838062
37.8688990824
55.8467802395
4.84244615296
2.38965855518
1.04847584475
3.98239042137
7.17416943002
7.65794266964
13.6563838048
6.84609511004
8.9060915985
1.92864694903
12.6310609612
15.4189209423
5.34431994321
18.000106387
7.61307032735
2.95814880619
14.6975819842
1.16292106842
20.141437419
17.4741240786
10.1444916124
13.8469624497
8.66062922151
8.7739080381
26.4036068497
11.1587316288
15.5762905708
11.6817847094
9.7245353984
5.5293692482
1.9541673662
1.56690046675
5.83314915613
6.31402349837
8.95253597541
7.59693139448
55.7576857725
27.3074990794
30.3643676294
36.5303829594
0.0522471983518
8.35699649992
0.953619821398
7.19112276399
9.07338238936
6.06557911165
6.77418515398
1.77025161646
18.9864856327
68.7611498589
13.3130088523
17.691371201
15.5159838009
13.6316151723
11.5648986919
16.0583528007
1.53205826563
19.6491243777
7.65238085613
8.5070199576
1.68703329779
7.85311842926
4.07874859481
14.0999273105
9.92673447932
6.8765256062
53.9609545424
0.387359175474
15.6622558189
15.7787457875
1.39337729599
31.1957446419
2.19949628298
0.351747422864
2.96995001023
3.04878045432
2.99070224578
8.73635988859
15.0826244297
21.3220469858
44.2467163084
2.55555273761
3.42067283929
33.4254634692
4.80643175998
20.843910202
46.2468668733
1.42800954466
2.5419895667
6.75256624013
6.35747475665
27.5713133906
1.27879439285
8.13671814605
8.35835869677
10.2390681891
8.92969626015
12.7507579493
6.97723418333
40.2177315214
7.50404578894
0.938793231437
15.6256717747
17.25795888
1.71711867661
22.7593975874
3.03305352661
41.3937867736
1.66247153902
0.535380228833
1.45882074307
21.8927132257
1.91166784546
25.9416079669
18.361713551
3.15286694642
46.3594590132
15.946259488
5.23463736862
4.66304426911
6.53190317444
25.5794623737
20.971506998
5.86743361373
16.8778855652
0.703455316904
7.62872675894
23.7377159868
15.176255416
8.8273066839
5.91380505664
22.6255366719
5.05664165667
0.444102293655
31.1797219643
0.761016360685
0.256267257557
20.0196478923
3.3945294452
10.5362123997
14.6076928129
8.08084657752
8.00803815316
11.0330606735
0.887599384498
4.72013127657
12.9627586225
14.7115803634
21.3231780317
51.7028338612
7.25408252267
27.185393791
10.8143108728
9.29915273055
25.358336701
39.206078527
36.6324334655
11.943879275
42.0095154828
32.1671457689
92.621887741
3.06461500967
8.27842225096
2.11189576104
35.2816492757
7.48071929669
16.7211648143
22.1846672806
1.25465793964
31.3654510607
33.2754778515
1.2397245173
6.74845258701
9.21099110996
19.5865232803
15.0743225469
1.87283378258
0.449047167841
30.9266565812
7.64840023992
13.4195783092
74.9371882368
6.77567817184
5.29534836552
37.5105108054
17.6034379985
6.17136314995
2.83062266747
21.6875618636
4.84567846146
5.57806148423
15.9146842114
25.0491173555
18.2925113732
11.2076014713
0.742040009455
30.4270553706
1.84268026495
5.32455297844
52.2813376259
15.8777637837
35.643305306
11.721295373
7.17750343088
26.2088542988
33.4918239277
2.21320425965
26.6732460628
6.48846227114
7.56550738135
11.3534074416
8.38488571596
10.1536744913
7.11489153615
9.43448751142
5.36823210421
11.8864250995
10.6894024605
10.2745652902
6.30192021392
2.5715124175
11.7821331142
4.68670643013
39.3186637341
5.5145996501
2.41807816695
2.96603360162
78.9625173527
0.888084879002
31.821044704
27.4660919406
0.872571285749
22.5899906159
23.5707500412
40.0551456811
9.55421216232
16.1104071783
24.1369081872
2.6390438758
19.9336372537
16.2923683861
10.6321067354
6.68402592134
20.3454536829
17.7351282241
12.9145654781
17.2620996069
7.46451574942
2.95108170072
28.8572228656
12.7243491227
12.2393901942
98.8155837171
23.2257714843
16.6945992444
0.30334151186
2.358014022
3.07633736033
43.3672198245
32.7648590912
25.6743479492
20.0327382904
3.48606322837
29.7734712857
3.30539410787
6.20916504826
28.2123017555
1.57185913637
2.40977228622
3.86841328446
15.4563284382
9.97523426002
2.02162066639
4.24995600334
3.3531376331
1.16541601697
16.6655741934
4.72657130715
1.72387429311
17.6760732606
26.5850254365
15.8340336687
7.98485817255
14.8000831602
13.3876831789
9.36347187805
4.40304310202
15.2705306054
16.537890061
34.6281781144
32.2114894237
