11.701176911
1.77662437219
22.9425986754
25.8587323571
8.51512965771
21.6171593988
2.12992623926
23.1591434996
4.57606488931
26.5746292065
0.303301008937
1.90517021932
9.9019775979
13.0311017674
2.74592896578
25.5698869563
4.73389976181
4.09928084462
6.92510456373
5.24535991334
1.2804797433
7.86722629465
8.13084763499
94.98431922
19.901125471
1.92585329877
2.05315745359
3.62223411432
3.57756391643
6.08009506663
4.30229055385
6.67572786147
0.666334920571
2.6645808203
36.9126726167
3.30155037714
9.70792239461
1.23344644914
3.16126747069
25.1781613811
38.6243545487
31.5981914465
13.9245999229
8.63472364823
0.0419030834814
1.03559316904
0.0782381933065
6.92533926015
1.97873829971
8.53185971291
2.9677136823
9.36913889352
8.97062796536
21.439721367
11.4371454577
7.33688866497
24.9916056206
7.66072521803
4.38244524394
11.5046518011
16.7597759199
1.65953770981
7.55815645582
52.9887496324
44.0881739231
16.4943877897
2.17947492031
8.64532176884
3.34115848514
15.6381007953
18.4442215374
5.40854956986
3.60374761955
4.07066098183
40.4097158681
9.19402953375
1.43836370225
57.0904183715
1.89521784213
3.15811519038
25.1629333802
1.13652185738
30.8397249232
0.20329720419
24.1179211187
15.33230942
14.1881788977
20.995032044
0.146200492277
21.6749012124
4.85547027787
26.4143511141
0.786231879173
0.48558449639
7.91315257089
8.25890828136
5.71412600146
14.7149339367
49.6769399913
8.53494065312
4.0563985722
9.25730544892
2.24465135634
24.9937801164
8.99366477006
11.4044117077
9.12756846043
10.5612523711
15.3052980496
38.5218362536
2.79534610286
13.557699982
2.8772217363
10.8706123656
25.9258928735
8.13439756227
13.3649231286
38.4506056988
69.8771737349
1.54827085065
16.4297241643
19.3486458807
7.31928055704
55.1644910976
24.6145203471
13.2600456719
3.87591536481
94.5498205724
52.735684313
6.49330312126
1.96960800801
0.335350950666
2.2588904313
6.34428900204
11.4141830038
0.19224148992
1.10895204839
10.4849658841
1.44547020921
16.403376414
4.21164888105
17.9423990511
39.4885567216
9.38069233827
0.442167834465
7.27417067473
51.6446284278
1.61368028728
21.4321210979
13.2008882386
65.9896715817
1.83425068404
4.99550800715
48.2532536193
0.524341697287
13.5556919004
54.4800102958
14.8178840871
2.14117088686
23.4672505735
1.01679003117
2.21974214287
6.85645361371
15.1685912935
7.77580252185
14.3281803058
7.01189976883
3.82963165136
21.817597387
35.1561167783
5.95864596507
10.575434105
13.6739795986
18.0961637297
8.54970973202
2.59279052799
27.7389569903
59.7214270916
2.59696662587
5.77502134324
4.76160066344
6.07540387718
10.5325887973
18.0617188612
21.9801199555
1.62036856184
25.4846021805
17.8905336119
26.1051890125
1.39245463679
65.5259597452
5.80660658642
7.92029895168
1.9669347953
12.8904183886
9.33448159442
0.326171723135
3.82917533614
12.1699243599
38.5586459661
19.0461430392
42.4553235977
12.5080380716
21.2545507913
24.189093057
33.9365053025
9.02440186148
8.80471821951
7.55950095492
12.4702301196
15.899992838
27.1340268245
24.4926660366
13.6481525722
29.4876921246
7.21837949341
3.48772439914
8.36493758802
17.5506726379
18.4603856658
6.22969048676
6.0113048982
17.8998063413
10.8070571346
16.0136750761
9.5638961808
22.4722515638
3.35074018813
5.42698366569
0.571923119058
21.62262019
6.37492714983
14.5218758534
3.49102337518
18.9566362792
8.91092289052
5.20306002423
11.6661013836
20.3373246836
26.4492986407
3.4393498423
28.2478660758
28.2279467878
27.1357944866
6.87633148463
31.7060804729
3.79331497623
10.0381764018
1.62610865232
30.5692078017
0.752738771447
0.228327581557
0.202218334339
3.10758185045
20.0194624291
5.95034288356
8.45053773755
67.0414630945
7.61752833761
24.2227873205
33.0826500705
32.767894497
2.06671101081
9.47375992451
8.91258772246
21.1615393011
18.1736490385
24.440426243
14.4163292522
59.0936767372
84.2800312633
4.93075361473
24.3707962952
5.35120057932
13.1609647249
0.467943204151
11.4325903062
61.014834375
1.53932792954
9.84619552408
50.7159728033
12.6710122396
2.07338977088
4.76447211767
10.1045617398
0.60444144708
10.1751764229
20.3698756814
16.5692813999
3.10415391529
7.24318110313
3.76075178223
11.0285685859
21.0197107195
13.5212027031
5.3890840653
5.00667370222
3.08085995448
4.15352462168
8.0492830052
