47.4881059357
6.76352866742
8.73604863839
25.9778014383
9.20663229971
4.44290265383
1.3064241707
24.0588986268
29.0637356222
5.22666447401
10.2200315711
28.7556192738
8.66709213914
2.59899491879
2.83470497202
1.20289712043
3.22433588548
46.984134996
10.6043000792
1.05060465839
5.66253970312
66.3050375579
0.0598795722735
86.1707369958
6.24986448411
0.591135199745
49.9559976929
1.05183222651
14.1105660599
4.80594018888
21.0033263048
0.754984828133
11.0064579756
42.4665512134
12.0955793882
3.98298883608
3.94599441195
32.9026012167
11.1377317944
23.5502327327
9.92545060179
2.32826518743
0.176879313694
18.1862704492
10.8044430753
63.4970325109
17.0835984166
8.92802529305
6.47535378868
30.9220295834
3.55654187597
1.07671372904
10.8739854744
18.8107738733
7.51329229258
11.9297059544
0.958989649918
6.82854083307
16.0088283867
20.270471874
7.86190593916
1.81092558976
26.9307584055
11.9685974796
16.8974286394
4.17940916485
11.1862280608
7.07655097644
7.75015543944
2.08459783265
25.6253643082
2.60194973563
5.31422740007
2.10955603474
3.10093715079
18.953694848
10.7266232682
13.3595181257
4.03054272936
1.27689143998
63.2781753425
0.00841683213163
10.7108265239
5.45511831903
7.41631963898
4.90492328531
0.681794129454
2.31350376898
35.3678714148
12.929494121
6.37380843743
28.523749389
55.5085719288
40.7153700552
12.8886697208
16.3586152275
4.35448765804
28.5374382175
4.81289397993
35.0445190977
18.2278788483
11.0248736736
23.0257472349
12.4701537744
12.710320798
5.32693018231
7.27931873354
10.7179038231
33.992131113
0.680637302568
5.66041241727
10.5114870847
1.45954148037
14.339718575
1.43910063768
7.24243690982
3.32927207056
14.6138272593
18.7300570261
19.0154814501
8.09964298353
13.9916889382
0.589087437408
6.38036683441
16.1958833804
2.31925225804
7.01005204975
7.8177537748
18.5277072972
21.5200835319
0.624330549905
22.1984591115
25.1082669659
7.53550090078
22.2882719962
27.7706169754
69.7195557667
7.78455496168
2.33650680536
38.4386141829
26.1936694864
37.5701446111
1.1600425451
29.0349915273
5.00526799441
19.9285166383
8.47691188797
61.5281816549
16.5100504245
5.31234748742
12.1770897775
38.4413759003
23.2797487966
2.21461388945
3.22971580982
28.0095069228
0.968761450323
19.1271525667
37.4853758704
5.03049871191
4.73192918857
3.94585830855
65.3980694838
1.85669657286
3.97639398056
20.7481713296
6.44209520758
1.52805129123
24.1659951155
10.3256928186
2.81747579694
8.59894730108
45.6151552252
2.78303819976
7.11379339436
10.278272268
3.8636585705
12.966467844
17.0208210677
23.7625767909
43.5531415602
17.5782147361
5.75061364442
16.4509759873
2.72470789382
4.28598420426
0.733111849674
3.43157550982
38.1620716857
1.42653153382
6.98478573753
13.9254460748
21.1618150307
24.2874730233
55.6267183452
24.8342761125
1.23979053894
6.26326581687
5.05287873393
15.8528046714
3.32110403153
3.28390167746
1.23087085846
10.2829061951
39.6589826628
7.07163620777
29.4888049078
5.73400261075
15.9199811536
0.683251484415
32.3000395756
11.3115863266
4.801245551
4.43720029275
6.54581275308
7.63676989338
5.35579545136
2.75132101767
17.0280960954
53.3468268716
9.41403347508
17.8747956356
1.74172916124
5.27481803993
21.5635762134
27.1640705836
29.7905819481
8.16885238558
2.95393526256
0.27099968924
3.18584122716
11.3738373629
3.77604170326
48.2595016772
4.32728826433
32.5252946153
34.5801754788
16.6130415585
21.7271737103
4.80492872682
22.1867389915
7.8598616064
19.8457777235
43.3371341324
12.8790250212
0.0912355089244
3.05365096316
17.089991916
38.5265999737
8.01903316263
10.8214356783
46.4329632673
19.8434944719
8.62058067081
12.6200113532
9.34915732167
9.42171530785
12.4189329792
56.7233368255
10.283617443
6.38627352235
55.2841191573
0.413146590114
3.33678938028
76.3567806266
1.67543909669
15.4858880798
33.3761307729
27.9680528696
15.4283754034
7.8207156502
7.92598119135
3.72497982939
5.453941465
23.5046293036
24.0995750018
6.16003913639
1.6043194795
26.3546937342
6.41574419655
0.263466354076
5.81808148819
1.23699014591
14.6583511257
1.37326750777
38.1676709077
3.140390819
1.3581142458
7.80213308506
1.09989157983
10.2999977193
10.4567165581
17.5700701948
24.8149825347
4.08703189227
1.7565873848
0.149129921833
0.248698462922
5.1096745635
15.752907205
