8.49588841885
12.9495185347
18.4850596701
23.3178378793
24.2390386786
35.94828215
6.70612917495
13.1938162609
0.602442793659
15.3456739754
0.306225886897
8.57288815975
1.11379586872
2.72212281763
3.02965761472
11.1718135918
12.830432032
12.0913365717
4.11890767499
19.6781623812
28.9774129034
8.46283884819
10.9325005145
20.4603907444
13.0155268993
13.4618071495
7.36416178513
1.8437644278
11.1030919036
6.89824795472
29.3846307678
12.8239969935
8.82198233425
1.93745592374
13.7761374246
17.4523719571
7.50528684948
15.9216075039
8.49963358441
19.5141427074
65.4354369598
8.83996549735
3.53874984708
3.43796558647
7.861145292
5.33309564716
0.664184457954
10.5211184363
5.23835550814
9.71469840775
4.11332987906
4.33757020978
4.62776898825
1.46550785205
2.74472058266
28.1064452413
20.0313427815
4.59290094597
19.770005812
43.6862927706
1.97172546266
13.8727719926
13.0128742519
2.1419692966
1.25029221101
18.7410000644
0.612186540572
15.6385537085
6.26924391912
3.90583254519
51.063735314
51.7287349746
23.3436511601
37.1840795811
18.2132489006
5.85233914108
4.34989744934
8.23661425654
0.979119780675
1.37510763795
7.14030064196
6.91313959276
0.0582698926758
5.04539413413
9.52859049581
9.8074504858
19.0449451552
13.3989316988
8.32709540407
6.38167277101
1.96879328797
15.3455267216
41.1633731101
38.809185205
1.78580469619
0.874713929908
18.9052117335
0.87991823358
16.080091294
4.86043940305
4.8062874061
40.7280514773
11.7063926252
21.6527753786
36.8918399058
8.27190498703
1.12102958728
0.945353224832
11.4170305365
1.7025251908
15.1017006858
8.21215767948
0.723888543645
3.66996513217
4.79861587467
1.39111663311
27.3269244951
12.9750934403
32.6544806853
8.95383152674
16.9328153095
7.94526579802
1.09719906896
0.192640882527
2.48807135869
3.53790832072
10.0089903072
1.37738790244
5.41169497568
10.6640683958
8.30849567754
1.44168831074
20.9324925523
33.2424053147
7.71289355356
3.17767837537
6.79552799282
34.6151067637
9.36790906994
38.91053786
24.5701332693
0.0527693217729
7.85271384115
29.2688725808
14.266724823
12.0526150541
30.2375990488
14.1848270095
4.3499822587
7.04845406372
7.65724953703
2.08206580771
6.59254214012
6.51726318295
4.5374617633
31.7529685708
2.22123378055
1.57420706324
3.30411874457
6.81328780497
12.191853193
9.47236286109
16.5857143843
15.972710774
10.9303373374
16.1213014061
27.2594136955
5.52963990544
26.8548975929
7.15952877474
4.22010281875
13.6259320972
15.1929309386
14.1123396096
3.29378369804
0.498068570402
3.3554504078
0.529029968212
9.86029062708
4.94628649448
8.14674540022
7.05334428386
14.3759522843
9.55937739736
21.8466805885
17.0085263684
18.9628659341
34.7281661613
23.3622397389
15.9767356524
11.7507234335
11.9491146677
43.5702423449
14.0484965198
51.4697882667
14.3188412492
45.4333971631
14.9601331963
4.02812852986
12.9160814267
3.2661996186
3.33141552003
21.3668062129
3.23697280699
22.1241640133
45.9510292918
23.1027576723
11.5170767526
10.1324232135
49.3161782876
6.78149143084
1.39053659943
1.32485561611
8.07569772004
3.40361260847
3.92531397935
5.37981015943
17.6661595678
32.1053530375
39.2076651409
19.3188835118
0.0257003330257
1.92188757726
8.46601000588
11.4994325459
14.5381190977
15.8040068278
15.4087609724
30.4642864148
33.9245445872
4.93867323808
2.71360656931
7.03068325848
30.3444802559
1.34267188103
0.191237747863
9.71716657451
6.8158282002
0.134537336371
21.5277319344
11.0024920451
22.9432789855
15.3136891845
26.2915245965
2.59220509705
7.9719958836
19.4512173885
0.475725330899
7.7185932039
4.99781451335
4.97640686728
3.18142810509
3.61391015032
4.36179522339
52.4685413478
11.5901620493
7.33620268921
7.25601630022
1.00248361178
3.67765395445
25.5363213362
15.873106519
2.9626608568
21.035863801
25.6230877817
5.10166762801
45.8557727255
1.19220354431
31.1460878892
26.8355959107
10.9113831878
89.9485309313
21.1059729934
10.6537115551
8.66638872761
9.5268991201
11.0192127396
1.21200279867
31.3685042123
2.6672020218
1.59452822247
12.3929953907
21.8959461911
2.33384190074
17.1324704626
33.539465879
9.93330506646
7.70631858181
0.617754874163
33.1864538214
19.2424250738
18.4154446263
17.2184633573
2.47760422211
2.54930414696
4.50162011073
18.4961567107
12.8365946674
6.69937003109
13.8707464249
