43.0288305953
0.112725043161
7.37814861244
12.9472941149
21.3978100007
2.87634313189
7.74995200014
4.24762027289
13.3754900455
9.64895005694
4.83816382185
32.3231586597
14.9397646618
6.48248846562
36.0565344419
4.8399436494
26.0821216703
2.14474356946
3.25964068106
39.9038837605
16.5573573227
46.1029474727
23.2017295862
6.90635790396
3.49955113493
0.546590430982
2.00879518125
20.9935305023
3.39128451046
15.9265047849
24.9970446498
9.15260112238
9.53514759106
4.56053325518
11.8577028277
22.8334117333
0.200047748569
5.18391514327
0.925146794855
12.4144811285
0.923522680819
8.40267350598
2.04053328743
40.673154261
3.17020604331
8.67974539617
1.39622677978
31.6871082515
40.2926032265
13.233004824
9.9579177662
5.3347758673
3.18565932415
8.48853695179
32.1209102979
0.500190707569
38.0478054146
2.731748817
12.252621392
15.2097700422
8.70470596782
14.5444442172
7.33017082877
19.926924407
19.7799346256
4.91500918889
8.28326242646
27.153185771
20.9876740119
4.60889550718
13.6637712749
1.21781178436
28.3763066419
15.0292049557
7.69244717358
9.95130585616
11.9433224502
6.92995598356
8.91633853158
13.665136498
0.0346503330939
12.8231189936
4.98950097636
3.71719767883
37.8317345959
2.35372854604
75.0814297106
2.65415324928
14.4081195843
4.2180900283
4.53658108862
1.83687698459
10.526353092
11.2768521346
3.76584141948
0.145272648876
23.3504156592
18.1190382588
1.71009511301
14.8684075342
6.10397073152
1.98306429681
4.69648488844
11.1850770595
19.3006478426
0.536559935063
0.622162365912
51.3786429807
27.794701014
11.7153524701
1.72427726877
7.62727779712
10.0801356677
13.1446628597
6.81078599226
17.0284885893
4.37060918731
19.0793968403
4.49734215472
9.47721758876
34.6741677624
7.84680677241
7.89198400372
14.1147340499
21.5002250207
4.49371569297
3.0508712885
3.89613891648
21.5670336932
13.7167931051
8.21453567804
15.5682352863
89.3921189075
25.3693324388
15.6322700919
3.58623211731
21.6417332807
0.749861814827
9.91993081817
2.40706116448
5.7097270706
6.5807636114
1.84542261189
0.204832778731
29.0830212413
11.210090227
24.9516812089
6.89748405351
3.07042216572
3.27484475558
21.6209457855
9.00389569239
22.3135000536
15.2863419574
8.443875363
11.9739908231
4.9463098487
24.8463282644
16.0679509494
0.855612345336
1.78311005256
20.5337079001
16.8467231235
28.7658364105
14.0242103043
7.8845685506
13.482068863
16.7609410265
2.52245317512
0.514332675942
0.644528225464
7.61403456627
26.5634007415
13.5372261554
9.88285203751
26.996667389
11.8400625742
13.9881979844
0.103903646889
11.9936465264
12.6592687698
37.4983720748
5.43664560398
8.16318314245
22.1326501779
22.4383062925
2.57391113819
26.9516472492
4.2852548175
0.254564236466
6.91166163886
35.4087608819
28.8453573979
7.31655642753
0.653080796417
14.5677378523
11.5344032198
14.2378768789
15.8700135457
6.50165972453
28.8635919172
9.76023682017
15.3343364996
5.95192043109
2.79573588198
0.833361594221
11.5166289579
3.22846695616
11.5532957441
8.64330227962
28.5307365182
48.7170064721
56.2348886931
2.14606864459
7.20438008652
35.3106666313
15.0949733564
18.2298086632
35.186561698
3.94307643511
34.0349917442
3.50211863124
3.4259710915
1.07828038694
9.86132257405
5.62305811429
9.03130337115
2.30557388943
29.8108111614
28.4549485116
15.5221005599
27.6449141311
42.2640774236
3.66031978706
29.8792071658
2.9819971666
7.32519445851
5.65333674363
0.787917881068
11.6915928108
5.49342225147
10.4668654306
24.1702695636
4.55009297588
33.283193384
3.20052394812
11.5065737339
17.569012775
17.5819720411
9.05607287922
55.9854592026
12.5665794573
6.32131453456
11.1501858384
18.2299952051
4.96935311376
5.92816946559
45.0728665449
2.97103060803
10.9801574679
20.5213879046
27.5125647277
0.72878370068
0.0951427504532
3.68494194645
19.8772577651
5.45553442581
3.47409258976
17.6322464961
21.8910827711
25.184488118
31.0359179463
17.8595859659
22.9565207705
17.9698396052
7.21103096322
3.35795180876
22.1436855402
6.81856845948
10.6614498914
3.44739399073
7.78213580088
29.7393781092
26.9097384675
33.1346633176
4.04812789115
11.1959623319
1.12131177603
56.0968461697
38.8483910863
5.20099599313
8.67258890682
4.18542731968
4.22732684829
14.7677051887
3.316819781
24.2748836419
5.44826924703
18.9493525886
10.1747974443
