2.28963497637
12.0837680151
6.3019120068
6.08289617074
9.34775455002
17.9371430711
26.8711510526
21.8047225899
20.1348224029
0.576541293451
20.5167663531
25.2601409783
40.7914440434
26.638536068
27.4328614491
4.66665598531
19.5256459527
10.7520889843
5.91309610502
3.94539246383
1.20401237552
42.4075829139
0.961010932103
22.2765967606
4.77662590721
3.3057377721
37.3082676487
3.48364457508
6.16831585088
0.528195621205
14.8393729612
46.9683130968
54.0664180989
20.9493665778
8.55929706426
4.14413603278
8.64526774419
82.4855350199
3.04453397366
0.400101994888
15.2105896867
7.15367804413
6.30554601155
0.277363212665
25.1510577866
9.9102087493
11.2462306254
4.88412325094
1.54522862675
32.2671156193
17.1543923038
9.75505852481
4.17783696915
21.885109613
5.05991440966
8.4533829539
15.0751095473
7.02845111503
0.962376868309
6.26024153626
11.3274993146
26.4123390731
0.189526908396
1.43098073213
2.65051937866
9.57964363294
13.2303380349
47.7493033381
19.4367003403
1.26727184699
9.39879186938
0.207524688533
14.3690317653
19.5645586017
0.611189465401
107.003188901
1.99394625489
15.1126126911
23.9448929737
9.34210142302
18.3554155669
11.6701582421
11.1127996079
10.9948161215
17.7174337905
2.59940804075
10.2752710073
10.2673714972
4.62542630033
14.5973963975
16.9172934663
15.317403662
8.14386441364
11.4913427302
14.8890719624
20.4855620311
17.28978967
20.8445214985
5.5874067436
8.16858116821
23.195399257
5.12380446841
15.4221674826
0.133998968402
1.59836180818
4.63639169278
24.6564614512
5.64607668198
11.3125046939
42.638166755
4.20929586378
6.91360431936
11.1737725491
18.8886756624
3.18882769901
10.5268579673
17.1737562517
27.922992119
9.39852467549
12.9586577379
12.0543522513
5.39894783855
10.6314123938
1.8617919561
5.37939635799
5.84217635804
9.40579447628
31.0845333977
29.6682736883
38.0556315382
12.3203343333
35.2428068831
3.43350851003
12.2075255521
7.40874753321
40.811956794
34.4655745952
20.5098832844
8.27106010153
15.0166931793
9.96177629572
11.9066672846
26.4483825987
1.02133524203
1.07882247036
18.9564604414
28.3147325026
16.5448871587
20.6827023538
51.4882103538
9.16713852868
21.2962206824
13.6573957718
26.2600823499
0.541128705599
26.0012076299
16.2155276926
9.43750162604
15.36609297
37.3129336208
4.33559750159
0.413128330668
16.709118768
15.4564934951
26.2436494126
10.3266926638
17.7743900087
2.66150455947
19.9975289655
19.0822579636
20.3176456029
3.92769216573
7.5062825032
31.0368343901
27.1583388783
18.7641586085
34.8209225066
51.197752734
15.8277052103
4.76736837032
26.2736134244
21.2720578189
11.259829841
41.6544486807
15.062239843
3.24176831353
48.7487324529
11.7612584969
5.88039578511
20.3031336343
2.24326673957
29.9285927325
11.1319947135
5.35114482249
31.6044247058
13.8560962037
2.18073956412
19.048366692
14.3937315636
12.0949625995
2.82518835246
1.95696450769
14.0569978598
12.6885791383
58.0455394303
2.06521443563
6.45568764714
11.5610557376
3.30747361579
1.50077121631
2.68540588215
30.7502922907
7.44954404019
34.2143084107
21.2230269174
7.93940197015
2.59744437641
8.15109138484
29.5383709063
9.96170122381
5.75721288293
6.33157717037
2.3909813512
0.625781773456
6.85348891238
2.45698222266
0.797974859406
13.3624631336
12.309965146
54.2247554495
7.94017142895
13.0075508173
7.14114248973
11.4639036656
1.78159847267
13.5363785513
4.94037939181
16.0317823893
16.6944216841
44.1322331401
19.3979507995
22.1172635307
26.6694149306
7.86102615843
3.64926728387
4.1374391717
10.7519929238
4.40009365125
0.576263773559
1.37548238522
1.48226705282
13.5984232447
12.0155710629
8.11617519956
58.4179855216
1.8809388383
9.79369621289
8.62491033423
31.3849466268
9.6264265105
9.74246321077
20.1083821703
9.86921963692
3.81449160066
67.225609476
18.5076945833
2.38689936681
28.3850875788
9.90133546076
22.6504294058
0.124328839933
0.802205102288
7.94469357518
26.0315168384
22.2821558719
14.4144990009
59.9687990681
9.16808190362
1.59674584481
24.2151184428
15.5696014852
7.60515650164
9.77479770904
1.77994412443
5.62249751034
35.7625922821
11.5813258574
8.05858072465
18.56147152
0.912804810436
26.000596547
15.7146618172
4.45968120531
4.29773302393
2.54312092617
15.5173039921
0.784291259867
42.4169582155
7.97967439571
2.09955275546
