9.73333130367
48.6240556932
8.8253131474
2.19876015478
7.12246939676
0.308998083174
46.2608214849
3.17280241681
14.354132063
3.83260866532
6.37191132899
2.40055181695
19.5980064271
1.90896007326
21.7097562826
9.46771598137
31.2972216441
18.5328984254
10.6284722927
0.788896873631
9.44409004866
13.0803063837
3.85977371607
45.587388781
23.7119946549
7.3174279997
6.90919307213
32.7684144961
7.38831263077
12.3689901772
15.6004725309
8.5922737918
3.00146069959
55.3957845341
6.63890823444
2.60335272105
26.9127750004
55.3723977704
1.30175087813
2.20008005096
11.6688674608
45.9980893152
0.0675399631633
26.38451513
4.97762093843
14.6263242739
8.77407303036
12.0988736378
14.1366419821
6.66042971335
17.3387210433
2.70838171127
6.22607414619
0.377535831398
5.21590549208
19.4898797489
15.9290837782
1.11689842322
32.0159600348
14.469513542
18.2442092789
33.0144728407
26.7308722714
32.9069365792
38.3850711681
20.477940617
19.3146606929
1.75874967176
11.0696354564
5.77235909682
15.0746925655
30.8112382
12.9116979314
13.9234132972
34.2425785003
15.9893911229
0.519710385442
3.43928733491
21.1706342995
28.9763856063
25.7594938103
0.848688355524
0.0966633920045
15.5216714404
4.88294793099
20.5151452273
15.6903449081
10.1717207024
37.3889268099
53.3055191813
0.0326260444337
9.39718878289
1.98889132627
4.43495331817
20.9980748552
2.05043695797
0.778981556511
11.3506417699
33.1688625442
9.82695432165
19.4296232233
5.2029187904
30.4473027978
15.0004820846
35.1840182401
0.727476225049
24.143152264
9.85337803883
10.7202009829
19.9243145769
23.3042871697
110.100650445
19.0532028698
3.30998593958
12.6236766001
14.9163486882
2.82797980492
10.6609578956
12.1648965579
54.8444607664
50.3394739613
17.9782927024
68.4175142658
10.8313551266
7.55244999061
1.88776185115
8.6408953737
26.3938266326
4.26819764855
6.4645865116
8.58760094597
6.51693230948
0.478156070965
1.81011519589
6.81905530936
11.3510670259
19.5486791908
9.8292311248
13.4832629768
26.2875238537
41.1260219476
26.1907514055
23.7594604493
16.9383462038
18.5529046165
12.6241043188
1.32716261189
25.2212544754
18.5699799815
2.76521550347
1.63074818441
20.5474911577
8.27688116522
19.0381798549
14.2802185701
5.50605477683
10.5418228908
13.5910372546
9.66043320026
2.29822548097
9.77611473894
10.2833195673
24.3017510091
16.4256594333
12.2112486931
5.07560780052
1.7278436519
8.87493411653
6.23649422501
31.1252781563
4.41381137888
37.445713573
3.38338717597
5.84252069034
9.8898203424
22.5032706342
48.7605585066
3.82050748315
44.7824704662
25.0668485812
5.17135988613
16.6632980224
5.30676438366
39.3178992296
8.17785684412
4.66106129208
10.8238596023
16.020382944
3.8025389421
6.14508792988
0.371842553977
15.8841384047
0.242025235265
6.3458860261
1.78028616422
19.9213844366
90.7786740923
2.669648454
6.64888666787
10.3706698919
4.92796536634
6.33189609171
7.04497495659
42.6377260352
19.7209913877
22.9238435242
11.6242078675
4.47546510341
6.76700320584
58.3214494934
5.34628822787
2.36228890473
12.139847628
64.6880796841
7.254098928
1.98888083298
47.0012431267
5.09145006318
2.49985662062
10.5329301624
23.5703277489
10.0235286208
27.6551422781
3.53992510021
7.99765283995
6.47055214512
3.18287923142
4.39849199336
22.6619660534
0.423934194026
0.957080753475
14.7715679356
7.15054837976
30.356214467
5.31940697484
10.7142378902
2.07261986655
3.52206534364
24.2414044289
18.9794344712
10.1170254977
16.783317852
10.9776130008
2.24547259777
2.91263676801
0.28771069984
1.86841725535
0.80930339098
1.59187468206
39.5980551683
6.53156991391
23.778891008
10.7024946849
6.54145321589
11.0451695004
25.3167020808
14.251228007
0.0198881189622
35.9075371344
1.32157483492
18.7787560537
7.20938163165
24.3402616894
17.6350956185
11.9154561793
17.5065260375
8.64771035528
3.85583676009
63.3689349281
0.201761587829
7.10162826704
19.3000997073
25.2451460062
0.790305653409
18.6333555864
5.41109129139
9.85765752338
10.2496353359
4.7841967289
4.05953688901
26.3095884662
10.9871834747
0.390797439121
5.837887885
15.4587398527
34.3618251712
11.2582153886
22.0738354317
8.70640654313
4.26444488805
10.4805389041
17.9193244181
2.30346381558
4.37461228499
0.0187741159384
15.314954033
28.3816199937
43.7436539246
20.8527957089
2.19939095499
