16.6697424013
16.5166864189
1.7753349262
27.3082795667
20.3414052598
8.51357337431
12.7965587937
7.71118976311
8.16350831447
13.9243322989
2.43168383022
2.23205291651
18.0654100573
14.0638650726
38.3961428229
8.06304462543
7.11842562725
5.06332286107
11.8980457995
7.18793428627
2.63180414744
9.96616674995
19.9083285676
37.1490629675
3.80639323672
2.8964289263
8.77316731816
35.1782072499
7.46862705137
31.2366878307
25.0838047818
4.98267484207
2.74243352656
3.30812169342
15.1772977516
12.4370660095
8.20337246418
56.4779068299
32.6491755086
57.7789954522
26.3846298648
2.73503716284
7.77897831411
1.08726719642
10.3434385236
8.77919494083
10.0456596106
19.9488287876
17.0712105501
17.6487480316
6.87788982004
39.657997336
16.9152435595
0.0623421635303
49.4886829351
3.12270836718
21.1803790458
8.94743604971
7.30276513749
4.30128114745
5.95158139873
8.58778611804
8.95438762234
0.0191201908747
3.93318327778
13.7072410546
8.6275424969
0.040093314728
9.02344215028
27.0094882012
49.7507566467
1.42742831813
10.2597792904
0.28246323958
13.4939359447
0.649996872965
0.974267920176
7.7906637964
17.3767109492
5.97941504773
14.8707700628
5.19957534463
13.8084791388
8.21023601393
62.1935230217
60.7162201782
9.80203046124
19.4894989659
4.50930335806
20.3748545355
7.51281706938
10.2661184988
1.65366403427
14.9124235585
51.1342096898
11.6542036809
36.8565883945
30.8644934358
0.167689081986
1.42747641716
16.8067770362
6.04822178024
4.67823340427
14.543638273
8.45523965837
4.48759333537
2.94104314354
46.8637712249
15.1708779614
57.6680998179
15.8776428152
0.338821719059
5.16913896543
22.4032787682
14.238122768
5.21839809025
3.45806112679
10.9112582616
11.1970252053
6.63870704093
20.9646728505
22.0894091332
2.21688137741
55.3583448065
0.235189505385
1.36292073243
0.780640772701
7.97064920552
38.5185595027
12.6411990574
15.2557547941
27.3182470043
21.7054873605
11.4264895979
20.3309322582
27.2361367512
12.599724409
57.3783568736
19.9256449898
29.2869357653
10.2789481239
0.51270586422
3.1982840575
22.7351352663
3.71387450796
3.73415773032
3.13037554666
41.1322176463
32.9773605102
10.5903316868
26.3458929636
7.52596685138
1.85441102265
10.4514727324
9.43418035887
28.105961216
13.8176724598
6.97090558342
6.20501619079
0.573823502082
14.935547125
15.9506072939
4.9731026828
15.5215099666
8.9250127882
37.0412809376
6.82033980446
2.73107813734
12.6552279384
2.70345906282
63.5273221947
10.4436902351
33.9565885654
31.081276307
3.69012744965
11.7007219211
19.541555796
69.4859588093
0.0536068571841
22.3586650374
3.67647164073
19.828248245
18.5327499101
43.6366303852
28.2795517616
6.06341676733
12.7774938689
10.0558345516
16.032322974
18.8450301905
5.21064927604
4.23200337117
1.54005543591
49.3632680341
21.986568897
6.9887054533
13.4825493694
0.453962355269
36.0846412532
52.3338826503
25.2776850004
16.1661283254
0.492263551586
6.18566487739
19.3651336355
0.606841466663
99.4269531113
39.62990142
10.1777837806
12.5777692744
5.99909747962
30.8813095286
4.03915206555
6.12378623243
12.9829593
37.2332896851
1.68052039892
17.1449299195
3.9262076545
17.4180384976
26.7847612302
17.9356017738
17.4948938411
11.3858300507
1.11621113836
5.12258160455
4.72011064349
31.6110214354
42.218631412
16.7726307291
12.6799235212
5.99038746922
62.3735038655
14.551906902
0.0871152535962
20.8052868796
2.17778570537
1.08921463269
40.6257715288
9.65716415915
11.1182291675
69.7557170243
17.185205948
3.34575217911
13.9184392541
2.08513314977
71.13640682
23.4688005028
9.00272341806
0.0585321223925
2.61659208647
4.45929237688
3.54832745974
14.1295903428
1.48603655773
9.61488857945
18.4104124156
2.06310661731
69.3687855528
16.0037392088
31.1940160107
3.68189233326
0.575607989209
44.6942488098
35.4916364056
50.0110790671
11.2276353913
19.52039716
8.77619034463
4.86781034178
3.76383907407
14.4724497124
4.0195897899
14.1961869552
11.1484628674
11.2484345695
65.5695764507
23.3413659315
17.1807786493
9.83492860249
1.09517952136
10.927648985
2.10057609838
64.4639720752
17.6338942946
12.133492572
37.4212614923
38.6894859123
4.23922983928
6.48912306884
4.79481724089
29.4687629075
2.23348270841
1.08672555277
5.70119684014
17.9437393929
9.40488146439
27.3015912704
20.7027495267
22.0184006178
