11.6437142586
19.2586024209
0.193474288141
15.5448482474
3.92131319942
19.8846075544
2.25081407264
4.30430175511
6.16964741119
36.1515698244
4.78389906963
53.2374586047
2.10939476731
5.60094451002
45.9882827044
31.7658779577
18.7967268337
17.6375352435
36.8255123912
14.1957389333
23.294300539
20.6740149068
12.0326394835
17.9306416343
2.80261923504
12.8112049778
2.40143230907
9.68791476707
26.5973682194
9.32520389154
12.4465505484
10.6377356423
8.63463574966
4.85664221725
2.61150654749
13.5837207482
55.7421250753
2.44490430557
10.9198174018
21.7896182917
14.3955553369
47.7813999313
5.69009875929
1.19078608418
23.0745125466
42.2519533471
0.0149642373389
4.87964233131
1.4717652883
4.27997194433
26.4411960569
2.50718708361
8.74517896113
3.1054272097
9.09044850453
59.1006832737
13.6834347805
23.7930607399
9.10719397918
29.6209795023
9.02265092276
1.92632847503
8.95458830987
0.156887194305
2.11850212906
4.13301448493
30.5615566898
10.6803151719
23.0934793651
3.8613156596
26.8307405568
12.1237318297
5.06927432576
23.4038702588
1.16297775271
3.12631188474
2.48316595931
13.0703201917
22.1707330686
40.0747201013
40.2463480298
2.03473360375
0.629596473327
5.9211044927
0.354299889509
60.5242311387
9.91014483413
27.1281536717
6.66906785654
32.1421306274
7.69586435968
5.28851692392
27.40127186
9.75906684641
55.2083775239
4.31737023352
9.00547137497
15.8183540185
21.2394866682
7.58713936178
33.8603679879
2.36662755017
12.075778934
28.6549560879
7.51110049842
10.2321242002
30.1425068653
13.6623020434
11.6397461859
0.0660512143074
10.3807616167
0.682404590792
26.5142865845
20.1246938658
22.2228061164
16.6479474158
26.510586998
0.856511051699
1.38234252546
3.09508798016
14.9555551599
16.9802686806
30.0882966395
5.33429054837
21.281463242
0.329458948143
0.872072084515
12.4806313202
2.2555452618
2.54646968726
7.4907601064
16.5094921283
6.10224964842
24.2373108495
83.3501616839
0.900729244485
4.69289397435
15.9786124075
8.59749357567
4.88144461541
2.90674017695
50.373096503
6.11480194643
10.1022137594
5.56650170768
1.4792489951
20.4012318971
11.0203425032
15.703640766
4.78967567993
15.7666431889
12.2721524107
18.185949693
39.4828748131
25.488937451
23.7171299766
12.9883846883
11.4034966833
14.1425852524
9.59887606241
1.69452038943
15.5700029824
0.646618371961
29.0173463585
1.29311647407
7.520417312
26.9272420817
51.2913966847
77.8677542706
2.22303619955
4.59582540577
5.23493932455
17.2418552877
46.4913547763
34.2389550421
26.275141989
5.27234187049
22.4589241466
0.67884441752
8.01065630505
15.2327251963
8.88632829859
4.66913996056
14.4247786946
17.9914968408
13.4999621312
6.56460776749
14.1610046193
17.6443389373
5.60886413185
18.546381492
2.80259679904
8.8949090421
11.5054685243
2.71389748283
8.54485149781
0.296433045574
21.6547506498
39.9296020478
0.714256939157
16.0723574193
2.22841825328
1.30555980023
10.7080098053
7.00782870316
18.7471888238
0.0253926241505
11.8914138638
6.40900076965
15.3236957606
25.0879145369
16.5847173956
19.9925913481
0.453257648098
19.8358936025
30.9534034048
0.739826381561
20.4139132934
20.4889826497
16.8725240407
44.7247693794
7.51766630795
17.3008519968
18.5969410502
19.2170027851
17.4960890339
2.45599844306
0.727328425973
6.20297063666
19.8210564414
11.8330083436
0.866432449879
2.82675978432
8.86035640663
16.5895986563
1.57316635469
4.40850888423
2.63941556043
25.0348641282
8.51194348668
6.26796984857
0.697345223913
17.9247009479
14.0234699543
12.6389656757
9.33827228919
2.42144251411
21.0082187383
0.214429649194
17.6673177343
2.01841764251
22.6497386866
9.70800492556
6.75075842366
7.35281385316
3.14608779753
8.83754177972
1.96504099004
46.7370818398
4.42097328047
1.27718507315
17.1097708894
7.77923709005
17.4937619807
22.4831740339
2.42245542521
7.47521754167
9.04761948074
1.4187980475
9.04965877956
5.19224132563
58.8846891005
12.1357901256
15.9173663766
0.799172074408
0.833179512789
0.218153627847
34.0638788481
21.4160488743
3.75166058324
12.7856971298
4.13112835327
14.65604059
26.5500654262
8.30030154929
10.7863470227
14.1108426749
4.34462182543
15.0343484633
2.03806329969
0.744497054489
6.03191727165
3.31640811738
40.5143687654
2.5227540942
0.420352086954
16.798830192
2.88469428657
25.9497825692
10.9629045453
