15.2225112248
0.710497329651
24.6815406466
29.404656267
0.0209367462321
2.78217609308
6.93663198707
75.1054912619
4.06772158075
0.268958574908
9.66940947152
1.09107939072
19.8820050141
67.0635825393
5.21735424631
0.598582682144
6.48403119753
2.46454518536
16.7488020812
5.35882980078
0.629914278091
3.21858559227
3.53320056036
21.0832461237
26.9845265408
14.5701097112
15.5290228326
19.8801036706
5.91269849632
10.3410411039
10.4798186466
12.135113732
47.2539407454
25.2768751225
15.0806742606
48.2801303186
6.03563164672
1.67389921129
5.69023497103
8.73169319383
4.23984830206
14.5582456369
3.39824269611
5.81035904906
3.89156256023
19.1682172453
14.0975449489
3.55464811589
12.1971465025
7.29658226729
3.18155331849
5.01246508384
4.85182047489
68.4055340304
4.21800827784
21.3114336358
3.09378039391
1.99521188103
6.67906616305
68.0996880259
34.1048016678
5.47743759238
14.9363575999
4.08444506753
17.2809399214
15.5309824838
34.1687331368
21.6203310502
17.546618957
12.3164463342
4.88530752835
44.1757606625
10.189079246
7.33478455705
24.6007700146
10.1380684598
7.45236495701
47.9347612577
8.91900592524
9.74215137044
7.37486890658
13.7570972793
33.7377252934
19.4443670026
2.76824133409
21.896193487
9.74190960695
2.5016117497
5.2089324351
50.8720880782
17.4081360956
7.86281388838
1.6003667757
0.758759938795
10.2940520796
7.98404737622
15.4721511276
1.29919247916
2.12519802931
13.2655709325
1.97991734004
21.1424258289
6.74612333733
12.851768585
4.6811801842
50.7413561214
12.8278465878
4.21790049606
43.2011576395
24.5790888337
12.1305718517
12.84371663
1.27181006677
16.8176177329
5.7792679115
4.84961512815
21.4372403853
2.0658016637
41.8150761427
4.47617405946
8.84297841241
1.17586985355
0.767772972271
2.66235230016
10.2018445285
2.30668283079
6.48788648271
19.9564287288
0.813243404476
17.1516127311
11.059707081
4.83770288161
5.89738631665
1.42971944903
0.137232861377
18.168607756
5.61460249665
15.2900327394
23.1334457263
2.39413210637
14.9482422968
14.9844491315
13.3849719835
2.57337249435
14.4366048093
19.6804091684
6.74275826549
14.2167722854
10.7022475389
0.669894674407
24.7890417462
5.3698034235
4.20379427907
69.6135777139
3.64664227917
11.7127238976
5.8177219058
1.17084680143
8.26584911733
7.16811566605
14.6903986428
6.40717421782
31.468244404
4.95806086494
40.3380598943
1.10730659601
6.24235720276
13.3811174757
14.5854808307
9.22549710638
0.539792476798
23.661769785
3.0317567404
38.2398153731
3.26618122064
2.55988649628
7.66613158638
5.45953808316
18.1262459243
15.4175445572
13.3743515355
45.7250556527
25.5024783103
14.3209922771
2.10752855833
21.0546921392
2.19403988015
13.6654223105
0.208509689362
2.63257712077
5.25817172207
7.5674653517
3.30693935508
25.6779587921
1.01776618832
8.64411738264
36.5350275546
0.178738497742
2.97793185848
1.86755836219
17.9032295035
20.5256596025
17.4362126719
11.7770308314
59.7270899301
6.01854462738
28.5014037547
1.01106480286
17.2726899088
12.4437384678
5.75187690133
32.4459695406
9.66459616447
9.77661073557
3.17971747645
15.308775689
13.1748034842
18.7427106004
2.09383142259
24.358551792
10.2785222088
7.47138784845
12.1877761756
22.4051192605
38.7053013064
5.0997457183
14.948017739
2.71775327619
3.30732949362
2.50896418621
0.640221551175
21.7742660293
20.8193460283
3.3822235472
3.6332442267
26.123765763
8.09419389777
5.36627266386
37.1385387937
12.5184793976
20.1428705448
1.09744966345
25.9463088912
1.91135900999
17.1436495869
21.2770438268
22.3160294669
2.29675676775
17.7858778428
3.05364158126
11.0077382853
71.0829328206
26.5560506007
8.44908943004
5.84746678323
0.0768763064821
15.258393378
10.6675998819
32.6330106585
8.84373246575
9.6449080232
42.9794934485
22.9979742776
6.3900591448
2.7939195058
7.97791626734
2.74056887637
4.89534567612
5.30860475015
3.7563227671
58.1839522478
3.41048853856
13.1498010634
15.3117785906
9.16932881333
4.35761062602
1.15123217294
4.22933584233
9.41796501349
79.831243232
11.129787394
0.550948170555
15.3815933111
4.73167067253
33.5021221285
2.06316438586
18.567688774
16.7734728657
4.6344395983
17.7774484698
13.3737996504
0.498253399474
36.1358172475
24.1958321517
59.7922955257
15.2007401409
10.3597638503
0.2635844992
33.4422140356
5.06191022687
