11.4514563308
29.6509272441
40.4204521189
68.2759053164
7.12669163227
2.92717104594
3.19455316752
4.95047442984
2.41895778384
8.68354830386
2.91126559589
0.602574482914
25.1009496936
32.2345345061
2.30895657973
5.33122694837
12.1286324337
7.70194094443
11.1610276723
9.70306677844
3.79454094172
24.9626089143
37.1692718422
10.6046414013
26.2858892674
3.69036766048
45.9086368911
15.6896938208
20.7132946426
11.6153465723
0.94046398697
12.5072284157
29.7593140442
11.2458418384
22.3908198373
9.31464792203
7.96765414115
8.41005408704
34.8663152502
9.37995495372
65.3708230329
0.700865462422
6.13080072283
0.892834639797
0.395612336178
5.23835094338
7.01407794454
33.5092099995
2.92747340025
1.97913613332
8.27107568833
0.832910359803
6.57883116282
8.78190764732
12.8988083533
21.4257543735
22.027350145
20.0511166978
42.6684852931
51.6693191522
32.2075977933
8.98918998767
6.58643080103
19.6824043475
13.8652569398
2.79231983267
43.872732474
17.16087573
18.2344324787
26.4437337662
3.77223032351
26.8018854873
23.3339683641
33.6509598566
1.46359378021
4.96019769479
10.4654748493
25.3412891052
13.3417877303
28.9106581091
0.939642344142
8.21264393648
22.159889938
25.9148916405
2.29021814814
2.43461818875
16.8725849634
3.24613443281
52.1567160673
6.94971278506
36.0347932495
11.1911436371
23.566508832
1.40337902329
2.21465286588
71.6552335557
18.0508716649
4.47244937982
1.8755171445
9.85282613725
11.3528678423
1.07236404846
22.8581558997
0.265312738547
11.5447599679
3.08457823891
14.9532833299
9.91733929381
5.92292540979
21.1137799635
13.284448377
11.4827616727
1.07600757231
41.0847804343
63.1995501161
2.10529634361
1.99533083007
0.806576340391
18.7078925733
14.1677477472
20.5694153671
2.77919640107
45.796669662
0.241222130209
9.02737352586
10.7515162528
0.263271508067
6.31664713905
18.8356254682
6.39454430245
22.6422773701
0.443249155485
12.9417892142
33.3916465223
17.7283037798
3.57948456836
3.91136447329
36.3227721725
2.83814059911
24.0697663865
9.4670403977
2.93038800191
20.3787276522
8.11183786656
12.137511197
1.70774186386
6.86335829774
25.8203356884
0.457007276834
1.35890104776
21.022164254
3.61127594572
3.76122169332
4.02821823983
21.5032433306
14.1269581566
9.12067527709
1.35658315009
0.606415005294
2.24032895762
4.30777300009
0.0300393221311
21.0121834787
3.30886160383
9.38110806751
21.243975715
5.13821009895
0.739039262824
3.4816207076
22.3109706271
20.3345975316
13.1197010861
23.8709631518
41.9608234971
19.3037064024
5.26792637244
16.3657968081
0.647662230973
45.1659327349
15.1354731464
6.71715329374
10.4111215107
28.8652134633
1.7548582638
2.04836794701
17.2484161586
12.3535948901
1.18994506529
31.4261641171
70.2550154894
18.8008845365
4.66434004194
18.9361807533
5.98816194377
1.61198429032
17.9114465567
1.58608375263
46.7846261549
0.148629820059
1.04116611968
6.08261725006
29.6172650533
12.4721761603
1.38890956717
16.5939004649
41.1321730212
14.9558625587
9.09044010715
45.3264343623
10.9302394555
3.43313865
21.9815565463
2.33448381444
3.96688822058
11.3401713651
13.6680609879
2.25781185888
11.5809343827
7.10164100157
19.231594407
12.567839719
24.7848446152
22.7118378683
56.4379516661
5.10828281464
7.46819405003
10.0732172737
5.07584563533
5.11551314254
1.58582568145
15.2224577597
1.14004967728
20.0485191418
25.2659663928
6.0538595293
2.00429337069
9.41371219806
60.3766812844
3.01615155549
19.1099837904
9.94065602516
6.34720254506
46.5930260604
1.69194430141
3.68086510718
66.1861222283
1.81571742242
14.4140681954
1.43850495322
17.1611917387
18.1640690544
0.978263899242
7.66452915621
10.875281689
29.1384964718
0.376518239506
13.4329001644
12.4747829428
18.6771148559
9.4900532007
25.3875936461
32.6532284
4.20009647884
9.85823243656
2.64968889946
39.7650991515
10.3421980175
5.15340086305
21.4142379309
16.9336943934
5.60663483703
19.7566963427
3.28367854411
10.9146619716
1.4990530766
1.78506694812
11.9130671165
5.12215559129
7.49532023565
21.2373487498
5.2978080965
14.4166576538
3.45365993989
33.5463100445
45.997512051
27.1292426117
16.7031523799
17.3952165594
2.03403155061
11.4206483791
3.86785554322
4.72688638511
1.20456620325
30.6791272471
3.76093799119
2.46157934598
22.4250138427
13.3631782342
25.3286876575
43.3424808492
