16.4025314564
24.2872428776
2.47545363741
7.43529262047
26.4104327186
4.94369144234
29.2806161612
27.1773479486
4.2258582988
35.2974710921
14.7641348563
25.7714211885
10.4690054941
4.22869700004
15.3683292146
7.45246471815
15.5804467837
37.2763320251
1.346399271
40.2896790385
0.651091164181
2.62190711795
1.79344276335
2.98136908863
16.8185727412
2.79179998394
0.894184386409
26.5310692138
13.9683106682
16.4079312966
33.861785642
0.405245639953
26.855373696
2.58042261858
5.02356872945
27.6662049171
0.057098322201
7.25677339939
32.2809548283
28.1605958593
3.26367528448
24.2674847939
44.343772076
4.4314524131
6.4100796851
44.5849223402
29.6273276865
13.8086128165
3.84945432842
11.2588023567
22.6555949516
17.7956607408
24.3817564532
12.2896755276
2.877494655
1.7898646224
14.6310724242
19.8075984264
10.183706329
2.1186256579
28.0312272038
13.8303981053
1.33288101965
2.1300983008
3.08771793443
12.6155376661
2.76635926399
10.984211214
7.76743899995
3.28796719913
3.24000231963
39.8984626335
0.948136880967
24.2959614026
20.3081022322
7.01123621973
43.1251499754
7.44326254438
12.0239703058
15.3207978662
8.92189409146
12.2506491096
5.25923574086
3.95749164871
49.2974703667
5.56003028539
5.13417877609
44.4234443311
5.82890160281
33.982488554
17.3246392123
21.6528673695
18.6531875807
4.34018589504
10.2616034571
13.4914468433
8.66174050935
5.07674257346
0.44895618291
5.0133424761
26.5174495515
5.91995932318
19.5104471884
20.5093522694
17.9045305587
6.04609250971
0.0718450623211
34.7859783717
2.4830307632
18.5761478356
12.574532779
4.6683090604
15.0574340198
5.56852304784
1.17336530184
8.40627023079
0.235689902267
0.144515773448
5.91748473052
3.04194119818
1.44534674257
4.95682223975
10.2848429492
40.7881122863
5.90943382349
0.51101912789
10.5774040687
6.9511456994
43.5137782692
7.78060798149
14.8814643789
4.39027357605
33.3360570077
16.2597807994
12.525839383
13.0231079687
12.2747639219
1.51153957166
1.79937190925
6.7306649196
3.7839299371
44.1162249408
10.8351292105
1.61584708837
10.7307589348
39.9354836323
50.51689797
3.98281605017
4.73292578525
32.6868351325
31.2317288507
7.8839233589
79.2790862019
9.37099557922
73.1168880466
8.35738040644
12.7136747568
17.4565763607
15.3188042695
17.0249826745
30.844148711
30.5052873749
11.6863411387
16.6427066728
40.6093486003
29.7823011076
15.0349368758
21.9468831142
10.649978634
3.80168930222
2.07048172292
5.51639940672
2.00837049326
0.731253017402
6.57942755783
12.2548149109
14.044872908
7.30316773426
12.4859261498
32.2822142426
4.33151825696
19.8155815316
32.7548026756
7.52344459163
21.9001154516
42.4074871877
13.9773300846
76.0009381123
0.407608577614
4.39584115276
8.36435214881
23.3701709088
2.0677217512
59.1450906646
7.8387284011
33.5394990674
4.09620841697
35.700699392
2.64011175011
8.67924331528
12.0214758448
5.86373858255
9.76843269113
11.7390784568
49.0883872133
3.62317089691
17.5578296291
10.8479931632
18.1697557476
14.9248058579
19.1304920978
9.13136790087
26.4671712848
36.9245479377
2.36646090462
8.37508437684
1.79819825047
6.26450482931
19.0914140403
18.7879935138
8.79785837488
1.86040718518
13.9123066637
13.7509244383
0.66761652645
9.24800419663
23.0524161811
48.4600541863
12.8129285828
17.9382096345
11.2535429212
13.6339919757
17.5163932886
16.8346932298
11.8587644606
21.7063880726
11.1535107808
11.1622720385
13.4737815046
5.70063880941
32.574287762
2.34398808241
0.0579503010342
13.1791284173
21.9622724319
0.591691117358
5.4873577334
4.13828492344
7.00958784885
22.0227210956
13.3211633677
1.68865316404
2.42760451315
12.8559259609
3.91599392162
59.581045737
2.36324649587
26.3224046482
0.0617054382828
2.43529494541
5.25320131578
3.15579400534
22.1504860932
17.2200504129
3.51239073356
9.68186085914
6.02608506283
14.5757949112
6.19669560471
0.935002587699
0.775848384522
1.80446014026
0.466307313258
25.9396619398
13.1423510731
36.3190461427
6.73662289315
8.94635848761
7.69142376467
0.708442531841
60.4357455258
9.15593562111
21.349215357
21.9606369531
6.72316946089
11.1127409501
26.4503345082
12.6280813115
12.0698522006
20.6086519557
1.11233178949
13.8434224618
16.7071535667
24.9521355999
20.1709566709
5.8429145334
7.6355116641
33.209457648
2.27791915418
34.0207168502
