2.65373257475
4.09204892429
3.63180099727
13.1173214
3.70803422409
8.89740983938
0.318905816682
12.4146110812
9.43306568651
6.77203990313
8.65183458436
7.35913853618
55.6768796357
62.4125773481
8.12477535396
22.3686719444
15.5408978423
42.1857849503
36.3515522378
2.79291793203
9.05365692444
11.6544898778
19.6220685355
0.673360565562
50.5966221933
33.5725324027
9.15844014898
10.3040908802
4.32570464538
0.215614553458
9.11063134542
3.62085216228
1.51586241026
16.4064043488
11.1822610486
13.5224882304
22.2268216636
1.00262888311
10.7936900285
10.6489907302
2.86382635872
14.7174021277
6.8628407408
2.02624190045
35.8696890913
9.34973551004
11.7074251775
1.62057693065
1.40104078136
9.17262025281
2.71110110752
18.9995326222
35.8146002455
13.6858853817
45.7369817702
3.13816766284
3.26244344822
5.84233760749
15.6222183266
25.1830303154
5.01567301076
19.1304019764
24.7356923812
23.4020148193
4.13371242545
2.36484452598
5.72498310156
20.3506822489
4.11952359203
1.11242406341
16.8647676128
0.546500218891
6.71735918979
32.4874249551
11.3043968833
1.04444905263
13.209435449
3.04075957511
45.4100145202
24.641789496
2.16936629421
21.5924731309
8.60269784133
27.4078421443
15.4450799515
12.9049025333
2.58036693611
11.6618536654
3.68917867349
39.317960097
6.47773712827
16.8703904956
10.511571464
5.41000427089
23.6911717273
1.92144937558
50.8966656944
1.19836633318
45.3615593349
17.4072792367
2.74237471292
38.3301647936
18.1808589288
5.85294521761
19.6143536767
11.192990994
4.29837580256
4.76915550321
9.33318279529
6.3989165981
11.491954652
2.08962762029
2.91322703734
8.43066103436
12.6517658686
4.45142994224
30.9950315215
6.56400525993
5.45018266215
17.2596394589
9.37159141831
8.47382840623
43.106047249
17.3273394389
63.1854427266
2.67172268079
1.08043784927
2.34445266637
19.7191433037
0.463814032307
17.4503260768
13.1825068371
1.06082095021
6.13060340276
1.73628595541
4.24220157525
8.21463496409
32.6471836813
55.2453660675
30.6835284057
14.0766881655
12.5662680283
21.5926373167
34.089810818
10.3586235904
2.52887515543
11.3713659622
6.43443260955
11.1897935853
18.4386301795
50.5009520314
20.9061605556
1.59699771315
3.11107272552
3.68884363175
35.263265501
4.10166266161
3.87644662656
14.3821107988
13.452442097
9.93688001125
12.5172035053
11.6469655568
78.6700315486
10.2628520974
2.07708711427
19.712385761
0.384697310259
8.83544323494
34.2646493781
1.50953603341
7.0184442695
3.36472533928
3.50706169667
27.8110504931
21.9020371417
45.266315836
19.6595925502
3.02288419468
5.8628469162
36.3508644603
56.5998112948
19.1217546798
9.05609367882
6.13550761449
27.3508722612
7.03194118306
25.1054670008
7.44348877977
16.9736719662
4.65119388585
49.215834002
2.26796860366
6.1814068483
19.9043103458
1.02042515239
27.2212389313
1.47854327797
13.8837348354
5.91741288954
20.9021906534
1.86519739705
22.0117023033
13.9421747491
13.8987483633
28.0011252399
29.9099417325
35.6903565641
21.5145544758
21.9278447702
8.50078691702
2.54007504577
38.7066330783
44.5329832171
5.79387702625
11.2152926559
2.6136130785
24.4685875805
18.2333240432
5.38187266952
0.461404082043
31.7302611637
7.41921676902
47.5794662981
18.9997463695
2.85878330182
2.56452320173
21.1900367224
0.583164502315
0.68895523851
17.7999061497
10.7904982716
4.89599809014
10.4569658879
2.98693147528
5.39342800017
2.34080223561
9.31618293093
40.1726460909
16.9618974222
3.85683813282
8.38958315629
3.51601560862
18.0815745355
6.32686974726
5.10328850444
12.0532599253
2.66977033296
1.5418477468
12.9722244583
2.53915693943
19.9185425309
1.8414306871
43.2585554385
21.6579623499
20.6567247616
56.8883220041
14.552134059
6.45677296252
18.0358362104
1.34916944355
6.68640953409
19.0145453462
12.9733374732
7.02780681777
5.32671692588
5.50273218841
3.5070957625
4.08310514749
1.69639803449
16.3575974052
25.3989249479
9.99802437896
3.05228184309
0.857603084673
5.77514542846
3.81293807464
1.6147912436
14.2120199621
12.4624351683
2.05542006991
12.3360196763
23.6181908278
8.18752107329
1.2860545701
4.93659550067
7.75245649769
4.65067996176
30.240545534
17.4544537053
23.7669790129
18.6097697156
0.160485237302
13.9301261988
3.6789749625
57.0902783703
0.338820724998
2.3000591657
2.59630179681
6.34246829728
