0.315278722926
14.3652981667
16.0117825715
3.01695167367
11.3400548085
1.32960909197
1.85696818173
12.827400094
0.767550635473
11.6622164287
10.2124499822
5.8252944762
45.6804393477
0.475672075779
0.0529102419849
2.94893081648
28.6799347772
27.0876284881
5.18999697373
16.5760156908
10.9491073912
53.1749422802
17.1422904988
17.8930025113
12.6841825921
22.7240828559
64.7613853101
3.04054947904
11.8579323841
2.32325724334
0.725804974461
6.26334476322
12.3840863416
4.24364473843
45.5706466716
6.28823149616
19.1174624535
41.671084173
17.3097816082
22.5584226017
20.9534661643
9.63938227849
2.40812340442
5.45837382625
38.2421440501
66.2849973863
2.16366450537
9.42080599482
57.5641422267
9.79839336534
4.94512394812
6.78557897965
2.79656145075
4.01056885216
0.495533986902
5.04026600752
6.49195984157
13.2365319929
16.3352099544
28.5499351598
30.9705515362
5.63853385584
5.31845344177
8.80459844252
1.32246737091
4.12891302591
4.77922545745
0.384911458327
20.1068413917
13.359333094
22.5710307991
4.08213696885
40.5815074828
7.00846695789
3.16611480944
1.426175816
18.4813765964
11.4026483088
39.7719497696
4.93775103643
6.53093951469
4.67826863935
0.541721974503
8.22135113514
8.00861843492
43.9429516189
17.082924457
2.86841163378
5.96591582206
28.030244085
19.2176145771
34.7325844322
12.7266487624
0.359438841834
10.0627891619
20.6800550177
2.99794935852
14.0860119743
0.0652359854671
5.62621648794
3.52997157011
8.11845106715
10.6046975795
25.7124059689
7.00679903233
1.97667409042
2.62158914836
0.477327141494
18.8378212687
0.0606431880017
34.1285924824
33.5266042103
33.5340743174
0.753728626437
12.6194085908
19.3357171547
39.7799765812
8.79253196191
27.4765162416
9.37617876516
19.6369024987
3.2185921437
8.87002073339
14.5923146811
1.65022684525
6.09839866447
26.7899855956
0.840030693775
6.33191127397
6.14086344101
15.3867298184
7.10571641237
0.923455392153
41.2376101719
11.3027914309
3.46264185668
0.638811403243
9.58808789232
11.6574799749
13.2020783158
9.10800392315
10.6946069637
5.08240051511
17.034447527
9.70817149397
51.8146886793
0.970252870504
58.5673988764
46.6823955357
47.2100841175
3.18839945355
23.8913216633
0.428346388348
24.1129233252
16.1864834694
6.40795168881
16.2366600049
18.3111421017
28.258622184
15.6015751242
10.8019310817
14.7483122255
44.134640575
12.517286407
87.0936350343
5.67344221644
12.9939320328
10.5176138984
18.5678230877
7.88237557384
57.3103617931
14.5072340145
1.59061685304
1.16387629143
27.298143613
14.8561695044
1.05600388479
6.96323938505
14.1316407439
6.75844778388
29.1297887937
10.881376323
7.29692132552
4.20148518889
2.87416427701
11.1523651036
2.48494111657
23.6768712685
3.47611449088
18.9343250197
0.903100938833
46.4130879911
8.66500530534
43.9416440571
15.6716898186
1.06416376093
33.9064308804
6.15613142109
2.57403530178
2.40032639409
14.5558221516
14.0339300241
13.9667567503
1.35551354197
14.2182669033
8.37775335531
36.3872756605
11.1471894878
1.29891675244
2.43048022233
7.99687171101
12.3238845133
9.26863098775
42.7928369855
25.54497585
22.3593478551
12.9308674179
16.732352699
8.79492578923
12.8079917391
3.69650738727
43.364581108
7.4079885684
57.3600219229
24.7025901
28.9091618618
25.3668600996
7.65405847715
16.3686498846
6.38549146733
10.8873246168
4.77519109752
56.2539844473
0.731026161677
49.553062519
1.88424501248
6.56141686691
8.15066442823
1.19918956413
14.393576857
55.4925083853
10.3137097345
10.9178112639
17.2452463413
14.5614716025
25.1036801708
5.54199754395
0.376136502226
8.06355328792
8.12185227415
0.642553502864
44.7588212226
54.8204715655
30.1015709318
35.613466874
0.554848623495
32.72781083
42.6819688417
21.3696394884
7.38186541378
3.79920599706
10.0190096594
8.02780449046
1.30559983367
18.4077473584
6.40403843716
10.5822674961
14.0294177458
9.87399514795
20.5782158127
3.27357822753
9.8676693213
9.11694027844
11.8148019651
4.19584273081
5.99189845612
0.45460567956
26.1227279878
28.0066455434
41.3043948847
37.9337054782
13.9509243723
5.83171023429
0.925381184805
25.0101769186
8.63812451711
0.998517428309
24.0396685531
4.01998676574
2.13561889501
20.1980942675
9.17863172669
12.2577855523
25.3600714242
51.7947144516
13.3312623557
10.7905700258
26.8739297548
2.59726841361
20.0749678932
