1.81764010598
0.89273092463
15.2606238465
52.2268178039
53.2162482014
45.8390105851
1.10578736755
6.73884093876
18.582329041
11.9303543072
5.74222051394
11.9328825907
8.31453422661
9.50234543419
0.297575647369
0.536564536132
2.38159850141
28.057568852
0.0548087237112
10.844903797
12.3345453098
1.85771397554
23.8138613904
31.5307672488
5.81425798208
5.91221967727
9.27120799196
49.0246944676
0.552673338122
2.51239726799
4.04459993494
12.646834514
4.8081612462
2.53818462104
37.8543654744
14.5784923543
13.1510931879
0.628529925198
24.3109335066
1.41268744494
0.743958741045
38.7162798436
6.90714909279
1.63301044443
9.43592089215
5.32563323295
6.15356874208
29.1333372736
0.499529278315
16.5580331674
7.69826976878
38.4501360446
19.399443675
4.96567094044
0.911717732251
2.2176036847
18.9241907256
18.9360755731
10.1496015167
13.6015380186
11.3570983565
30.3740473917
5.03797501614
7.68248781142
24.2554354472
6.92598318588
76.3559671076
36.1032823059
3.62946232117
6.43546693311
26.0441053468
4.30803121912
26.9043568637
1.09909955531
4.30323226307
2.75481383245
39.3030812418
4.04528815097
0.842398320955
11.705296368
0.32532065344
3.09421735063
0.572996592703
21.1509599417
30.9573076042
5.75408224398
39.5599416026
11.5400271359
2.10493908345
32.618646322
17.7687443297
16.8551599156
7.92567347779
69.8248570247
4.80738859409
22.5063646041
4.8285888349
0.330283292582
10.6579506055
2.33958070865
1.1612714713
22.7302103636
4.10278454795
29.4510303743
9.16275415882
19.0559501071
22.5723018906
5.40440316576
16.9512802596
9.62645433597
14.0837373776
8.06669921857
12.6893171568
31.1845808905
6.25630324239
0.951673948866
14.306269148
23.2539512344
15.1424575791
13.2857380304
3.96253672107
18.8059849213
20.8737936639
12.1032323114
19.6653786181
25.2415350592
28.7142215476
48.1590942661
13.39183265
7.3436684534
3.85430986837
11.0105024639
66.1467208915
14.3538011702
12.5368043436
3.89089378339
3.56923980048
5.51242564076
6.4570866216
28.9880405819
35.4034038002
2.95333333542
12.7605555505
7.85348778014
21.1150190714
4.25475684545
2.97565011699
10.1389340109
18.18048323
10.508618395
9.4872498691
8.68334461464
26.0594947654
1.16882763288
38.4032935425
4.36869923377
6.1696023624
49.473938243
12.7476839699
2.9330676614
96.5757913937
13.3941497362
3.96982051226
3.77643816848
54.8331288062
6.15653702717
8.33721932132
10.7430205382
12.7919954964
20.3503088939
26.7030065904
18.2333545779
10.9003958045
7.36509993887
9.4802805308
3.61361003119
2.52940874449
0.226816591205
6.48954746382
11.920517954
11.2739679628
1.32522087299
14.0976146705
30.8009907208
9.69418489307
16.3885802177
15.6223984289
2.55080732893
15.832874653
8.50255242771
0.64837598362
6.0993949466
26.1773794719
40.9518980022
0.0866476085602
15.8257824537
14.4485547583
9.82328194387
14.9221061644
0.998119125138
46.4632784655
1.88317553931
4.89516344199
32.1871056298
2.05233715522
4.66845298584
4.5433002785
13.6256660368
10.4187924078
9.26179260982
7.32885001562
4.26726212749
24.1876576166
16.2493833655
5.30996609934
30.1711354999
23.7669760094
3.36592417887
56.8425828167
1.69512683189
2.52629061498
9.5748403151
26.8992822606
44.2459909453
7.79321418885
12.7233702396
4.68944314389
11.5157407107
10.4803799905
12.5441080096
16.0308954073
3.41832555389
12.7558458065
25.3219571164
17.1979826844
35.1348163243
23.2172713855
15.8067604124
19.6656213483
1.46227451291
21.1896608211
7.44536630664
8.0622106908
5.28143292439
0.828184952328
30.8093331231
4.54987405562
1.51589273687
1.70700355686
44.1834747149
20.1512380516
16.0784020339
21.8109719137
30.6514668126
6.96692281164
11.8731610588
2.80650790218
3.98439543667
10.0084973908
23.7395982727
1.83977997183
11.1631121142
1.89716327101
17.8572813633
9.23680850926
52.2786323856
13.2837989469
31.2404925548
16.4938445344
23.6639836868
0.907816004812
9.87732682312
0.20157533231
23.5964039016
3.51368153464
0.0823996736841
0.353835409255
2.87368762237
70.6023324736
11.6922002656
18.0444835608
7.37156729715
6.68035453015
50.8324308316
8.43136370404
10.7292611334
0.980843373211
7.35121729608
11.8049052694
26.6668731352
1.85734212296
7.51611959897
5.54115317137
6.88909863982
0.562922604808
44.2678889727
18.3493788567
18.5548026655
24.5916624031
1.27491373978
