9.29396670859
3.3303309694
16.4547614609
6.01922103946
14.4443165942
8.38661082218
66.3869674119
23.6215878847
13.6950059955
24.9544105787
16.2883325747
3.62022223191
54.9826546453
8.50136714171
1.78920581447
3.07830251275
6.60492919706
32.6910555485
9.35919192512
3.55790093021
1.17912459084
0.349723352632
5.12151969681
1.50514967478
8.00680592211
11.0815053038
18.4574901607
21.5000164337
22.2829593513
12.9288631662
2.09759528446
5.8930035035
65.1698608227
6.08725077353
46.1598756634
6.27275707355
4.64117863693
2.14660642122
28.3828218565
10.3189761302
24.8670308677
17.0501391652
32.0144403108
28.8095120584
8.55652706262
7.97611407486
2.22418506153
9.18404425788
32.5901105074
12.007355126
20.1941012595
24.1162585691
8.31054280166
13.1601159087
54.678429855
52.4686579531
8.15789163932
2.10922660882
48.0996858445
2.43929132018
9.6814576523
0.177224077555
41.2609096703
4.88131004599
43.1727439418
54.1716145551
33.1618410921
43.2613883581
16.9544207163
16.3469366631
12.6868574384
2.13769285101
21.5390795841
4.15328245937
23.0280346577
1.93660144217
27.8120599598
7.84402654699
3.35966702742
38.1023326512
13.7083663716
11.9948402556
6.82233275272
8.17286825843
23.4507775669
2.05672534681
4.44385117499
9.1549762753
8.99691097207
40.3574556059
2.13905464808
7.22069183078
11.2397277822
29.0132765018
35.1383070932
25.0504876803
16.8022069503
1.87758927779
3.24026450758
15.6886023631
0.228961393142
11.2819630376
15.2329378904
13.973182475
61.5233797897
5.70345255946
17.5426458126
2.95371043772
44.7844801284
22.1979761606
49.2266041621
47.1868893684
19.3899368394
2.78945120529
7.19547424213
5.22420675599
4.89679964576
23.2346914768
15.7466931685
30.9374714407
20.5777962522
6.37008124381
5.66848641686
28.1042362933
20.3298705885
18.2782297125
7.11358638042
28.6593395163
17.674218458
4.9165425198
37.6806523444
13.9942536439
0.691180949746
19.6669657764
3.10050857977
12.7532635001
21.6115984489
38.2764707061
37.442859883
1.63148585338
19.9518746956
36.2718411597
6.67979038552
0.801767989477
25.6576860525
12.186662898
9.73726493261
12.2885506741
10.3216879227
7.75232029317
23.443364193
25.7379124142
34.778184524
0.073064401171
30.8033631902
34.8882145963
1.61558715084
1.15304266648
12.397353922
14.7553307032
20.7506980377
64.6317882864
26.4591066455
24.8260349405
13.9451454875
32.704304052
11.6334300981
1.54413734292
8.71699583772
27.1950628974
1.95163724111
6.32937370657
21.3408176701
2.33272436633
27.224281959
1.98337613531
1.46558711877
27.971885251
24.529893246
11.5147894501
6.41841457125
4.06190849555
7.01521429696
4.96480544469
9.16586953254
21.1740431102
16.75681914
54.3783502805
25.4796498161
14.8037074016
5.0941296457
28.6621607593
34.1471681778
0.0933790490623
4.94422300975
25.9324678948
43.2115924432
26.8606595902
9.30401343785
23.5673839022
11.1774212253
13.4906375784
31.812889404
5.65071887923
8.52965674872
5.45202331641
10.8460778677
22.8048510339
8.90660026064
1.9153983692
32.798514427
0.901182974823
11.5975751799
16.3199805522
30.7926093282
4.7458434311
7.41184856949
19.4015499643
14.5704881178
3.77325201412
9.4685998082
3.15913933154
22.8941992786
7.74536222555
4.46855423597
14.444488029
20.1178564974
8.59263617144
8.58366537618
12.6130034516
21.1626535397
25.5639345545
21.0601766498
8.47448420365
17.1494513952
10.5887536896
6.67113839517
13.2382624619
39.8505114084
3.88616142805
8.7108617206
9.03358402351
21.6187370426
8.44955022877
5.59774634878
7.02386148728
23.5324859556
0.74910860043
29.5710579751
23.769432023
12.3731025003
14.6831227488
3.47099652624
25.4589167733
42.0291863505
47.7135335115
5.79448743805
6.51544302805
3.48553358174
27.0536796349
16.5773149394
4.12313363992
3.73321218037
7.51056008391
11.3088753785
12.0896084523
16.8042903317
1.57845344537
4.27624299634
4.74301709967
12.5081190046
6.30948199934
0.219794995756
6.38666327814
39.2456262089
13.8261750912
27.8851256352
14.0964524604
12.7553524959
38.0382200458
2.57568323805
22.9003963566
10.7314186663
2.22898344344
36.0206663331
10.4319128862
26.7892475134
4.90305175565
0.196625845287
37.9837347474
9.7265650595
1.80216195081
10.9683530341
9.06503610641
23.2907605837
34.1762052094
9.35720620051
2.23234456872
14.7302701626
0.61885577194
