12.3766991441
23.2729682743
3.6866941228
4.31575169
1.86976455919
2.35149020008
6.88871841079
12.1518475175
8.02092956665
21.8886304611
49.6077310281
9.8535270019
41.8413070277
4.71952664154
4.52653637056
13.5833192096
3.13098768379
5.696268583
10.8779789841
5.10274283509
2.53320008192
18.3864752513
3.24299659679
14.9955249098
17.7082813237
3.64118022841
17.1998298713
27.1443328773
0.473540917672
5.33290959077
28.8067781783
48.6275174816
0.0117947146163
11.1689257341
5.68483254342
8.37467817899
6.70812641272
17.0693567565
50.2260502248
12.6434033687
0.196304694229
7.29804102645
2.76846548452
5.49443128078
37.8700985097
17.9437860975
1.38305104016
51.3745182166
4.86921836401
12.3365761015
0.214040456542
1.65972082876
5.18777148462
1.33018254021
18.0168786845
1.52738821759
13.7607142421
7.24028801817
17.1683468246
21.1584130958
33.4495847072
83.6948163713
10.997617366
45.5486863258
8.50246837764
45.5001010898
12.3209969605
1.66221343967
13.1259067917
0.744391282974
12.5298722205
21.1646226929
1.0433745949
38.252256546
0.324135524757
34.8896631213
12.2883678492
28.5415198637
0.581135987124
0.560000404557
5.87945336011
25.3372902111
29.9023514181
0.362524582389
17.9535160737
36.3562638511
8.99484965566
31.6107654647
17.6241575343
0.768090330141
62.7828781182
35.5615864238
2.9298311077
1.44424922419
9.64038543434
47.0586891252
8.89280690303
6.49944550054
10.5608866273
0.104440630144
7.25599257673
18.2355723072
5.66177136993
17.1894313474
0.929713460053
8.4418693639
9.65485917337
1.1097278436
4.33933811605
3.66834720356
51.7178248873
3.43803029715
0.0215458299414
17.5839946044
5.0136944775
8.8286827769
44.1615762824
28.2377802015
1.16149836814
12.7553757714
62.3636549538
10.7631819136
24.8591850672
7.61897962218
0.289354217822
3.11300665677
15.4513536502
11.5278547688
26.3576672432
26.8862261612
6.30298949879
32.5119778268
34.2792305989
27.804925631
11.7400463
24.2605973052
18.1926632847
0.378862036657
5.48615242924
3.87199267062
0.363136597038
7.13519913068
4.9762366572
16.579206628
8.42057092298
47.5328829797
0.617613431783
2.59618907233
22.4047605387
0.333634892643
29.8700472658
21.92068297
2.04561393812
6.68114443968
7.41374790003
21.9473525304
24.7052852338
0.0604240278668
6.59388891284
38.5487111477
10.3165009221
7.13595369103
7.03773681685
31.1943465253
1.14660045168
7.64208879596
28.3260547803
35.160434596
11.5036151249
15.1700357305
19.2184173217
16.9718632523
11.7060589617
1.89593685774
1.94616745317
19.0981272902
20.5681887879
20.1208445273
6.77056677126
1.04283846229
42.8598124457
30.0026609559
67.6269547513
28.1402391091
89.3155910225
15.5619348357
3.63334716027
10.1585809075
5.97712427486
26.7582058929
20.1324985464
46.0524185621
16.2606506158
9.3543610791
11.772139686
4.85616316407
3.64926925816
17.9069236796
21.477950789
3.4132142218
9.56164452546
5.3368246866
1.41757888949
18.7656109164
50.1162600551
15.070642445
10.297937272
14.1684522829
2.71844877546
97.8363351315
9.70301052325
4.00913910094
14.7281680611
1.50577502059
17.0956900367
18.5896264617
1.9849145202
6.18961589272
22.9027048865
46.1267137317
9.42405661385
53.7491838761
4.75671628321
21.6046145974
2.81950270085
8.27757684767
47.1398222084
22.9843022442
3.0953755817
9.90808762189
1.0082270862
4.03041929886
3.4541823283
28.5010302839
24.1788117012
11.6152701945
11.7457396017
11.1919472603
76.4898091135
17.0177215974
20.7493050448
4.31424155107
5.34190374741
54.2544063043
30.4692368414
34.5269150505
17.252404639
3.79827551383
33.9063340813
6.02792680457
24.1437003002
9.45746754522
11.3540201565
17.3631190235
19.5612524999
9.61529145825
49.3696118953
77.7371382034
6.14768592105
5.14703687142
1.88792622091
0.23488167431
4.46562587561
10.4438456141
10.0751463331
0.634092222128
0.726222253087
6.87629394312
0.435625578795
48.3706874337
20.3237070199
6.98721792601
3.90082669426
10.8695260211
20.2355628875
4.88494705431
20.1065035349
1.85781505192
28.6935371782
17.3631074503
14.0914800608
5.3345158527
3.17364659189
25.4678758746
37.8329579854
14.1316503684
8.08039241255
4.95240729366
3.48383678192
15.9456011905
2.03914293095
2.27644267517
0.765785091312
23.993198512
41.9737937852
10.5682071072
31.0782221673
3.65349601109
8.28839620965
4.07769409973
