15.8551784801
11.9425800829
0.896671641066
21.941812047
6.53816424257
12.5263997515
14.9110212062
7.97319548176
1.59412253988
12.3544643
52.9398922404
21.545623243
1.28201019165
2.09346288723
17.5116210654
18.8733502928
1.64216059684
8.32341373372
7.41941940934
3.47153491848
19.2223644458
20.4900979016
8.97498802866
18.1324510904
1.54845258444
11.533767475
40.964519086
1.15572607418
11.0446179181
0.786404182341
11.0357533461
4.42279397926
7.96020116321
6.87919139878
32.3634930015
6.58324931794
9.81576125107
31.3904423286
1.65233665453
9.16008917825
18.1499647486
1.89889622749
0.147619744745
40.8743372254
16.7891910312
1.56836650724
4.83012673714
4.2088334836
7.54003026302
3.33435354348
31.1920755456
4.88772177776
61.4892628019
3.85223980772
23.1074653193
1.58096847097
8.37424743975
25.6093669669
16.6417241898
36.9833787633
1.03444066149
1.41032488754
0.515035439987
12.0027686851
5.48748368501
10.1582114767
23.0720909905
12.6390069577
6.65254179758
7.51225726512
13.4167897266
31.727880193
1.97649453239
25.6643867277
1.08705639451
51.6913968982
77.1969141419
7.04004360831
18.5594136163
7.01633565023
20.0072505878
27.0867957817
63.1595699133
4.53915564082
29.2543554676
15.8585106269
18.2481248402
9.39825577871
31.2312691594
2.06238102116
19.0529886903
23.0781330725
4.944234002
1.45804374738
8.54394323181
14.922294056
26.6049884808
30.8228959062
4.89128635586
73.0005933503
20.0492968181
28.2736540237
0.511531414002
13.5295739884
8.18271669479
16.2333630461
9.96308633378
3.835473458
47.6101258763
13.125919317
31.9913597729
22.8035638286
5.63758984878
3.547403631
8.03181248378
35.71954824
28.8250170329
24.5293261944
12.8355753181
6.42118658994
9.18616465848
10.9343921768
3.7185207745
6.69213190496
21.9192609306
61.3225121131
14.8169821266
28.8824029952
11.1746735675
14.6062834127
18.0767937457
12.4375293773
0.051357063612
29.8576937131
27.3829710289
6.31908476598
0.128346087184
17.0510034761
1.28099187289
25.0461283396
14.3753586202
7.17556932917
24.3715268422
2.84803221248
9.30013440365
24.0740868481
10.1294030643
9.39724924325
22.9331598858
3.77227356686
3.78512064515
16.165284029
0.781157206359
29.6284827537
6.3021542368
6.93465727437
23.0119150837
15.7236166591
29.384570511
6.43510422247
20.7114435427
6.82591364901
1.94602177983
22.2725882403
21.0478770388
44.7326741964
6.00344753882
17.7804348906
27.3124928298
10.5291643999
12.9161656732
6.83095164936
7.71191998172
5.511437051
60.1451486927
18.3834563834
6.36957266417
5.49605498909
21.7533176341
12.1706671423
7.50743769667
32.1670699815
16.8579303976
7.15668171757
10.5286577483
2.31667415446
10.990024105
18.5555793679
38.299049079
6.78127638737
26.7197029736
0.654883099904
22.4470346462
22.4565052582
11.0605626081
5.57284758558
5.90705532231
4.01064467953
4.4747262215
0.233510679912
65.7456653609
6.04545412655
4.34127090299
12.9871357388
9.16342191354
3.70055850241
3.73721434907
2.65089102342
5.9901712656
1.98347329523
3.45135372157
10.4802058707
12.1423328839
8.36914840766
12.6705930271
5.53967786109
11.140290777
15.2263392506
1.27470809137
0.426387749933
6.7047412179
9.87775513462
8.21187714256
29.8456249825
16.1849812854
1.75762131048
15.3076278162
11.3922181117
18.12680948
7.69937422707
0.945883254774
26.720091949
18.9831628063
1.77602444154
15.2622315382
5.65959704479
24.5977479764
2.23954446373
22.8367185606
14.9226428472
7.34452280437
12.8902012004
49.764220565
26.9184625039
9.00739933223
2.76683377784
10.4294835652
25.1878982427
0.867803917393
13.0482175658
39.3147224137
11.8044751303
4.29874398522
36.4566328873
18.0026368306
5.74193146639
7.17898954737
30.3536611024
32.3694753687
0.602937692476
15.4810127871
52.9986040017
20.6911602626
22.3845588879
18.1219688385
1.38901826312
9.50222978866
11.912556642
9.43718367152
33.7316213074
0.549451558649
8.61198742164
8.36242472319
15.3575872707
5.08588630863
31.3150095465
23.4274460091
4.24966746114
18.9143568852
13.9604639744
48.3205611199
32.4973361281
13.4074090983
5.08551395948
58.2457596254
0.909730168516
3.2615959805
8.74484654627
7.78559171094
26.4477761518
12.6630467755
16.1864959405
2.96570880622
11.233609593
20.3015517676
1.85978289044
14.4012920671
4.22160308863
7.99414788655
8.79996691482
