2.14941679588
6.94466183244
2.79469319882
1.93896675984
6.39788690809
0.52816424475
4.06082385811
7.26114985509
2.27552051428
41.1203449299
17.8854122947
4.9295393406
17.5301393122
18.9799867745
17.3529416595
53.199731037
11.5897298845
0.817433890032
0.639250010503
6.24851781132
8.03016760643
28.3225289959
4.02872626549
1.79645222979
15.1879466146
3.07064418216
46.5052321424
11.1403465137
8.57824187252
52.6308556956
96.6336953609
15.8328787198
5.50744785351
5.48013043153
0.823367285518
0.568460937422
19.7923925856
13.8883048999
7.1065526014
1.60214081052
0.29033732348
25.9040411588
12.0031638923
19.0930019964
10.0797055103
22.8298457465
13.2226343821
7.52275149267
26.0689247362
4.42729740338
1.54923079488
0.279856586355
20.2430937186
15.3292593965
2.39014843301
9.52431950912
4.6159460919
2.92102217678
2.26311037774
9.7803678785
32.3861096352
11.9564350786
12.689589672
4.84624167851
19.0748357266
7.19037627432
3.76007078322
1.34185176581
16.7884931305
39.430340277
2.06635998337
4.80824787445
3.70494970937
2.68284366044
1.19624607907
47.1439583307
0.367109921204
10.9955236587
7.96529360219
1.55203950616
8.80365701309
12.7374629553
18.0139222656
8.83131283819
17.8716606988
1.42073311798
53.5220810469
4.40165704752
23.3462414051
15.3086856118
15.398070804
24.1064937741
13.4900005491
2.83508397115
6.34683805701
26.77749814
0.658222545381
1.60338148805
4.25337671167
1.89257084413
1.29769850128
5.77948251878
9.7768655983
6.26836129246
26.439201231
5.19911047471
14.1971212858
10.4767734215
12.3203731276
12.3924715701
8.14737858913
6.48782971129
13.682178605
19.3681189049
0.245985210694
5.02181243193
15.0944683066
14.4607468003
7.64423559428
10.433464804
26.7997873782
6.7338541287
17.9740410446
3.65435572057
5.64752445031
3.73128297011
7.09638471683
0.885838957786
7.80425514835
6.98203011384
6.13388585851
10.7606430697
13.3897745278
0.0389020318794
19.545617126
20.067888121
5.23054686888
8.53225744159
10.3997530003
13.9728094681
26.7319381197
11.9402638653
0.00991196251456
9.01748390411
8.86983655321
21.1931803446
15.9336367081
24.7495045086
5.11680454896
6.25803935651
30.9999450952
6.77072477229
2.58421784655
9.16241751275
2.70517788298
9.15101917763
18.5822599304
4.9455909256
11.0927579968
1.32140137315
104.02469853
20.7815415121
8.0505154207
7.66865032585
5.8208349761
39.4447607735
4.4813273878
0.161009853825
3.6172981728
15.94093705
1.40220959909
11.2165353458
7.69399886823
6.88316556912
9.34557545645
7.19238769711
4.76419859383
50.4071663661
35.7072332825
23.8933928295
0.56535846591
10.3343631392
29.3819186237
7.52765309068
25.0915115812
20.4216976864
7.56827350849
8.81542524511
13.1427774597
3.50611809201
4.16722088692
44.1547180025
34.7065135671
12.5971692468
9.21482838017
27.2672403731
52.4690121044
3.33850060433
19.4997006686
4.02155631283
1.38661809433
20.3664320204
0.195869788404
12.2538972835
5.28205543385
11.6331003332
5.4469485301
1.5288655216
23.8754790128
20.2256325778
15.5017273139
82.6685972627
27.7163177009
14.1667530603
1.63708567002
0.647892107788
43.0989375225
20.3858817073
7.86208442666
32.2657705433
0.121505583224
31.172359316
5.28199225694
24.8737106184
40.4119311798
5.40612850346
12.3287478048
2.16727133999
2.85675223196
3.45775076135
18.6720813993
26.5459778959
0.921188187225
12.4985166635
4.03542270139
4.24353465308
45.3433157819
1.05178540909
15.5560287169
28.4426927489
21.9467525784
13.4274064999
17.7918911158
9.62743922675
22.9729407832
32.9808679972
0.351236569576
23.9571524572
5.75394156679
1.51864067701
0.0541477099637
8.70669623818
15.5867418427
6.90417912539
5.96768624306
12.9871164871
29.4580877375
18.9370246375
3.47601617303
3.74847277155
11.7669749049
12.9419914932
8.74078554803
8.54536127954
1.24422174961
13.0944195234
9.47595067063
11.3039053407
4.31296124719
7.17954013938
48.5454903673
2.33018788494
12.5332387322
0.530121743256
54.7159755707
3.25743322899
40.6515267942
17.0845951141
0.587834864974
0.923358928835
60.2166351434
26.7654653974
35.4494466418
57.7964394761
5.45642576208
5.08818882003
34.8403745526
17.4696297766
7.56385288807
12.3396777635
68.8167966855
12.5721176544
1.50026647058
8.10800598338
11.7139957149
0.802116447722
4.40654813219
3.41195158192
6.1637389246
1.58689280632
