2.70186065784
5.53320644855
3.16054041586
2.63680597218
1.37267755988
8.90086438863
8.58422816888
0.90719853679
4.32913643123
25.9408878701
15.5558964209
11.7008719423
9.36176946735
55.1019051337
2.9333871436
29.9272386661
73.9484626808
27.129740098
11.8444942463
31.6734141013
28.4867583569
12.7756143333
84.8687292716
66.9795418061
32.5957856166
9.90897391945
3.11979710294
11.2549772448
2.45279340685
14.0647012245
42.5306668064
5.8553484859
25.9884180916
36.4717798763
19.407475307
36.9886522468
7.32812501508
27.8783338483
3.94921748498
10.2080726062
3.0852565941
5.20744438846
51.950563639
26.9649430789
11.762972981
23.6169205056
19.5568839197
13.8285496852
6.93059570354
0.417910121661
8.97542351514
5.61560483607
31.9645698464
8.32535737539
7.84998132122
4.70894617366
21.7418566695
51.1056856599
4.98015594295
44.8596295028
43.9008669613
45.2777490532
6.1523718779
57.9957935172
33.0515664294
6.27421406777
3.01108820355
0.738642245462
4.83530592791
49.4874870395
36.5819099793
14.2779842014
39.8309718853
8.20549874348
11.0129760453
36.190783495
15.3688071964
22.5534680958
35.1509162132
0.0334772297932
21.1676308886
18.4838936063
12.3944401571
2.69562913739
19.0670595299
19.2604392942
31.5380222369
7.91881972823
8.0709820261
1.93061432837
0.474613281838
2.36948606203
7.77371589447
19.5303326292
19.5864302805
3.68426114505
12.9630293705
27.1932428596
13.4856660543
4.24403548403
25.2878630982
14.7666105837
13.6492554925
9.02978496778
1.52591918894
23.1468622431
2.47200843768
4.68037143893
1.82621750916
4.60451594382
11.3838042033
0.855753841481
9.62249044395
13.1409747394
0.116037919556
24.748614424
4.96046511624
10.0529536668
25.0773131699
33.7232227981
7.43207013385
18.8014770104
3.43922998048
16.1083701481
19.3936741167
2.98169974336
13.4211056791
0.0535126135773
5.50973992592
34.5396207677
21.4312263786
4.07647843393
26.563198697
20.4204285836
10.8145709142
3.79365892682
40.8163162338
2.67432244562
2.06832925465
8.6896256349
7.03566675352
14.6396333642
21.373222858
23.7602913644
7.77386383829
3.99870237746
27.4910347479
8.70075582267
20.3698254086
10.2462824472
1.7374195711
41.8411975213
0.333360439457
4.59847332668
0.908126675415
5.23803354228
12.3486512489
11.9786315662
1.44438332094
1.02136656804
3.72842725138
43.9587448679
69.4415068919
38.9246740182
20.5704872018
8.95537301585
8.12330514745
1.29756286331
3.44852241032
23.7365600123
4.63164580946
30.1765954792
18.7235327157
10.431485373
17.1442522146
8.81132455965
9.65404208382
5.84238572376
17.2049557033
11.6631299674
20.6073953456
0.216903604642
23.8066473724
29.1289044133
1.68191264422
15.7622054801
13.3905515816
16.2700169897
11.1661863282
24.8445230055
23.9440050199
8.35666927392
7.84402198178
21.1994875911
7.90539091181
13.7363686149
15.4789256284
18.3054026528
9.7248090775
6.84771225175
3.73066762677
17.6075256248
5.92996423759
21.9908329449
12.1747583543
34.5598475808
5.42000498239
4.70722082871
7.40835565867
4.42431959152
1.8343731773
20.0397836824
15.5374156564
48.8124711919
48.3580222242
0.0356476453995
0.379182145959
21.5086573028
47.3936903318
3.85768988336
2.88410546654
3.68024510821
7.77090451673
1.80679207659
6.77009382039
17.6427456227
3.15735329028
70.4297395738
3.65971604621
5.53808289864
6.67556547549
7.13616160689
15.3014588693
2.7791879638
8.42497610657
11.3467935533
0.757767045497
0.691740690997
23.0607796661
11.7403066415
5.86638442296
67.8986823004
23.3866961539
41.6457587427
6.39834516474
1.00816446404
25.358704363
0.987708297951
17.2928653904
23.5589938862
2.17699183506
7.08672042194
9.9186480666
24.9926903259
11.1983798167
12.1760793315
22.9172948924
1.86029616251
20.9205477583
18.0333649142
37.041721599
9.42589085665
4.10517217081
7.12027922103
6.66359603655
17.1609005505
8.53116935743
1.92277057251
12.5338284414
9.15360091871
0.830045894558
0.258090954758
12.6738906726
36.6251017623
20.4985903425
63.9134354422
13.5061054078
3.11169728254
1.62552807202
11.8645805834
5.77820044612
7.62196885474
18.3474600678
10.1907388584
13.0724597907
7.6978729285
35.1481603899
16.7090457729
19.7937491167
0.0161540242413
23.7810819521
55.5210500963
1.22855667402
5.06618060176
9.17526840534
20.9053320279
16.142090754
0.335354827946
61.3551047632
15.3133364304
