21.3100441777
5.88286342615
0.615127773331
14.0013605621
2.76878479131
4.53656782102
2.07492075943
2.85860521095
40.7267095433
5.67937067138
6.46125197057
6.47323454238
30.2725446405
4.74744823707
6.356772389
8.9378882951
7.46206644332
3.60279352626
2.61121496485
10.6047067931
8.67460595936
15.5358144662
2.90981756672
41.2753620349
1.3794403284
1.07425320325
14.1193566039
2.56269425405
6.39457775471
3.03120032963
0.180621160222
19.3135335226
11.055658247
45.1822080021
10.5671110475
31.9445746053
13.4257809595
0.971376324569
7.72592911641
14.1496417595
11.6533100411
1.15721000473
1.01899929908
35.9492566486
28.6551719272
29.5994909262
5.72213097087
9.81671616068
20.3346730282
37.3977555
24.1290783961
14.6858699824
40.9232358049
20.7852499596
2.80382681514
46.6977683901
13.0960386022
10.1787884947
5.12359695196
8.8015792972
52.1782254366
48.9516874958
25.0183711837
5.1109328164
40.3280941486
11.8222840693
14.793069882
5.28740904951
5.06078123215
4.23777695291
12.6199363857
44.9011875426
5.5915936255
2.48730888354
15.9503861723
0.044456196209
58.3563221689
24.0901232823
12.7249771541
22.1522521546
26.6730558712
9.0030995817
44.6343411569
38.0651656482
5.22095651605
0.855859834812
20.2074527411
6.47128497605
7.90652174432
15.6162840872
11.7476851111
1.29638928324
18.6646057477
17.2647160191
33.063878949
12.451703305
10.5783949482
3.69465172342
37.6265091939
7.86102257776
1.36560891757
2.43152808177
25.3285554827
31.2067454359
6.51947021514
15.5802818338
26.6220766218
17.4893363437
15.5260740311
13.4595404491
20.149121137
1.63673919413
6.83294046388
4.66482040661
8.21193550221
39.1882305218
16.7454557971
12.6358808043
0.742290573107
7.96252990319
18.9666807065
9.86389817997
27.0529198292
3.66381457365
31.3377079494
1.69220939769
14.2609433237
5.6606933642
22.9516544939
6.79931045154
13.8725250848
2.04899512237
13.189184395
1.2648437831
9.3497591913
35.520336947
1.78612419023
32.2395087819
2.68488733526
2.71770772378
4.34470568185
9.05403834396
1.11620372809
13.7867361638
16.676846774
13.2714646631
0.845624345669
10.5188721664
5.41063110424
24.199318014
19.5758010433
11.5250533598
0.256568057045
2.15043954115
5.22747414573
8.96935963458
12.8739615505
0.322169512003
16.710875138
7.29851926826
27.0632008422
5.2059740466
1.29948894147
7.84116364085
44.6281609274
8.76531513625
12.5138657632
35.4549433737
15.4501792091
5.87718392435
10.9476344674
45.7828964254
4.17237528567
6.85460718234
21.2151831194
4.68006875402
9.51906381536
50.0845361869
10.1110121136
64.3093606203
73.7277942411
9.70408686572
54.4072708211
1.35268732551
26.3888794776
12.5437135336
34.2635562105
1.47337513071
8.37488893171
21.2408319869
17.6558637073
5.31866662677
3.63217929032
1.83884244399
51.1961893744
10.4428074289
13.6124973803
1.31485498412
0.856665865677
16.7609597887
4.52026798982
6.06706306789
1.13072379128
2.57156442842
15.4381078064
1.54446666032
23.9599524009
0.717566614619
30.5290436768
27.1785371711
14.8378077816
0.462687553925
16.0784622159
25.0022998153
14.9313871383
1.57776471049
5.46859298471
4.41530090421
2.15147649311
3.09347752363
3.08931069379
11.5064515835
20.5651128892
2.80567069674
32.3937363823
19.3804019148
11.5636225547
6.68017794657
10.3025358208
60.271651733
28.8809520009
12.2990201728
11.8591355977
0.182461936051
22.1641848709
23.410213871
6.29252738415
33.7061472814
33.1205328489
14.0786013552
12.4937121857
12.4569778699
39.3731016289
12.4480411743
11.9477243713
12.4563683027
10.7912056953
27.187188402
15.2520843078
1.37894229175
2.17039237213
9.74370996214
7.36742921553
3.62322645741
13.7439790152
3.70822259082
5.36975019829
11.1736047859
36.5131157973
7.02462429059
2.77643465777
18.0757052333
3.00010047324
4.22428732569
10.6648357175
17.4565774716
1.17558034048
23.209907083
10.7648189609
22.0065370031
21.0184416823
5.5070735098
18.5955552741
11.9542747418
54.6933768394
0.310048331422
17.9297037288
0.631602272757
1.83471712336
6.33058996666
0.780744179015
26.1010099999
38.5122756167
9.91406491247
23.5076409413
1.93624947397
3.26776206725
2.53601608417
23.1370881526
14.0170506468
12.0782019352
10.4962422736
3.4890448399
23.9469116779
12.9355552851
9.58341913589
15.0162061791
7.94944050984
3.74357868366
4.69276918714
