3.41491013695
17.8548597455
33.2885422214
5.12648479213
23.5252463352
20.7600677478
2.58572881078
11.6133359276
4.87233826192
46.8903427948
1.42657294086
33.8976666737
49.7596526576
21.246038106
3.07574775949
11.6182899769
6.07077307593
43.9525342685
8.2646983288
23.0561932365
2.06544757932
11.2388585218
0.49817230364
10.7813337238
7.38580539112
19.3807833083
9.58289402224
1.05715094708
3.09681776636
6.03869553527
1.03230336692
18.051249381
15.4810538945
23.9966654364
10.8212598742
0.270149716313
38.3284770549
0.871139710718
4.55344843849
42.5449472496
2.51913368886
20.9891138539
11.6201463084
8.16645392935
7.52770156879
19.5263192268
21.7661722491
0.8566703475
18.7467140344
11.4548260529
2.94250080414
9.9202079729
4.77705499871
22.0815516101
13.4464817668
12.6378463371
29.2252743148
2.06863067435
5.56983917155
13.1117640595
8.31283127123
3.08715454305
12.0820938088
29.8147241786
5.32087099699
5.61401468138
9.78776725815
23.2686098104
47.1625298615
0.463947631559
15.6641369519
14.1469323205
13.8015550933
9.15961425707
48.9319778883
9.40236838561
5.05273279429
10.9015744616
1.89141506493
2.77349653495
10.7356109309
7.71489660724
8.68723514225
13.3213770015
18.7419703538
5.06623926532
0.206080163924
3.42847689538
26.1253543718
5.09821792744
1.23022933351
1.89674053326
8.70991412003
7.07124133533
25.2856523031
36.0297380914
45.6922461952
1.74697718714
54.3896630531
12.1301608687
4.66745538127
1.91722311215
24.242741904
19.167068349
33.6327736416
10.7893942736
6.15457771837
9.48257901954
6.45709738205
26.2537462439
28.7215678961
13.6209412938
1.27425435749
8.77420631826
4.54527692606
11.0418610904
7.84784359614
26.9416253562
21.7118807059
2.01904436585
3.29806798089
11.1963368605
1.23207849856
2.47357805957
26.5962937752
18.7103713812
14.2883628091
7.71467613401
0.671969562807
3.23543771395
35.3648508332
14.4482195133
5.67333132914
27.2220342069
20.1288084465
15.0403040306
39.1596747475
7.23776478509
57.8846311618
4.2979552007
28.8134339962
2.32174356193
6.37196171874
11.2415384752
0.746588730922
12.9536222131
29.389482102
4.21945578153
14.5891351912
14.4367590557
5.9296284629
3.60587032673
22.43111796
0.699538211819
2.40948554196
3.21549233979
8.21729439181
23.1217780915
19.5153995335
36.0351488154
8.37933706323
48.4775630482
14.4945012922
29.3961342355
35.2484628411
70.9107736761
2.99781690181
8.83865914129
9.26840384556
72.0319470696
52.2763307348
20.394701684
1.54474297519
0.559690383488
3.08756437423
53.1891970244
16.7361573042
7.43040615475
8.0202470622
7.35600836261
29.5219771762
10.0887881351
4.29238759089
3.96303675525
25.9481572629
9.77899781109
15.6093600923
2.15262269096
0.46229247083
5.0536671202
16.2170483725
47.6719831893
9.22806261127
0.286626607769
2.64079286684
0.203724537347
3.53761801244
6.97318536418
67.209487884
0.474294916038
25.0676721444
25.0836953221
14.2592644955
13.1645044072
50.8525639481
8.40849368445
4.52076445396
47.6066815298
15.346803283
8.03787479616
16.2529613449
11.3664518472
5.31486302402
15.2639867218
3.82853938355
7.52714786619
9.22621061213
8.65938886065
25.9335240895
13.2476606035
0.618094733416
4.76698778995
11.7472755242
3.65615783055
25.2366864681
11.3787403627
6.79864016879
1.65591428566
2.84279403859
5.52031861812
35.8236647261
11.9243240353
9.27443666999
22.383173997
7.01732445336
9.52357051211
68.3621171103
6.57194912302
17.7506856877
23.0568400645
22.0019853648
24.8555354093
2.26292708089
12.7883291747
1.35582052048
7.29063328716
7.39436961697
32.9712671752
12.7162477301
41.3558672247
3.82972786131
20.2361768038
19.9681180856
26.7985228766
58.6109175607
73.5908445369
10.7683195423
13.6438462111
5.14041286328
2.2623695574
3.70008084516
17.4171272048
8.71610077165
17.7846777134
20.2336211254
0.216892573097
40.6783449687
2.20342783286
14.2903310542
1.58825638927
25.2677419703
8.26718504669
18.225977702
0.508789715578
16.227454792
8.28722805539
0.89329478025
13.1453900044
2.73812391603
25.8021200797
14.9587547933
8.62548381341
3.94741445607
6.17625842316
36.1315467349
35.9605583714
29.0177069722
21.0152937675
21.4869355968
24.3042686485
13.8378948339
45.4753308862
41.8154905083
1.55410450439
2.04204214185
2.96709356191
2.74880657493
23.1905152018
6.71733600615
7.49759754696
