19.8194612932
8.70441943706
17.3854283661
3.19657950532
9.87770136704
21.9603908176
10.8484152569
14.8263882629
3.6436265889
36.3543119968
1.87853985279
31.8983209624
4.6630927213
2.88600242814
0.710024706132
5.94869475816
8.88807730948
46.0270283606
19.9066159572
38.0390759832
26.0014389475
4.9663730525
2.97439506625
13.6394961521
25.7260519213
4.68492828512
9.00979088202
3.9212506353
0.335608607599
8.97981711091
10.7488306527
1.79092377471
43.4341751588
6.09786690851
3.92177489497
2.37942764878
49.7353765214
17.3435833401
0.432333776931
3.16248349526
1.11420743163
1.66869184233
10.7066829784
23.6277021243
9.65117465584
9.88012954361
10.7518048095
1.43559183493
2.28124218863
24.4502531541
22.9085617197
0.148633296786
1.54236623809
26.481375939
6.015189888
2.31498433062
5.99131203018
7.59891406784
3.36774664661
12.0306601643
6.51631940957
1.32891835217
27.6654975103
0.368695572391
6.2076071759
21.5831368064
46.5110275329
67.4541905652
5.63806795905
1.67883911518
7.58663141819
0.738205371197
33.5309159846
32.2033082825
1.88555476949
37.2116553944
15.0409730013
4.37832598121
3.10953002853
26.4688686893
1.94425863903
49.7280168585
1.80797314788
2.06748963283
4.1062491418
2.3422881353
10.2852052171
0.85918430451
3.44014326448
10.0952191571
1.27219083395
45.5436163262
1.83953132179
1.66729956272
9.47192120787
6.3532046217
5.43212205953
4.97157605094
6.86678054012
18.2430847647
13.8408355176
4.90268327057
3.6875641892
5.50304910122
29.4687558742
3.38484711155
40.9919961604
14.3308175115
21.5085893469
4.04553831165
27.6256941239
9.05996322969
9.59094397739
8.5235383412
1.68517956924
4.01007515922
4.32084427755
1.36166917998
23.6341197063
1.53636801629
14.4269010554
22.1022677226
4.39097002901
8.73418306819
5.09574706855
35.1017905174
16.0543037543
3.85162127831
12.4982589261
13.1666982792
7.00053677329
8.26547760795
61.5209032806
4.27249511276
34.4859888215
5.47752576322
23.9478146759
3.79787262977
3.85582794171
0.128450174953
6.62088297731
12.1068842692
10.0021018908
17.6417795403
1.56987607858
0.798965575039
6.06871231331
13.8907313374
21.4644331827
15.808004603
0.514775244537
19.9081974947
17.5695128032
25.285093628
24.0113430491
77.2398136573
17.5458526748
1.38742908138
19.7932007679
10.1358709306
15.6475953832
13.1365429035
8.63960748621
19.2489623971
79.3666068792
8.95153257548
9.55565231463
3.61825146276
42.6337725284
21.7043117121
13.7420976925
0.25297559508
1.17092247743
12.9260188744
38.1522761527
10.6057445383
21.9267639201
3.74951438681
4.63391036225
14.0749684711
8.80787277003
9.96764288018
1.41654083691
11.1185449646
0.387489511335
0.78357995804
48.7129902558
17.8482932155
20.0171414926
0.0976324577756
2.8438432199
24.253376526
17.1147137501
2.04340280576
29.5304147152
0.913614990761
6.35724080413
19.3087398403
3.64421429665
12.6808418604
8.04435973929
8.74852407668
9.23203458448
39.6413126571
4.74633086571
32.6040546012
17.4711109385
5.61428302595
22.3276197484
19.5688790988
10.2981941837
8.6785003384
7.43859893071
48.7790497535
5.93170480435
25.312866715
29.221584505
14.6519384612
8.11503970105
7.35159966228
6.43606799141
13.7319449831
3.19398812619
8.67963640983
9.51611363724
1.2200111471
4.51290527739
3.13897528646
16.403266289
12.0998117798
4.77163706973
2.31168907562
5.79908694637
35.2798562952
31.7921051845
0.841504155923
8.5679097508
21.238998213
3.83464357319
20.7116364985
49.0714282278
15.6429700369
21.1491414292
0.618480976162
14.9645182427
3.22710199586
1.23394673303
10.6381500552
2.61933467807
3.99699439791
3.75490807396
4.73669587825
2.99365783281
4.85709876304
7.21303347487
3.31321343743
20.3356941164
7.60006257601
1.06160926685
8.32443059311
2.98013262364
0.00327893399006
1.91057691376
50.3730603368
1.86670701387
11.3012827562
63.3884471202
6.91613379767
25.1831616982
45.318820674
14.2861705292
18.27829357
1.85442964632
5.55903237238
20.8391503491
10.2132527445
13.8055869003
38.930865618
3.21890999588
11.3518276408
11.1430251711
5.43505966461
5.97363836871
20.2849376824
20.9380553408
2.74055436794
45.8769603073
2.72486979427
5.14645399396
24.5089644762
14.5621919408
19.7466589956
16.1255919364
11.8823623391
0.198556203497
14.8588307052
2.09065082773
5.38860670163
5.02201436613
46.5643296089
