46.1031420927
2.49173726269
6.28737821612
55.5158590031
3.88089998319
39.3081919093
4.36928027828
31.1826222696
88.0060584651
42.8179681819
4.93438755275
14.7572897768
6.76178882817
8.76122541771
0.636478409452
5.64290796639
9.74028084795
44.9511774954
10.9546152954
9.6094580007
8.39612700366
20.5839831992
14.9333209864
16.1794259165
6.32729198368
11.0142761179
3.29112895454
5.26837774965
29.5400059244
21.8042602305
13.4448593114
8.84016188292
54.2173232849
27.286185409
7.09178165745
0.0787624826943
3.24957290591
4.48318821867
47.5641908425
18.2082077106
0.766167558185
8.88832765829
0.930727575663
8.17561551046
43.4206187932
100.764366361
5.4736766876
1.22097642605
5.50863913789
11.1897211832
2.43069234944
32.9071743664
3.61886256072
39.6698278398
13.7795748351
2.30349754545
9.17536024457
1.11067708072
5.77605677135
14.6963627163
27.8241437267
1.96236786496
5.36228424743
13.346805993
8.70532386415
12.6234176785
1.45425081102
21.6668012223
18.6417451686
15.537657467
35.9324216075
1.04907226559
14.399649451
18.6182768212
42.5307680859
0.770038096878
40.5747525361
7.01376338306
56.9613866584
13.9634040973
6.5129617843
32.5533900614
39.5355251348
67.8219322385
96.3533282342
0.522833306364
36.1789902253
14.8249963193
4.26297550479
13.7850058407
11.836447908
17.4528975968
4.41327200937
9.91579924788
0.894483433824
0.0256271309067
33.1936997418
22.7405977584
18.5752027823
5.49909184514
5.02173422467
29.4318580424
0.239315128449
7.29236209598
2.92566248949
15.5715661042
7.45876985849
5.37109888196
0.113866500532
10.0843165701
2.14626988553
5.31366385265
19.5676065325
23.3834924516
6.10316508108
84.3244795773
12.8553935578
9.41897098077
3.31369586376
16.0242975402
10.6914892852
5.75613872426
15.3000528984
5.84308552005
4.64406080486
29.5210493664
10.7572694953
15.9536437724
2.89596405388
3.93336811918
14.5143113351
3.55929525657
28.473080809
23.9981323866
13.8616610556
16.524689106
3.93643530275
6.60534722158
7.10115980202
26.5630430779
23.4019288636
51.7240957154
1.64040053131
38.1892443503
30.6172518535
10.5889673866
2.05837578354
10.5192526711
49.9410636363
20.3524635888
2.62568051642
8.54675126949
6.79326136772
4.3677882739
5.63113027145
21.2788285188
7.16746345284
7.22603127001
5.40370043127
26.6184088324
7.91318062938
54.1026366803
28.8169615339
24.384957213
9.9126701569
47.8120237821
8.43122648805
9.17972481942
14.2199941682
39.2720922965
0.392820811649
5.20217622981
10.2233404797
13.3475011896
23.2370436554
14.6558888898
21.3202781739
15.6168357565
16.1614084152
4.96850482905
12.312130667
0.247678567463
13.0714028956
1.32634017603
5.30715901576
22.7081711359
0.190400060267
5.81334556048
7.01951106288
5.70138936768
2.84982919626
19.7302094479
0.471367686123
23.825566638
34.5255600389
5.51995214271
31.0292351594
16.2651857456
20.5989247717
32.1547843324
1.68035021792
18.7133640216
68.2838194032
1.87056946445
7.74753432528
3.29322126508
22.4154164689
0.541207179043
8.08409457779
1.55394917926
7.37261734557
7.77937412231
17.2110754313
50.3552797189
29.9944936481
2.0918651108
4.74059390967
39.0012524721
5.02607359834
28.6235530667
0.491051894385
0.496111242203
0.0365451636633
9.71828081471
4.14283665075
8.55721502677
1.08965225205
19.3966123204
6.35976693016
23.4000970757
8.68976579086
0.0217895828351
13.246259726
2.35746128054
1.17649504375
13.6449115322
23.1742335405
10.1748496731
2.20903700455
10.1936030256
13.4677784197
0.679221352576
11.3450884805
7.31854910857
0.946530995465
19.8783500039
12.7876471838
26.4471445144
11.0210138635
2.37719227373
27.6357731057
16.9119096177
0.103438606035
11.0054077847
16.1885459986
5.4491472763
6.71905523009
23.0009621044
9.03150572406
13.1879537111
2.83585356829
28.2588733892
9.73620626454
2.67995885978
46.713096631
5.0077730207
4.50697291379
4.62190108846
0.142109653627
3.05875084094
15.2531968872
7.16168738226
1.03815124036
30.9533511879
3.42234127465
26.5645897773
6.62437760211
13.2765607231
8.1506562796
7.99626494739
3.19237700028
12.7914021035
13.1398088064
13.7147239089
13.5198994846
14.2213711754
22.94798894
12.5249598287
1.60443769555
15.2590269037
7.92184396158
0.242461801694
6.51040863894
4.22069509603
20.6808976027
8.73181236743
30.6209832447
12.5996735092
35.5777904943
15.2149546676
