3.41834254289
3.36821788268
1.37603002061
0.454078185216
55.6678513681
8.86475375908
53.1798133024
1.65805270103
3.43217897148
14.2644060246
6.7700057632
20.5692718285
0.783357460176
3.12271575722
2.59285778258
11.1168271249
24.552532802
31.6418363103
4.4026649216
3.76702240061
10.069581113
10.0780273668
0.409029303822
2.68125926142
83.4947546968
0.773041256707
5.68563368647
18.6735953022
11.883028324
6.54234782835
14.6931520221
30.5306632807
33.2576705078
1.87367959672
22.2381046024
19.8352402754
52.3128631077
0.189182806351
17.9241264374
2.31385777963
22.8473799091
6.65683814345
12.5303321095
40.7127474776
42.2599984802
6.68186315684
1.72290878483
1.53658646896
4.16998241204
3.52741232643
41.7311989919
3.02804135121
16.0364405729
2.48928378303
0.766402459509
11.2205647593
17.1673503563
39.2744558792
21.3548890828
14.8103636816
10.4398749912
36.5695410643
26.3342542156
11.1186161008
19.8983647404
35.8944617457
10.6457198389
17.8849545241
2.57594090839
12.3223327534
0.850329024924
8.11691113965
33.0690487507
12.666827334
3.54071284147
8.87096220715
1.7806297513
19.6625993878
5.28556853007
7.55491469205
18.8144920029
23.5885012962
3.05820673291
12.137653307
22.3943415817
16.6591109155
4.81600004718
16.9093849646
11.9568238592
10.4735686157
11.0951631195
6.08289125548
15.3859398069
10.7668979006
13.3884077157
2.15830316354
1.14538418267
16.7705660725
10.408897817
12.5409787731
5.73056197172
6.60945195084
6.49431676093
45.5643115096
11.9072800795
31.4315801974
1.18954379051
18.666913189
56.8993854633
21.8605964962
8.62577287416
25.5399719642
11.5598680765
24.4439910882
1.01974847871
1.33781247512
4.12564148212
29.7279435388
2.742604287
6.58191155786
29.0240933951
11.0713563715
47.124840816
43.1359370218
9.98949114031
48.7639263169
29.8770584513
19.4479884325
1.41866600001
6.17787544412
22.3851578584
1.15593964441
8.51353831074
3.70596024447
0.848083081947
0.434545215458
5.03206838541
21.8386706086
1.90418452887
19.0142184425
10.8433170322
17.2857638699
18.7672333667
22.8376786988
0.626451026263
37.9410593256
0.3734715146
2.5169399811
3.49144069512
15.8557586672
3.03455504504
5.56301899663
50.8083320365
0.682756014842
9.44317486363
0.892446409197
12.1752954536
3.89943787308
24.5458936649
0.474921422891
10.3498490322
6.78950268314
27.4415486426
10.8389340654
18.9272862365
2.14720061744
22.685849272
0.550492993086
9.0814818336
19.302723766
14.1166971535
3.43321904334
13.5373886443
5.97168457849
4.61344326106
4.85251200881
1.19665136971
3.97611443071
7.78995975392
3.67188702071
27.4319365608
11.1174617908
17.8696743883
28.38029724
4.18942239699
6.19474295564
13.912493622
6.52372938746
1.93427693553
19.6960106959
5.95812717464
3.74383601258
6.2902208817
39.1936828723
31.0141685601
9.93120925454
4.60286502015
10.1932987145
2.3936854112
30.0566646417
15.4127560911
6.60053828662
1.36788600708
11.613796688
4.18052313316
10.130237033
20.1978648489
10.6139097493
1.78130241405
4.02553416676
6.81135632995
29.8230526378
4.19803434067
3.67326425657
4.68250706683
3.31477883387
0.068043364811
16.7984133367
4.22825014857
19.2645862891
50.2379901417
1.93794688117
7.54650390622
6.22171799708
17.8149421255
11.6592744031
0.000921372267329
0.521095627825
15.7754878894
57.9283138758
4.37069974191
12.6246634584
6.73429448875
3.67910977051
23.1913895775
6.99844788557
4.04002866198
2.62122133409
11.7884914308
30.739062641
0.0921165614747
34.2713041695
14.0911999015
13.1394990491
6.77068737575
20.4608009527
36.8307226733
20.9663197064
12.511581297
20.2241053162
11.8402727047
30.4436077026
2.93030764526
8.99186335624
3.45203294392
14.6934700191
13.7883317488
17.2846417914
51.1767263841
3.15309085146
21.6253985519
8.12319485268
2.40886151624
24.0029112343
46.7160858953
5.31459820076
22.7860019337
30.2799154314
21.4445349152
3.48200339108
25.8268132459
7.90876549368
3.03298592683
4.04687025573
18.1888722565
2.32012175139
20.5447711473
17.1534429641
0.475309721465
1.69897763447
0.29101027272
62.2928857733
1.30919264795
9.00978535304
27.8741126367
10.6485349681
1.14888492189
15.9579272574
39.2716365316
4.60284294189
14.2688816635
9.2255376325
15.6038517627
18.4927130194
7.06493270594
20.1659515348
38.564894374
4.23517249335
7.26092917069
24.264021415
