3.46490322523
8.91172309748
36.5067779529
4.95945474703
2.29344469654
26.490225045
5.54634080061
1.16306882681
33.5194497553
37.0965609379
11.0036801348
14.574298638
17.9390856662
18.2672918239
0.320420132885
27.9288261622
18.7197658863
36.2350292658
43.8146313143
14.8058507406
13.97437375
3.73668131243
7.11465747753
6.5554256135
2.01154898987
3.0347858071
14.2965626904
34.2025134906
11.9627037078
10.1475088334
4.80365225862
17.8469256541
10.6357325184
0.490886689433
0.488049821565
10.2663655563
13.1762677831
18.261667671
4.39914758657
3.31250047555
6.22783756729
6.22789714387
7.71186403014
8.33508364318
22.7937583922
35.7075309443
7.32572013689
19.6577819702
22.4915454334
1.91569379385
1.613749343
89.9473671719
30.0778072232
7.4498875131
7.06421611933
11.6696741889
0.461195642487
24.9938875537
47.8254401682
1.1166377542
13.6018065891
1.4671722902
4.60402490845
2.40977697003
22.0187313559
6.79918852223
33.7913023892
26.8493888538
3.76517790572
37.1983004452
3.52013876838
13.5014099701
29.9767950614
17.2867144197
31.2749387589
1.32637584034
3.17406651371
7.16021106391
0.011738301571
9.87298249851
18.7420547536
56.8276934583
5.8696117048
37.5213862219
13.385823464
14.1823125385
21.87823558
25.1801481209
22.8420398681
5.04227362487
13.5568123671
16.8004202995
3.97116516763
16.3438074823
5.88055761204
32.1298512071
9.88836222989
5.93358387499
5.58064177406
28.6332682073
7.19386626245
5.24000107389
3.87689001913
2.03557070948
56.9761783719
25.7509120983
11.9902623154
24.6154213268
28.6560340872
0.964464148823
18.1053825595
9.02843012845
3.49238894339
0.586897569625
0.39105678112
17.2593698737
3.38188001003
16.6186281538
7.42143050663
13.9895335899
5.38809153962
17.031784431
0.505285053448
2.87834537735
20.4359150686
36.191316895
10.1337032801
36.9451985204
8.63840833971
5.47976165526
23.820545775
3.58874476302
5.0293753315
19.6430414007
13.9092035153
21.7008882194
1.98994115829
13.9055260797
15.8871763659
15.1430549741
2.02058924342
52.3403566235
58.7310286734
10.0912670686
17.5628311467
6.66393876075
8.65743762569
11.1800852326
26.2575717711
14.9284876552
7.94180480208
3.15893606184
23.4846777217
23.1587552319
11.5945472623
12.4918264601
22.612855755
20.9031101643
16.5165293569
4.63232716494
4.33138719347
20.3822588088
0.429557634025
50.5748373019
15.5817193762
1.18656935012
5.0522010056
20.0895432669
3.16554018833
12.8922722948
2.44564865971
19.5014311506
5.6288768557
1.92006262764
0.965392896311
0.137671041044
9.28896109838
23.7738254679
12.0198075473
25.1651901749
7.13972839058
68.5113055968
44.9476078644
4.2149586703
2.66595941287
2.97069308915
13.8513237735
3.14993078623
0.418229959759
13.1632869998
0.0569737040759
15.0455774601
1.84495405786
4.34701873341
13.1278571043
0.0528007159863
14.3094156086
2.65780054708
10.0562808886
15.0279420591
6.90627645616
18.7463793586
26.0005566247
7.2323102645
6.81418312585
4.9704785548
12.9664281818
7.96523313983
10.8918727313
15.5722380358
4.74991922872
4.66533140583
11.8289179892
16.8927819932
0.344194184209
2.26624446822
31.188658754
19.2301464722
1.82892685985
8.59757301621
8.25689919369
7.26551015219
34.18927477
8.69829605681
98.2274644316
5.70627403463
2.91420644397
6.13748186029
0.949879904527
10.9925985462
14.1422954275
14.9209477063
1.19452879042
15.1476494028
1.81588588623
3.4953192008
2.99427408229
7.8024407585
0.785951837493
4.05847009999
8.17414098201
2.31398754712
32.7431105248
1.75826895142
5.57814522169
19.3204782831
14.4673070211
36.8978492557
35.6346626187
5.53766589819
0.383034315153
4.60038496865
10.9067721406
2.5475290505
31.7795820155
6.49604045518
9.01510603863
22.9999558255
7.55835445514
7.00373247103
17.49371126
27.0169849334
108.355401927
6.55893018274
7.36126268651
2.00091213168
32.2012616086
18.386685275
2.06972724122
7.5695171532
3.63824363655
16.2637436952
7.1456027674
40.7740093621
1.15870927335
12.5142598647
2.94917293648
25.3579901421
20.7473881727
19.8453053721
27.347272183
10.8165122951
2.62470669282
11.9377809123
2.82876424483
32.4897999933
16.5260772892
5.62241373832
22.1409948841
1.559421141
15.5012374831
4.07934756514
7.0776224861
20.5781708477
27.8661938802
11.00619245
0.367275484783
7.12370331789
45.6601822021
0.622464100335
