9.90005972614
20.4020225176
14.2034458536
25.9017501571
13.4487808591
8.14546203099
1.51107048612
6.38533830601
10.991622638
24.3695911759
35.685395387
2.45819309038
8.48619165099
2.9702841336
10.0717127059
10.8446929555
18.5562596806
18.6157589842
16.2274159838
19.2501864985
16.7676341332
16.9891158509
6.75326316719
1.22610088656
38.1965481302
10.3067418305
20.173294304
29.3191198091
11.639581732
22.4657060081
13.3084847488
7.19832153058
9.7100991284
29.8679826407
17.3380306109
3.19087669264
17.678485475
12.5940212561
42.4777379777
33.3909347688
14.5455341156
24.6347175508
24.6134748292
11.3106072811
37.5432511824
14.2271402395
21.5252005968
2.61450558222
2.88713242026
4.88156857931
2.6487908939
5.48896737075
6.73749462554
5.51250501887
15.4503381155
12.3850581113
4.67034319334
18.0190090027
15.2377735268
7.28562486679
14.1709969656
28.3773192666
16.9817527774
12.0514020347
0.09502919348
16.3704571095
3.4362322627
21.5936128237
4.31317735542
6.57050498888
10.0912857288
5.79453177961
1.47254725218
0.0611448836037
0.507967502285
1.25621436605
47.2299318382
56.2192197313
3.46542311727
15.4916460307
12.1939516456
6.51269743127
0.922715317092
25.84810315
0.932505523004
3.58895517574
18.1868730417
7.26796362383
25.1352599015
1.98167666073
4.88100221417
5.40986868308
6.71805367846
25.0160233812
3.06522665306
9.44012033705
25.8269704976
9.20161972293
9.93644936212
5.1140196386
2.60870865021
7.65894222396
23.0404162421
31.0317249007
38.507358106
44.4464412688
17.3017232075
1.90580366687
8.07248317601
7.59716956909
47.9995284268
0.223644392442
2.76470881551
11.7561053227
19.2884290292
17.2438518698
7.33727275043
34.9440904721
1.85550182399
16.7905680661
3.28652724322
11.4827671529
17.5398765478
37.4650948264
6.30936419993
39.6154065189
19.7738026962
8.31885359132
17.9187603314
32.5339909602
7.73933095602
20.6497395379
25.7886215796
11.6073994683
13.0060664823
32.4741320545
5.51999053446
20.307604551
1.89193961932
5.04549533702
26.3798854432
27.3500488456
0.653352517438
1.01634722
30.2595357587
0.783645851907
0.930833754483
6.63156950486
16.6081231362
6.41619787559
21.2159967325
2.32745355592
36.5808169494
6.42461189353
25.8576286437
1.11609718346
53.6899470739
5.60917677931
5.95966300209
1.73705891677
4.13017641541
18.1384182881
20.256053789
6.43842877299
60.8117725548
1.6198317981
9.41293662194
9.88086414582
23.3563707924
15.9894209606
66.31219842
24.3506263344
10.5793214258
0.449918278053
8.81868661728
22.5099503161
1.2934387622
8.4902351895
16.7348479834
14.5712487108
6.90937970324
26.3294191629
6.28714903702
5.10370187999
4.08558111215
6.18132926019
14.1277515704
31.8375779281
5.55949568829
10.9425488949
8.79784291406
30.0399267712
25.7798438369
1.26880229524
15.18946243
0.701259367113
49.6725993013
2.58901241901
31.8684936338
25.1481866043
2.77164248511
13.7295012199
9.82282338763
46.9056910783
7.11470974804
1.61631547157
8.26142186914
20.3847927596
21.7444674375
0.811464174539
4.74733491156
1.43633637629
1.55673416239
18.3088398241
15.0497086397
8.28445793523
8.86207638694
0.00175977580667
1.99632003354
0.607293874512
9.45422920413
0.173963423769
16.9004035036
69.1435937157
29.7526794849
8.1594768895
31.0865846786
12.6907184823
22.287766664
2.92537488029
13.2399583486
33.0762696525
4.58432720676
7.78711314826
17.4045533507
2.76149422741
22.9356886926
3.83906196908
1.9005092888
5.9209485012
9.08273404372
11.7038180983
68.0617271073
9.5347622921
3.15674995447
1.61577384377
30.1924786256
64.2303908447
8.95980549363
81.8298877286
17.9111198969
40.603445389
4.81233308709
24.4106878224
38.0691404222
20.0460992001
5.10231705071
15.1002948181
14.3700611782
4.92579975318
19.6834185023
15.2019011841
20.9299660542
1.66781027785
9.45941350417
2.57257977805
22.6576422782
37.1638030468
8.3405587375
20.0254482974
12.7209952064
22.0051874693
10.5896308519
20.318800484
3.68994525114
21.06044329
28.6956794726
8.81842700269
10.0951846593
6.15135657299
40.2913412912
20.3715262533
55.2879909177
19.0900487314
16.5760064825
0.0654344155519
50.8714894263
10.8363384932
6.49215628629
5.63249730434
5.90179182328
2.29716239665
9.022218322
15.3144816308
38.1982989674
35.6482940261
5.23315899614
2.60690353518
8.04589825215
5.26110626549
