0.799560610168
4.0417106016
1.55783458066
1.62624180385
5.3849400021
35.9873660298
10.5067190064
2.44651275906
5.51582993953
12.0332244503
4.59003921867
18.6291969304
4.18850050819
4.28887345843
47.8450112166
8.31375289029
5.05002565555
15.3734885215
21.0757330298
12.1865650167
7.59155587528
5.19994359443
5.11376482302
10.4975538953
1.1615614136
5.32972848635
19.3791705549
3.06742889348
17.8376865189
4.66670060303
6.36502929886
10.9475177257
7.63192917405
27.5737473176
17.4073719067
13.6083624364
3.8181009711
9.5630088666
1.15920286245
5.3358676959
1.56463151877
5.34678731541
11.1415467715
1.84652667463
68.9489322721
4.30918488109
11.0156847151
11.4448716364
8.41080892995
9.85596927876
8.84172565748
48.8546394051
20.8955358554
10.4729690316
1.01432733998
33.0033059055
3.23096436292
13.8406233962
4.47829367791
20.12148675
4.93366856033
15.9254026749
2.80345478746
4.51707047177
14.527904213
0.312197578001
12.7643466012
7.05471101999
37.4606445098
4.0017656163
12.860804813
10.2807146173
0.43191985762
20.921749635
1.66883033859
3.5594508164
5.39691643969
24.0174790547
4.30800205673
0.391271922823
30.4447245319
50.8516555217
17.1207538265
46.8003202997
45.8593551572
22.328386812
1.60887221228
7.32083610703
52.2812186699
14.2427841548
17.4479964523
19.3573455868
1.46304156154
9.55099253912
3.92771490011
27.171598395
0.171524211875
3.29641804981
1.26820417768
39.3484407673
10.3858841538
1.38582889644
41.2037618481
1.90847709891
8.67530615107
18.0557656878
3.25363624882
0.712413109714
6.60128071063
13.331772071
28.9315316645
5.02733345047
34.9899805739
0.821572330079
35.3503143156
25.3344956192
10.4217256149
6.526564208
27.6223667052
4.29215226981
22.6297914894
19.0935704687
4.33002328912
5.71144234152
19.9544219289
8.42916003063
14.2287701282
5.59608726912
29.0647430616
18.0068018443
40.3957489021
5.85867595066
1.64522062044
6.44934504287
16.0516751851
28.9284691677
22.4031383487
24.8535206386
34.6554706315
26.1945821728
14.1691955315
25.4382669237
1.03999318932
9.41938957194
1.26863023915
18.5083751506
4.48029739696
43.3967703382
2.57896549134
12.1285926188
18.8259341545
4.1731115998
52.5492520816
40.6945236108
27.3989253009
14.5621344004
6.18062541533
70.0809025045
3.85386839806
12.894325507
17.2440638155
21.7281901931
11.1674025632
5.96895228486
11.7660419168
1.57769467191
21.442799248
5.77673476439
33.3042869712
5.02672886073
19.3434142773
70.0042867048
5.31667828831
30.258789344
0.437187003505
18.8334427613
6.87794163577
5.64439412995
10.9925638599
27.3839542544
3.53259680457
5.34745982214
28.5827101599
10.3499768398
7.20602633363
13.2786862315
4.90906430334
27.5870158262
2.54807674705
9.31018840075
2.24478448154
6.47119302902
7.08304271985
12.7328159376
17.0598628174
3.27114918371
14.4289146657
43.7950242713
9.52704428441
0.15283650256
3.48683828037
14.9851894651
8.9178034362
8.1152414776
5.28741536283
44.2791805142
8.92795238807
2.19356751188
26.0002548595
17.5132251136
0.765202001285
0.78168639104
18.4229817857
1.17418814013
7.52384871599
6.87875129652
3.96323235447
11.2473797672
60.6442441805
5.47937765035
44.3786819617
51.6957980201
24.4824531746
8.96833660451
13.0446163425
27.6858810183
40.8897054275
24.5930167289
36.6405750877
9.3614847149
15.0860192145
5.54482393146
3.03738474848
17.5122721012
12.0187209883
37.8343452343
4.08747259931
6.52675031433
4.74203792972
3.95125981626
13.7930735957
6.11214325729
7.00413563805
5.37765066406
0.716850567176
55.8036044419
20.2614846533
53.0749146997
6.13346326195
15.7938076968
36.8418731247
15.1334614469
4.86403859175
6.91411567844
1.53780671024
6.71168498921
0.817555381615
7.54013941547
17.0176465332
24.3687605439
34.9892838582
4.02263511659
18.8223829255
17.5663042735
2.21167704585
0.981615306989
23.683121384
29.8939608396
20.0380394409
5.86950491983
6.63857161198
28.7849297571
17.6601812207
64.6282534832
25.6805491428
45.1380023811
3.34254620622
12.7457560549
8.25687242496
3.13217325567
26.0469318337
8.14849833746
4.4457965196
8.50034544369
3.67923644053
26.7419813836
0.89292565882
8.06668841138
12.080047933
19.0910667911
1.2538503427
26.230262163
19.4526896469
50.2295982029
28.1135347021
4.2817336444
7.75806537171
18.3507574857
55.7190670301
3.3312034238
