26.6627352803
8.26802432802
79.8203911723
17.9464851394
40.876443704
2.64276239375
29.8688387615
36.1476719312
8.40362030186
34.2028442399
7.3029038933
2.33424600953
35.8581769943
5.03916606526
11.5363978747
9.50102360033
1.76594407037
8.04020607036
0.908650088087
4.02712977016
11.5591496309
4.79896190556
11.7834082603
3.7746583183
35.7616609409
5.98289981645
7.57286578621
7.24911308219
43.2434130267
28.3167192037
0.861816540927
0.159822690689
129.280869265
2.4859037218
0.145947691227
8.71866201993
2.93210843582
0.139728657417
23.027626875
34.7518402862
19.0486337554
1.73665915945
19.0832400946
5.06393041034
2.21625313893
19.8221986413
3.21980766107
11.7137941502
63.8334481853
9.56888956638
65.3538379099
10.2653662657
3.39040297065
4.61222563264
19.1954889087
10.7551791642
0.574834025801
19.9333858082
1.85267124232
12.9216337257
8.65665091068
12.4030688216
45.3176841135
18.6420587799
17.1949540015
14.682681807
29.4027050884
19.8710040986
30.3946797748
25.036263989
4.37821233801
2.54388790948
0.181068805681
15.3518297632
5.37237297706
0.958247685
8.72653715043
10.8645315842
33.1692769822
4.89468040126
45.4459138892
24.0144973881
0.296508555604
15.7131389987
6.12879283992
9.2995751349
17.9993635099
38.8389709818
11.7182408489
2.89374999675
10.0734892406
2.67905500754
15.7717189883
7.45440896539
3.66639203153
0.912560147941
10.3958498266
7.21117184207
2.67997632851
36.8411241059
17.5783672713
16.6206186741
13.5671997238
3.8714830692
14.0232319325
3.07679515366
9.36071736938
6.39447997919
6.46025714013
20.0774555905
10.5159168302
14.2067487539
4.39681666753
20.5791036779
0.797695338773
5.24134756792
6.59375068672
1.6274041395
27.6265883889
14.6021634336
0.829613078999
4.69683312475
14.7223953855
3.22034334782
3.15595752246
1.20107432287
12.270983068
3.73428178896
13.4169633017
36.1393621143
16.5703635689
25.8776576855
5.62346929241
3.67630077015
1.23555329685
13.3433193194
18.4528429867
14.6441614664
58.7363368336
1.51377576341
6.14763872343
6.03878445394
60.378020195
20.5777560276
0.977591801707
10.4066516347
8.27437776093
12.8043983529
34.996050823
0.179502098809
47.0204328671
0.194941711545
0.600890153971
5.21149280079
9.81766803304
4.87901233314
0.820942131907
4.58184266272
14.9849123114
4.88613749545
3.62090061093
2.62731261635
5.7405796436
29.1426170981
0.910154656099
0.314034496086
5.73752784261
9.16460658492
27.9485237287
29.9815739042
1.48730624195
0.993186945268
23.1878552073
9.11025092057
8.13588721715
22.8315633942
24.3256580438
10.5187163904
27.0424442257
22.2558670075
17.1956973745
5.36588942893
12.6891603476
6.21251244234
5.45998632879
5.74703602399
0.822405288405
3.80298555833
4.59446004955
2.99049070334
42.6634508249
26.3405686612
1.20597877506
21.8423610005
0.938553467063
2.82728843161
2.07723373479
30.7767976939
12.5195429501
19.5055673733
32.6622063871
22.2504229252
4.48285531326
8.04565795845
45.5099738834
0.752659296835
27.7736275392
59.9919155725
6.67123857488
6.54263243212
36.6158486474
1.75802557097
19.3283652267
5.53273943717
18.1775880289
1.61138797147
21.6126051048
1.1493841018
8.92688765449
2.24677997646
11.6833349467
2.93523548802
21.1882300144
3.78594357446
18.4858944521
13.4194371237
0.502456603239
26.39021454
4.19291408259
10.2010704451
18.1582225261
9.06630944284
7.67934763362
48.8308821471
17.4352523313
25.0775001551
8.82373150071
25.1290762906
23.4585831038
14.1375193929
1.08578741722
1.8042178249
5.93795349038
47.6417057266
31.2568712519
9.42040621408
5.99982697346
3.92717087618
15.5318435053
33.1876374171
11.8819743002
19.0326995547
4.76160446999
15.8265290559
15.2273350345
11.6308330769
5.81615672891
5.05577011219
33.5314741475
27.7178845725
3.48738792119
2.0245432751
2.90892595742
4.56613792658
22.4462713687
5.73595050887
10.9512332419
2.43902538394
30.5533785154
44.1850630964
2.90343668696
12.8204885605
8.5656702646
49.0405232983
5.18921863096
31.8881067776
2.3175305888
11.7184642286
12.5853171317
7.33212565809
17.9662409271
10.7920823463
23.2421969885
52.1533736222
12.326497451
1.05860755339
3.30342544501
67.6762142154
16.8942757384
15.3558673039
22.4743508886
2.16511171121
22.4713581736
40.7978286062
0.545775368892
8.34652330003
1.27422384662
3.00936697601
14.500372423
0.724296784102
