16.8568124427
0.750006167049
1.31896582673
17.1770929413
10.363381716
7.82451390154
16.0526374257
7.78350925449
47.8044634955
32.6453213594
31.9613001696
21.9471291415
6.03773776591
15.3709593105
3.26490569577
13.8104671917
42.3838611523
4.44657609634
4.41404931916
0.103648797536
6.43397171412
7.26107509712
3.75614560801
15.0907739959
0.23012588108
5.90248737304
15.6380118574
2.27213659131
30.0876090785
16.3298751561
11.7395514439
17.0249947238
4.68109744382
0.150625366103
0.429973809545
3.19486552038
1.11582722837
0.0749262465254
1.78295227433
45.5982241288
4.34498591927
24.7389913934
1.94601652057
56.4248050599
33.5194969303
20.4027706775
11.6276737188
4.28070106074
4.67020691016
19.8955771251
14.8936674336
19.3034757031
3.99174497397
3.12536350156
11.3399927622
0.0501633560373
1.99230451221
9.60302581845
9.86050360401
23.9449005832
4.81622718144
6.89891688452
35.6132386952
17.4211570841
25.0563234019
0.268617596058
3.52796104532
36.4735225156
54.2704810196
20.9619183205
8.60348086905
58.1552838416
6.1775271964
7.51994667719
26.4290176876
8.53186112276
7.83657650841
6.41658755034
0.294635393058
30.779488923
3.34931319127
13.3728297788
11.0577514149
8.47759877705
0.468526986115
3.59953458651
19.8199058709
51.0774306591
39.0470942867
3.91150184008
15.6461918323
7.37166817078
29.9031681766
2.05913457028
4.92253808678
11.7403271209
32.6880923393
3.29763731784
42.1371348399
3.05594429768
8.4356071996
14.8445466568
8.91473781066
6.18383497043
8.81136339271
0.123148403706
11.709321618
6.42796901446
52.9597716923
8.30072170792
7.96036933037
1.2205056243
19.2090922369
3.21627457095
8.43827558451
15.3884667083
12.08014213
21.3723094809
25.8323796916
24.2140926245
5.1521479973
2.1896680292
11.1119543543
2.54299229699
16.8194027986
31.2899355419
19.6698906155
23.7457044735
1.13478179643
8.13979730125
2.6510754319
6.12044754957
15.661805107
28.3946296745
9.12274393119
6.53344526331
17.5720277511
9.97076258141
5.14019543763
8.62793766692
35.1309744764
2.44468682725
3.52254419469
30.3434012023
8.55643111222
12.4749043808
6.35337208236
30.5335792845
4.06292578647
10.6043398248
5.2504818138
11.7012951538
20.8009162276
18.2860530156
8.10280934491
71.6275712184
3.34286148711
12.515820834
12.899410451
29.0548951591
8.12517106225
4.59437938655
11.4948335651
0.14895607626
5.13031902695
12.4792520481
0.780062784635
0.779691643473
27.4549062277
0.513310335089
14.3548336606
10.4882600897
5.15327832099
23.2523362464
33.9329807277
18.796571264
5.66670971885
16.1965901033
15.0870588593
20.7540587861
0.744086904991
20.4944696114
31.597190371
12.3613631027
32.8043693627
14.692414212
6.8871040169
9.21958484212
22.4814077319
1.68376183289
29.7577255338
28.7362375023
4.30216788214
7.11560447231
35.6463627703
3.51481092724
18.2551683733
15.8675640654
9.7126015728
30.6809558309
32.460149195
24.6414398862
9.57008858728
10.666471338
53.0634655384
4.72166107498
3.40328969503
7.65879916844
6.40466838196
26.6905271741
3.93635153085
2.95667079879
21.4026216507
8.55226279519
54.2289344137
4.03663631265
24.7312647364
9.70861485487
12.3625723514
3.59275033611
15.5020752607
12.6683699542
14.754701462
5.49043006748
0.776639941347
81.1015891769
4.12586291389
4.2438132092
3.19759743319
7.55700193601
12.8639298711
7.82810367984
13.2150450774
9.34666592219
1.83031538802
7.79204687308
46.4649976508
17.9090734773
19.739719734
12.8460178836
4.11924370983
13.4059957479
17.5493541894
11.7621257777
6.89052838638
10.6882738684
4.16256138313
68.4068509446
1.94234367772
8.46116291868
5.82274724221
7.51204417391
50.4063125655
13.9852508655
13.7159072354
10.1296784453
23.3275544375
3.59399119142
19.9342894856
25.1229770945
10.074372265
10.0735923638
2.47509828206
21.0393199887
11.1905307634
7.57191973381
14.6163834574
21.7316045538
2.72145422953
33.9985061199
2.17873873068
9.61678921177
4.26459964106
1.1983915554
5.45156907225
6.03278354726
47.3706102712
14.4530703954
4.2576055769
17.4535641191
9.66819959894
23.1456098124
15.7196117387
3.51291502501
19.7790684889
2.12566529515
6.36767057633
1.93238039805
2.74919031843
0.145720644389
3.07735822001
45.6816053241
10.7371444565
4.11548455137
3.64856824153
26.8481398373
46.2686864039
11.950208578
1.78177186088
15.5998505297
